,日期,开盘,最高,最低,收盘,成交量,成交额,振幅,涨跌幅,涨跌额,换手率
0,1996-09-26,4.39,4.51,4.16,4.2,68246,60646576.0,15.15,81.82,1.89,29.37
1,1996-09-27,4.18,4.26,4.05,4.26,21393,18313138.0,5.0,1.43,0.06,9.21
2,1996-10-03,4.28,4.37,4.16,4.27,21105,18633718.0,4.93,0.23,0.01,9.08
3,1996-10-04,4.26,4.31,4.18,4.26,7914,6973042.0,3.04,-0.23,-0.01,3.41
4,1996-10-07,4.24,4.33,4.22,4.3,13159,11700715.0,2.58,0.94,0.04,5.66
5,1996-10-08,4.35,4.35,4.22,4.28,9071,8033042.5,3.02,-0.47,-0.02,3.9
6,1996-10-09,4.29,4.3,4.15,4.19,8708,7585288.5,3.5,-2.1,-0.09,3.75
7,1996-10-10,4.16,4.26,4.15,4.23,3525,3063302.75,2.63,0.95,0.04,1.52
8,1996-10-11,4.24,4.24,4.17,4.2,4996,4337674.0,1.65,-0.71,-0.03,2.15
9,1996-10-14,4.19,4.2,4.14,4.2,8987,7742949.5,1.43,0.0,0.0,3.87
10,1996-10-15,4.2,4.47,4.19,4.38,25864,23491246.0,6.67,4.29,0.18,11.13
11,1996-10-16,4.4,4.62,4.28,4.62,35903,33612704.0,7.76,5.48,0.24,15.45
12,1996-10-17,4.65,5.01,4.65,4.99,74108,77121168.0,7.79,8.01,0.37,31.89
13,1996-10-18,5.01,5.01,4.47,4.51,30696,30765580.0,10.82,-9.62,-0.48,13.21
14,1996-10-21,4.5,4.69,4.43,4.69,16598,15971053.0,5.76,3.99,0.18,7.14
15,1996-10-22,4.58,4.6,4.43,4.48,11555,10992994.0,3.62,-4.48,-0.21,4.97
16,1996-10-23,4.49,4.55,4.45,4.53,7414,7026529.0,2.23,1.12,0.05,3.19
17,1996-10-24,4.53,4.58,4.47,4.58,14791,14176451.0,2.43,1.1,0.05,6.36
18,1996-10-25,4.57,4.57,4.49,4.53,8499,8077586.0,1.75,-1.09,-0.05,3.66
19,1996-10-28,4.48,4.68,4.43,4.64,17863,17429370.0,5.52,2.43,0.11,7.69
20,1996-10-29,4.66,4.8,4.6,4.66,23951,23984384.0,4.31,0.43,0.02,10.31
21,1996-10-30,4.65,4.74,4.31,4.49,11151,10687211.0,9.23,-3.65,-0.17,4.8
22,1996-10-31,4.62,4.71,4.47,4.69,18396,17900432.0,5.35,4.45,0.2,7.92
23,1996-11-01,4.47,4.58,4.4,4.48,12754,12040151.0,3.84,-4.48,-0.21,5.49
24,1996-11-04,4.49,4.58,4.47,4.55,6605,6341586.5,2.46,1.56,0.07,2.84
25,1996-11-05,4.56,4.65,4.47,4.5,6734,6513987.5,3.96,-1.1,-0.05,2.9
26,1996-11-06,4.5,4.53,4.35,4.47,5217,4854024.5,4.0,-0.67,-0.03,2.24
27,1996-11-07,4.49,4.59,4.43,4.52,8224,7844290.0,3.58,1.12,0.05,3.54
28,1996-11-08,4.54,4.54,4.43,4.48,3348,3142644.0,2.43,-0.88,-0.04,1.44
29,1996-11-11,4.58,4.61,4.5,4.61,11696,11299566.0,2.46,2.9,0.13,5.03
30,1996-11-12,4.62,4.69,4.55,4.69,14457,14121532.0,3.04,1.74,0.08,6.22
31,1996-11-13,4.7,5.01,4.65,4.89,40303,41891672.0,7.68,4.26,0.2,17.34
32,1996-11-14,4.93,4.97,4.83,4.89,28477,29867752.0,2.86,0.0,0.0,12.25
33,1996-11-15,4.85,5.01,4.8,4.84,25295,26502450.0,4.29,-1.02,-0.05,10.88
34,1996-11-18,4.85,4.99,4.85,4.94,25666,27028994.0,2.89,2.07,0.1,11.04
35,1996-11-19,4.97,5.66,4.97,5.63,89860,107059648.0,13.97,13.97,0.69,38.67
36,1996-11-20,5.63,6.43,5.55,6.42,89615,125042088.0,15.63,14.03,0.79,38.56
37,1996-11-21,6.63,6.78,5.67,5.82,64954,93455152.0,17.29,-9.35,-0.6,27.95
38,1996-11-22,5.74,6.08,5.47,6.07,34695,43571624.0,10.48,4.3,0.25,14.93
39,1996-11-25,6.11,6.17,5.66,6.13,30558,40890908.0,8.4,0.99,0.06,13.15
40,1996-11-26,6.13,6.17,5.75,5.97,18065,24024200.0,6.85,-2.61,-0.16,7.77
41,1996-11-27,5.82,6.17,5.8,5.97,22019,29507584.0,6.2,0.0,0.0,9.47
42,1996-11-28,5.86,6.63,5.84,6.4,65716,93618064.0,13.23,7.2,0.43,28.28
43,1996-11-29,6.36,6.57,6.11,6.26,30830,43811004.0,7.19,-2.19,-0.14,13.27
44,1996-12-02,6.34,6.43,5.91,6.04,18768,25625004.0,8.31,-3.51,-0.22,8.08
45,1996-12-03,5.86,6.26,5.86,6.26,13005,17698592.0,6.62,3.64,0.22,5.6
46,1996-12-04,6.34,6.62,6.32,6.43,37242,54465428.0,4.79,2.72,0.17,16.02
47,1996-12-05,6.43,6.82,6.43,6.62,41183,61617632.0,6.07,2.95,0.19,17.72
48,1996-12-06,6.7,6.78,6.43,6.59,26750,39437500.0,5.29,-0.45,-0.03,11.51
49,1996-12-09,6.63,6.82,6.47,6.78,36218,54635912.0,5.31,2.88,0.19,15.58
50,1996-12-10,6.82,7.12,6.67,6.84,48430,76506528.0,6.64,0.88,0.06,20.84
51,1996-12-11,6.94,7.01,6.74,6.96,30524,47962156.0,3.95,1.75,0.12,13.13
52,1996-12-12,7.01,7.01,6.48,6.66,24686,37827628.0,7.61,-4.31,-0.3,10.62
53,1996-12-13,6.43,6.7,6.36,6.38,11672,17256940.0,5.11,-4.2,-0.28,5.02
54,1996-12-16,5.82,5.82,5.82,5.82,542,699180.0,0.0,-8.78,-0.56,0.23
55,1996-12-17,5.32,5.32,5.32,5.32,414,480654.0,0.0,-8.59,-0.5,0.18
56,1996-12-18,4.87,5.66,4.87,5.47,14315,15710196.0,14.85,2.82,0.15,6.16
57,1996-12-19,5.35,5.35,4.99,4.99,6103,6776095.0,6.58,-8.78,-0.48,2.63
58,1996-12-20,4.58,4.7,4.58,4.58,4699,4557792.0,2.4,-8.22,-0.41,2.02
59,1996-12-23,4.38,4.62,4.21,4.37,11310,10433363.0,8.95,-4.59,-0.21,4.87
60,1996-12-24,4.39,4.54,4.02,4.02,13507,12328857.0,11.9,-8.01,-0.35,5.81
61,1996-12-25,4.13,4.31,3.74,4.26,17348,14511623.0,14.18,5.97,0.24,7.46
62,1996-12-26,4.33,4.43,4.22,4.37,11488,10422685.0,4.93,2.58,0.11,4.94
63,1996-12-27,4.51,4.7,4.43,4.7,29555,28696908.0,6.18,7.55,0.33,12.72
64,1996-12-30,4.9,5.08,4.9,5.08,22944,25046036.0,3.83,8.09,0.38,9.87
65,1997-01-02,5.12,5.51,4.71,5.51,39298,44972068.0,15.75,8.46,0.43,16.91
66,1997-01-03,5.66,5.66,5.09,5.17,46822,54347028.0,10.34,-6.17,-0.34,20.15
67,1997-01-06,5.01,5.01,4.73,4.73,18922,19620398.0,5.42,-8.51,-0.44,8.14
68,1997-01-07,4.55,5.01,4.4,4.91,19207,19686514.0,12.9,3.81,0.18,8.26
69,1997-01-08,4.85,4.95,4.66,4.84,12048,12411395.0,5.91,-1.43,-0.07,5.18
70,1997-01-09,4.78,4.92,4.78,4.84,8487,8841698.0,2.89,0.0,0.0,3.65
71,1997-01-10,4.85,4.97,4.8,4.93,11014,11571590.0,3.51,1.86,0.09,4.74
72,1997-01-13,5.0,5.14,4.95,5.09,15424,16786172.0,3.85,3.25,0.16,6.64
73,1997-01-14,5.09,5.09,4.84,4.89,12379,13110912.0,4.91,-3.93,-0.2,5.33
74,1997-01-15,4.85,4.97,4.85,4.93,6756,7155969.0,2.45,0.82,0.04,2.91
75,1997-01-16,4.95,4.96,4.84,4.91,4400,4614313.0,2.43,-0.41,-0.02,1.89
76,1997-01-17,4.86,4.95,4.85,4.92,4989,5250124.5,2.04,0.2,0.01,2.15
77,1997-01-20,4.9,4.97,4.89,4.94,5543,5869135.0,1.63,0.41,0.02,2.39
78,1997-01-21,4.93,4.93,4.87,4.88,4638,4866774.0,1.21,-1.21,-0.06,2.0
79,1997-01-22,4.87,4.97,4.79,4.9,7997,8300439.5,3.69,0.41,0.02,3.44
80,1997-01-23,4.85,4.95,4.85,4.93,9206,9697656.0,2.04,0.61,0.03,3.96
81,1997-01-24,4.93,5.07,4.89,5.02,12482,13450442.0,3.65,1.83,0.09,5.37
82,1997-01-27,5.09,5.18,5.03,5.13,16113,17835368.0,2.99,2.19,0.11,6.93
83,1997-01-28,5.19,5.32,5.11,5.15,16510,18663994.0,4.09,0.39,0.02,7.1
84,1997-01-29,5.08,5.16,5.05,5.07,9104,10025254.0,2.14,-1.55,-0.08,3.92
85,1997-01-30,5.05,5.12,4.97,5.07,7132,7814067.0,2.96,0.0,0.0,3.07
86,1997-01-31,5.07,5.12,5.05,5.08,9087,9991956.0,1.38,0.2,0.01,3.91
87,1997-02-17,5.16,5.22,5.01,5.1,5247,5832767.0,4.13,0.39,0.02,2.26
88,1997-02-18,5.09,5.09,4.68,4.68,9346,9740757.0,8.04,-8.24,-0.42,4.02
89,1997-02-19,4.54,4.93,4.54,4.89,5678,5841647.5,8.33,4.49,0.21,2.44
90,1997-02-20,4.48,4.85,4.48,4.76,9892,9834936.0,7.57,-2.66,-0.13,4.26
91,1997-02-21,4.8,4.87,4.76,4.84,4267,4403049.0,2.31,1.68,0.08,1.84
92,1997-02-24,4.89,4.93,4.82,4.85,5252,5458552.5,2.27,0.21,0.01,2.26
93,1997-02-25,4.85,5.09,4.85,4.95,5976,6382528.0,4.95,2.06,0.1,2.57
94,1997-02-26,4.89,5.01,4.89,5.01,7223,7731970.0,2.42,1.21,0.06,3.11
95,1997-02-27,5.07,5.09,4.99,5.02,9681,10554762.0,2.0,0.2,0.01,4.17
96,1997-02-28,4.93,5.12,4.92,5.09,9775,10576224.0,3.98,1.39,0.07,4.21
97,1997-03-03,5.11,5.35,5.11,5.32,24243,27800062.0,4.72,4.52,0.23,10.43
98,1997-03-04,5.32,5.54,5.3,5.38,27478,32579874.0,4.51,1.13,0.06,11.82
99,1997-03-05,5.39,5.43,5.17,5.18,11901,13662324.0,4.83,-3.72,-0.2,5.12
100,1997-03-06,5.16,5.28,5.14,5.24,7901,8963429.0,2.7,1.16,0.06,3.4
101,1997-03-07,5.24,5.28,5.18,5.2,7901,8980572.0,1.91,-0.76,-0.04,3.4
102,1997-03-10,5.26,5.31,5.2,5.29,9318,10652387.0,2.12,1.73,0.09,4.01
103,1997-03-11,5.29,5.4,5.22,5.39,17496,20375574.0,3.4,1.89,0.1,7.53
104,1997-03-12,5.47,5.49,5.35,5.38,14473,17120296.0,2.6,-0.19,-0.01,6.23
105,1997-03-13,5.36,5.46,5.32,5.45,17422,20637294.0,2.6,1.3,0.07,7.5
106,1997-03-14,5.51,5.64,5.4,5.53,22780,27677690.0,4.4,1.47,0.08,9.8
107,1997-03-17,5.57,5.64,5.39,5.47,14388,17357338.0,4.52,-1.08,-0.06,6.19
108,1997-03-18,5.51,5.53,5.31,5.45,11699,13897226.0,4.02,-0.37,-0.02,5.03
109,1997-03-19,5.45,5.58,5.37,5.55,14040,16885134.0,3.85,1.83,0.1,6.04
110,1997-03-20,5.59,5.78,5.47,5.52,27413,34130132.0,5.59,-0.54,-0.03,11.8
111,1997-03-21,5.47,5.66,5.39,5.64,19833,24305666.0,4.89,2.17,0.12,8.53
112,1997-03-24,5.74,5.76,5.55,5.6,18827,23371484.0,3.72,-0.71,-0.04,8.1
113,1997-03-25,5.61,5.63,5.47,5.55,12221,14880994.0,2.86,-0.89,-0.05,5.26
114,1997-03-26,5.53,5.66,5.51,5.59,15922,19586262.0,2.7,0.72,0.04,6.85
115,1997-03-27,5.61,5.64,5.51,5.54,13607,16633452.0,2.33,-0.89,-0.05,5.85
116,1997-03-28,5.51,5.62,5.47,5.51,10068,12294474.0,2.71,-0.54,-0.03,4.33
117,1997-03-31,5.47,5.7,5.47,5.68,20440,25191330.0,4.17,3.09,0.17,8.52
118,1997-04-01,5.74,5.77,5.66,5.69,18339,23165070.0,1.94,0.18,0.01,7.64
119,1997-04-02,5.69,5.73,5.61,5.61,12702,15776055.0,2.11,-1.41,-0.08,5.29
120,1997-04-03,5.59,5.66,5.51,5.59,10452,12883799.0,2.67,-0.36,-0.02,4.36
121,1997-04-04,5.59,5.81,5.55,5.71,21589,27146670.0,4.65,2.15,0.12,9.0
122,1997-04-07,5.76,5.93,5.66,5.9,29720,38250420.0,4.73,3.33,0.19,12.38
123,1997-04-08,5.85,5.9,5.64,5.66,16543,21164384.0,4.41,-4.07,-0.24,6.89
124,1997-04-09,5.7,5.93,5.7,5.79,21191,27214368.0,4.06,2.3,0.13,8.83
125,1997-04-10,5.76,6.28,5.72,6.28,67478,92558616.0,9.67,8.46,0.49,28.12
126,1997-04-11,6.24,6.82,6.17,6.66,86470,130671320.0,10.35,6.05,0.38,36.03
127,1997-04-14,6.86,7.26,6.74,7.26,41983,67204896.0,7.81,9.01,0.6,17.49
128,1997-04-15,7.26,7.32,7.01,7.06,20020,32450694.0,4.27,-2.75,-0.2,8.34
129,1997-04-16,7.01,7.21,6.94,7.19,18012,29403234.0,3.82,1.84,0.13,7.51
130,1997-04-17,7.21,7.73,7.17,7.29,31760,54624192.0,7.79,1.39,0.1,13.23
131,1997-04-18,7.2,7.36,6.97,7.15,32302,53078256.0,5.35,-1.92,-0.14,13.46
132,1997-04-21,7.24,7.32,7.01,7.13,14959,24397168.0,4.34,-0.28,-0.02,6.23
133,1997-04-22,6.5,7.48,6.5,7.48,49551,81945256.0,13.74,4.91,0.35,20.65
134,1997-04-23,7.39,7.53,7.21,7.28,23863,40212972.0,4.28,-2.67,-0.2,9.94
135,1997-04-24,7.32,7.48,7.04,7.44,19227,32571890.0,6.04,2.2,0.16,8.01
136,1997-04-25,7.48,7.59,7.32,7.4,17819,30488998.0,3.63,-0.54,-0.04,7.42
137,1997-04-28,7.44,7.63,7.28,7.63,22661,38853832.0,4.73,3.11,0.23,9.44
138,1997-04-29,7.77,7.81,7.44,7.68,14041,24649324.0,4.85,0.66,0.05,5.85
139,1997-04-30,7.71,7.75,7.51,7.73,10550,18635194.0,3.13,0.65,0.05,4.4
140,1997-05-05,7.87,8.42,7.75,8.42,28490,55416248.0,8.67,8.93,0.69,11.87
141,1997-05-06,8.48,9.18,8.17,9.18,31821,67007704.0,12.0,9.03,0.76,13.26
142,1997-05-07,9.17,9.56,8.63,9.27,35154,76469520.0,10.13,0.98,0.09,14.65
143,1997-05-08,9.17,9.17,8.55,8.72,17255,35699256.0,6.69,-5.93,-0.55,7.19
144,1997-05-09,8.55,9.33,8.52,9.24,10241,21308066.0,9.29,5.96,0.52,4.27
145,1997-05-12,9.71,9.98,9.52,9.7,14678,33760780.0,4.98,4.98,0.46,6.12
146,1997-05-13,9.67,9.67,8.95,9.08,8987,19384822.0,7.42,-6.39,-0.62,3.74
147,1997-05-14,8.86,9.21,8.26,8.26,12937,25788550.0,10.46,-9.03,-0.82,5.39
148,1997-05-15,8.12,8.94,7.82,8.93,15407,29757712.0,13.56,8.11,0.67,6.42
149,1997-05-16,8.17,8.75,8.12,8.12,12365,23998544.0,7.05,-9.07,-0.81,5.15
150,1997-05-19,7.39,7.78,7.39,7.39,10834,18698404.0,4.8,-8.99,-0.73,4.51
151,1997-05-20,7.4,7.59,7.13,7.15,13988,23524996.0,6.22,-3.25,-0.24,5.83
152,1997-05-21,6.97,7.13,6.55,6.75,12460,19355454.0,8.11,-5.59,-0.4,5.19
153,1997-05-23,6.2,6.54,6.16,6.2,17084,23902964.0,5.63,-8.15,-0.55,7.12
154,1997-05-26,6.16,6.36,6.05,6.21,5928,8232546.5,5.0,0.16,0.01,2.47
155,1997-05-27,6.39,6.67,6.28,6.66,5480,8054423.0,6.28,7.25,0.45,2.28
156,1997-05-28,6.65,6.89,6.63,6.68,9091,13920547.0,3.9,0.3,0.02,3.79
157,1997-05-29,6.72,6.9,6.63,6.65,5815,8970185.0,4.04,-0.45,-0.03,2.42
158,1997-05-30,6.81,7.12,6.45,6.9,5712,8857852.0,10.08,3.76,0.25,2.38
159,1997-06-02,7.09,7.46,6.99,7.35,10228,16905600.0,6.81,6.52,0.45,4.26
160,1997-06-03,7.44,7.56,7.06,7.26,7283,12379007.0,6.8,-1.22,-0.09,3.03
161,1997-06-04,7.35,7.59,7.21,7.37,4355,7328315.0,5.23,1.52,0.11,1.81
162,1997-06-05,7.32,7.57,7.01,7.26,5844,9708068.0,7.6,-1.49,-0.11,2.44
163,1997-06-06,7.26,7.26,6.62,6.8,9735,14806194.0,8.82,-6.34,-0.46,4.06
164,1997-06-09,6.68,6.82,6.51,6.8,3620,5495540.5,4.56,0.0,0.0,1.51
165,1997-06-10,6.8,6.82,6.45,6.51,1854,2784526.0,5.44,-4.26,-0.29,0.77
166,1997-06-11,6.54,6.82,6.0,6.77,3505,4996288.0,12.6,3.99,0.26,1.46
167,1997-06-12,6.63,6.69,6.42,6.49,2018,2979368.0,3.99,-4.14,-0.28,0.84
168,1997-06-13,6.09,6.62,6.09,6.59,3205,4682803.5,8.17,1.54,0.1,1.34
169,1997-06-16,6.7,6.82,6.53,6.73,8430,12780939.0,4.4,2.12,0.14,3.51
170,1997-06-17,6.63,6.79,6.51,6.51,3329,5045648.5,4.16,-3.27,-0.22,1.39
171,1997-06-18,6.47,6.63,6.35,6.37,1621,2369760.0,4.3,-2.15,-0.14,0.68
172,1997-06-19,6.74,6.74,6.36,6.37,1492,2157446.5,5.97,0.0,0.0,0.62
173,1997-06-20,6.47,6.72,6.45,6.67,3996,6000590.0,4.24,4.71,0.3,1.67
174,1997-06-23,6.82,7.26,6.78,7.21,41814,68530584.0,7.2,8.1,0.54,17.42
175,1997-06-24,7.23,7.59,7.23,7.47,24141,41287700.0,4.99,3.61,0.26,10.06
176,1997-06-25,7.43,7.59,7.34,7.39,10468,17820740.0,3.35,-1.07,-0.08,4.36
177,1997-06-26,7.4,7.53,7.35,7.48,7234,12350551.0,2.44,1.22,0.09,3.01
178,1997-06-27,7.54,7.8,7.48,7.54,17461,30946012.0,4.28,0.8,0.06,7.28
179,1997-07-02,7.71,7.78,6.87,7.4,7851,13377625.0,12.07,-1.86,-0.14,3.27
180,1997-07-03,7.36,7.36,7.05,7.17,4302,7070346.5,4.19,-3.11,-0.23,1.79
181,1997-07-04,7.01,7.28,6.94,7.2,4170,6800542.5,4.74,0.42,0.03,1.74
182,1997-07-07,7.21,7.21,6.56,6.58,3383,5197163.0,9.03,-8.61,-0.62,1.41
183,1997-07-08,6.59,7.01,6.47,6.94,4197,6504979.0,8.21,5.47,0.36,1.75
184,1997-07-09,6.97,7.08,6.65,7.07,3041,4795975.5,6.2,1.87,0.13,1.27
185,1997-07-10,7.09,7.15,6.9,6.93,2141,3455148.0,3.54,-1.98,-0.14,0.89
186,1997-07-11,6.88,7.15,6.88,7.14,5372,8621817.0,3.9,3.03,0.21,2.24
187,1997-07-14,7.13,7.59,7.01,7.48,8808,14868776.0,8.12,4.76,0.34,3.67
188,1997-07-15,7.63,8.15,7.51,8.05,41551,76387752.0,8.56,7.62,0.57,17.31
189,1997-07-16,8.2,8.2,7.78,7.81,16613,30509134.0,5.22,-2.98,-0.24,6.92
190,1997-07-17,7.81,8.16,7.72,7.95,17558,32279902.0,5.63,1.79,0.14,7.32
191,1997-07-18,8.01,8.24,7.76,8.2,24504,45697256.0,6.04,3.14,0.25,10.21
192,1997-07-21,8.38,8.43,7.92,8.08,14859,28058046.0,6.22,-1.46,-0.12,6.19
193,1997-07-22,8.24,8.31,7.74,8.06,16106,29798716.0,7.05,-0.25,-0.02,6.71
194,1997-07-23,8.08,8.19,7.62,7.76,14542,26383974.0,7.07,-3.72,-0.3,6.06
195,1997-07-24,7.76,7.78,7.39,7.4,9465,16274430.0,5.03,-4.64,-0.36,3.94
196,1997-07-25,7.4,7.62,7.37,7.53,8516,14655374.0,3.38,1.76,0.13,3.55
197,1997-07-28,7.43,7.55,7.12,7.23,4515,7532483.5,5.71,-3.98,-0.3,1.88
198,1997-07-29,7.11,7.35,6.87,7.04,5566,8973740.0,6.64,-2.63,-0.19,2.32
199,1997-07-30,7.12,7.31,6.99,7.31,4524,7382615.5,4.55,3.84,0.27,1.89
200,1997-07-31,7.4,7.43,7.22,7.39,4892,8201564.5,2.87,1.09,0.08,2.04
201,1997-08-01,7.46,7.55,7.37,7.53,3941,6763634.5,2.44,1.89,0.14,1.64
202,1997-08-04,7.43,7.58,7.31,7.42,3835,6543951.5,3.59,-1.46,-0.11,1.6
203,1997-08-05,7.41,7.55,7.36,7.43,4093,6980441.0,2.56,0.13,0.01,1.71
204,1997-08-06,7.51,7.51,7.18,7.19,2602,4343039.0,4.44,-3.23,-0.24,1.08
205,1997-08-07,7.12,7.33,7.12,7.21,2656,4354129.0,2.92,0.28,0.02,1.11
206,1997-08-08,7.2,7.49,6.97,7.43,11458,19005704.0,7.21,3.05,0.22,4.77
207,1997-08-11,7.47,7.47,7.14,7.16,2720,4495984.5,4.44,-3.63,-0.27,1.13
208,1997-08-12,7.16,7.24,7.03,7.04,1641,2667768.0,2.93,-1.68,-0.12,0.68
209,1997-08-13,7.07,7.23,6.97,6.97,1997,3205645.75,3.69,-0.99,-0.07,0.83
210,1997-08-14,6.87,7.11,6.87,7.08,2293,3666028.5,3.44,1.58,0.11,0.96
211,1997-08-15,7.09,7.11,6.89,6.95,1791,2846175.0,3.11,-1.84,-0.13,0.75
212,1997-08-18,6.92,6.92,6.56,6.62,2231,3356104.25,5.18,-4.75,-0.33,0.93
213,1997-08-19,6.62,6.83,6.42,6.79,4284,6329458.5,6.19,2.57,0.17,1.79
214,1997-08-20,6.7,6.81,6.62,6.8,2020,3045757.25,2.8,0.15,0.01,0.84
215,1997-08-21,6.47,6.85,6.47,6.84,2562,3903920.0,5.59,0.59,0.04,1.07
216,1997-08-22,6.74,6.87,6.66,6.86,1863,2868185.5,3.07,0.29,0.02,0.78
217,1997-08-25,6.89,7.0,6.78,6.98,3015,4701886.5,3.21,1.75,0.12,1.26
218,1997-08-26,6.97,7.08,6.89,6.99,3044,4828325.5,2.72,0.14,0.01,1.27
219,1997-08-27,6.97,7.04,6.93,6.96,1732,2733346.75,1.57,-0.43,-0.03,0.72
220,1997-08-28,6.97,7.04,6.81,7.02,4553,7123670.5,3.3,0.86,0.06,1.9
221,1997-08-29,6.97,7.03,6.85,6.95,2340,3677670.75,2.56,-1.0,-0.07,0.98
222,1997-09-02,7.02,7.04,6.81,6.87,1171,1823196.0,3.31,-1.15,-0.08,0.49
223,1997-09-03,6.87,7.16,6.8,7.12,5783,9139524.0,5.24,3.64,0.25,2.41
224,1997-09-04,7.08,7.16,7.04,7.12,3200,5164065.5,1.69,0.0,0.0,1.33
225,1997-09-05,7.12,7.22,7.05,7.15,2731,4451373.0,2.39,0.42,0.03,1.14
226,1997-09-08,7.12,7.19,6.99,7.04,3269,5214996.5,2.8,-1.54,-0.11,1.36
227,1997-09-09,7.12,7.12,6.93,6.97,3530,5604340.0,2.7,-0.99,-0.07,1.47
228,1997-09-10,6.97,7.04,6.89,6.96,2997,4710146.0,2.15,-0.14,-0.01,1.25
229,1997-09-11,7.04,7.22,7.04,7.1,12117,19685380.0,2.59,2.01,0.14,5.05
230,1997-09-12,7.12,7.13,6.96,7.02,4379,7018138.5,2.39,-1.13,-0.08,1.82
231,1997-09-15,7.04,7.08,6.72,6.77,3473,5411434.0,5.13,-3.56,-0.25,1.45
232,1997-09-16,7.02,7.02,6.65,6.71,1313,1169614.12,5.47,-0.89,-0.06,0.32
233,1997-09-17,6.71,6.77,6.34,6.72,1590,1369215.75,6.41,0.15,0.01,0.39
234,1997-09-18,6.64,6.97,6.32,6.87,5890,5104777.5,9.67,2.23,0.15,1.45
235,1997-09-19,6.51,6.96,6.51,6.92,8766,7976626.0,6.55,0.73,0.05,2.15
236,1997-09-22,6.91,6.91,6.45,6.51,2712,2360567.5,6.65,-5.92,-0.41,0.67
237,1997-09-23,6.48,6.48,5.95,5.97,2577,2093790.0,8.14,-8.29,-0.54,0.63
238,1997-09-24,5.97,6.31,5.86,6.27,4762,3808339.75,7.54,5.03,0.3,1.17
239,1997-09-25,6.27,6.32,6.13,6.27,4887,4002798.5,3.03,0.0,0.0,1.2
240,1997-09-26,6.19,6.24,5.99,6.18,3659,2922514.25,3.99,-1.44,-0.09,0.9
241,1997-09-29,6.09,6.24,5.82,6.16,4487,3467750.0,6.8,-0.32,-0.02,1.1
242,1997-09-30,6.08,6.18,5.99,6.16,2017,1604949.75,3.08,0.0,0.0,0.5
243,1997-10-06,6.25,6.25,5.92,6.05,924,723495.62,5.36,-1.79,-0.11,0.23
244,1997-10-07,6.02,6.02,5.9,5.97,1291,997217.62,1.98,-1.32,-0.08,0.32
245,1997-10-08,5.99,6.16,5.99,6.15,2799,2237871.25,2.85,3.02,0.18,0.69
246,1997-10-09,6.21,6.22,6.1,6.17,2630,2118773.75,1.95,0.33,0.02,0.65
247,1997-10-10,6.15,6.35,6.15,6.32,4933,4073224.0,3.24,2.43,0.15,1.21
248,1997-10-13,6.34,6.35,6.17,6.18,2473,2019247.62,2.85,-2.22,-0.14,0.61
249,1997-10-14,6.15,6.15,5.9,6.11,1531,1206412.75,4.05,-1.13,-0.07,0.38
250,1997-10-15,6.12,6.2,5.99,6.15,1405,1121074.12,3.44,0.65,0.04,0.35
251,1997-10-16,6.13,6.28,6.12,6.27,3422,2778706.25,2.6,1.95,0.12,0.84
252,1997-10-17,6.34,6.5,6.23,6.48,9741,8190642.5,4.31,3.35,0.21,2.39
253,1997-10-20,6.51,7.04,6.5,6.92,17492,15770687.0,8.33,6.79,0.44,4.3
254,1997-10-21,6.94,6.96,6.64,6.83,7399,6681016.0,4.62,-1.3,-0.09,1.82
255,1997-10-22,6.84,6.85,6.45,6.52,8941,7859716.0,5.86,-4.54,-0.31,2.2
256,1997-10-23,6.45,6.62,6.39,6.6,7207,6180871.0,3.53,1.23,0.08,1.77
257,1997-10-24,6.54,6.77,6.54,6.74,6431,5697908.0,3.48,2.12,0.14,1.58
258,1997-10-27,6.77,7.17,6.76,7.0,15548,14529049.0,6.08,3.86,0.26,3.82
259,1997-10-28,7.03,7.03,6.58,6.64,9520,8600333.0,6.43,-5.14,-0.36,2.34
260,1997-10-29,6.58,6.76,6.45,6.75,7287,6406946.5,4.67,1.66,0.11,1.79
261,1997-10-30,6.84,7.02,6.58,6.63,9901,8926486.0,6.52,-1.78,-0.12,2.43
262,1997-10-31,6.51,6.71,6.38,6.71,4446,3870129.75,4.98,1.21,0.08,1.09
263,1997-11-03,6.71,7.03,6.64,7.02,13521,12395383.0,5.81,4.62,0.31,3.32
264,1997-11-04,7.04,7.35,7.02,7.12,32070,30958672.0,4.7,1.42,0.1,7.88
265,1997-11-05,7.2,7.27,7.03,7.2,5307,5014194.0,3.37,1.12,0.08,1.3
266,1997-11-06,7.23,7.42,7.14,7.32,23397,23018524.0,3.89,1.67,0.12,5.75
267,1997-11-07,7.31,7.68,7.27,7.67,40766,41546916.0,5.6,4.78,0.35,10.02
268,1997-11-10,7.89,7.89,7.36,7.46,26746,27421512.0,6.91,-2.74,-0.21,6.57
269,1997-11-11,7.4,7.53,7.17,7.42,12986,12818549.0,4.83,-0.54,-0.04,3.19
270,1997-11-12,7.36,7.49,7.13,7.17,7278,7123729.0,4.85,-3.37,-0.25,1.79
271,1997-11-13,7.04,7.23,6.84,7.23,6216,5834212.0,5.44,0.84,0.06,1.53
272,1997-11-14,7.32,7.32,7.07,7.17,5868,5638545.5,3.46,-0.83,-0.06,1.44
273,1997-11-17,7.17,7.23,6.97,6.98,3805,3590390.75,3.63,-2.65,-0.19,0.93
274,1997-11-18,6.94,7.1,6.85,6.91,4057,3747143.0,3.58,-1.0,-0.07,1.0
275,1997-11-19,6.91,7.09,6.88,6.99,2249,2091557.88,3.04,1.16,0.08,0.55
276,1997-11-20,7.08,7.08,6.76,6.78,3430,3123559.25,4.58,-3.0,-0.21,0.84
277,1997-11-21,6.71,6.87,6.58,6.64,4364,3853113.5,4.28,-2.06,-0.14,1.07
278,1997-11-24,6.58,6.58,6.38,6.39,3100,2628620.75,3.01,-3.77,-0.25,0.76
279,1997-11-25,6.38,6.64,6.32,6.47,2690,2288252.0,5.01,1.25,0.08,0.66
280,1997-11-26,6.47,6.61,6.42,6.58,2123,1820501.75,2.94,1.7,0.11,0.52
281,1997-11-27,6.58,6.7,6.32,6.32,2144,1810890.38,5.78,-3.95,-0.26,0.53
282,1997-11-28,6.18,6.48,6.17,6.47,1702,1411948.75,4.91,2.37,0.15,0.42
283,1997-12-01,6.51,6.53,6.35,6.4,1752,1474754.12,2.78,-1.08,-0.07,0.43
284,1997-12-02,6.51,6.58,6.25,6.35,1791,1492832.25,5.16,-0.78,-0.05,0.44
285,1997-12-03,6.26,6.34,6.22,6.24,1906,1565437.5,1.89,-1.73,-0.11,0.47
286,1997-12-04,6.18,6.51,6.18,6.51,3285,2758743.0,5.29,4.33,0.27,0.81
287,1997-12-05,6.5,6.72,6.45,6.58,6081,5331406.0,4.15,1.08,0.07,1.49
288,1997-12-08,6.58,6.64,6.5,6.51,1885,1629505.25,2.13,-1.06,-0.07,0.46
289,1997-12-09,6.51,6.54,6.41,6.5,2442,2081172.62,2.0,-0.15,-0.01,0.6
290,1997-12-10,6.51,6.63,6.45,6.54,2492,2143410.75,2.77,0.62,0.04,0.61
291,1997-12-11,6.54,6.64,6.43,6.47,1528,1309039.38,3.21,-1.07,-0.07,0.38
292,1997-12-12,6.43,6.45,6.35,6.37,3653,3069705.75,1.55,-1.55,-0.1,0.9
293,1997-12-15,6.32,6.37,6.25,6.32,3919,3239688.75,1.88,-0.78,-0.05,0.96
294,1997-12-16,6.32,6.43,6.26,6.37,2396,2000713.12,2.69,0.79,0.05,0.59
295,1997-12-17,6.38,6.41,6.22,6.24,2680,2211611.25,2.98,-2.04,-0.13,0.66
296,1997-12-18,6.22,6.32,6.22,6.24,1777,1457357.25,1.6,0.0,0.0,0.44
297,1997-12-19,6.19,6.32,6.19,6.22,1937,1578755.38,2.08,-0.32,-0.02,0.48
298,1997-12-22,6.21,6.3,5.96,5.98,4965,3916170.75,5.47,-3.86,-0.24,1.22
299,1997-12-23,6.02,6.17,6.02,6.11,3930,3133272.75,2.51,2.17,0.13,0.97
300,1997-12-24,6.22,6.22,6.09,6.11,2590,2078077.88,2.13,0.0,0.0,0.64
301,1997-12-25,6.18,6.18,5.97,6.07,2998,2363146.0,3.44,-0.65,-0.04,0.74
302,1997-12-26,6.09,6.32,6.05,6.07,5218,4211674.5,4.45,0.0,0.0,1.28
303,1997-12-29,6.12,6.3,6.12,6.25,3715,3050308.75,2.97,2.97,0.18,0.91
304,1997-12-30,6.31,6.32,6.18,6.26,2756,2260464.0,2.24,0.16,0.01,0.68
305,1997-12-31,6.32,6.38,6.18,6.28,2119,1743103.88,3.19,0.32,0.02,0.52
306,1998-01-05,6.25,6.25,6.13,6.2,3878,3136114.25,1.91,-1.27,-0.08,0.95
307,1998-01-06,6.13,6.43,6.12,6.42,7993,6468110.0,5.0,3.55,0.22,1.96
308,1998-01-07,6.43,6.45,6.29,6.36,7171,6017791.5,2.49,-0.93,-0.06,1.76
309,1998-01-08,6.32,6.7,6.32,6.5,13086,11275070.0,5.97,2.2,0.14,3.22
310,1998-01-09,6.48,6.64,6.36,6.44,8562,7321763.5,4.31,-0.92,-0.06,2.1
311,1998-01-12,6.53,7.0,6.42,6.77,36905,32977262.0,9.01,5.12,0.33,9.07
312,1998-01-13,6.7,6.77,6.18,6.38,20363,17288178.0,8.71,-5.76,-0.39,5.0
313,1998-01-14,6.43,6.7,6.41,6.58,18583,16147507.0,4.55,3.13,0.2,4.57
314,1998-01-15,6.7,6.93,6.56,6.79,20650,18532142.0,5.62,3.19,0.21,5.07
315,1998-01-16,6.89,6.95,6.6,6.62,12648,11346901.0,5.15,-2.5,-0.17,3.11
316,1998-01-19,6.68,6.77,6.5,6.51,5909,5125126.5,4.08,-1.66,-0.11,1.45
317,1998-01-20,6.5,6.54,6.35,6.41,3644,3096199.25,2.92,-1.54,-0.1,0.9
318,1998-01-21,6.32,6.46,6.32,6.37,3120,2615030.0,2.18,-0.62,-0.04,0.77
319,1998-01-22,6.32,6.45,6.32,6.41,3065,2577837.75,2.04,0.63,0.04,0.75
320,1998-01-23,6.45,6.54,6.39,6.43,3370,2865106.0,2.34,0.31,0.02,0.83
321,1998-02-09,6.7,6.77,6.45,6.52,3148,2720980.5,4.98,1.4,0.09,0.77
322,1998-02-10,6.58,6.58,6.45,6.49,3234,2773217.25,1.99,-0.46,-0.03,0.79
323,1998-02-11,6.58,6.63,6.49,6.63,5596,4848845.5,2.16,2.16,0.14,1.37
324,1998-02-12,6.7,6.89,6.63,6.75,13794,12444629.0,3.92,1.81,0.12,3.39
325,1998-02-13,6.76,6.91,6.7,6.71,8744,7913267.5,3.11,-0.59,-0.04,2.15
326,1998-02-16,6.77,6.77,6.57,6.62,4456,3911971.5,2.98,-1.34,-0.09,1.09
327,1998-02-17,6.59,6.67,6.54,6.56,3982,3473035.75,1.96,-0.91,-0.06,0.98
328,1998-02-18,6.58,6.66,6.54,6.54,4519,3927760.25,1.83,-0.3,-0.02,1.11
329,1998-02-19,6.6,6.6,6.45,6.56,3667,3139766.75,2.29,0.31,0.02,0.9
330,1998-02-20,6.55,6.58,6.45,6.51,2859,2445331.75,1.98,-0.76,-0.05,0.7
331,1998-02-23,6.46,6.46,6.29,6.35,4643,3874268.0,2.61,-2.46,-0.16,1.14
332,1998-02-24,6.34,6.38,6.29,6.37,2659,2219080.0,1.42,0.31,0.02,0.65
333,1998-02-25,6.31,6.45,6.31,6.35,1499,1255833.75,2.2,-0.31,-0.02,0.37
334,1998-02-26,6.32,6.45,6.32,6.4,1512,1267506.38,2.05,0.79,0.05,0.37
335,1998-02-27,6.4,6.45,6.35,6.36,1740,1458682.62,1.56,-0.63,-0.04,0.43
336,1998-03-02,6.28,6.28,5.99,6.11,3919,3166386.75,4.56,-3.93,-0.25,0.96
337,1998-03-03,6.11,6.2,6.11,6.18,2377,1911431.0,1.47,1.15,0.07,0.58
338,1998-03-04,6.18,6.25,6.12,6.18,1887,1520813.25,2.1,0.0,0.0,0.46
339,1998-03-05,6.2,6.25,6.13,6.16,1527,1235135.0,1.94,-0.32,-0.02,0.38
340,1998-03-06,6.12,6.16,6.09,6.14,1518,1214523.12,1.14,-0.32,-0.02,0.37
341,1998-03-09,5.99,6.06,5.99,6.03,2187,1717382.25,1.14,-1.79,-0.11,0.54
342,1998-03-10,5.96,6.12,5.92,6.05,2432,1893730.12,3.32,0.33,0.02,0.6
343,1998-03-11,6.12,6.12,5.99,6.02,1355,1071136.0,2.15,-0.5,-0.03,0.33
344,1998-03-12,5.94,6.05,5.94,5.98,990,773478.75,1.83,-0.66,-0.04,0.24
345,1998-03-13,6.05,6.05,5.96,6.0,1262,983622.31,1.51,0.33,0.02,0.31
346,1998-03-16,6.0,6.03,5.99,6.0,1637,1281198.38,0.67,0.0,0.0,0.4
347,1998-03-17,6.17,6.17,6.03,6.1,1288,1026318.31,2.33,1.67,0.1,0.32
348,1998-03-18,6.14,6.14,6.01,6.03,1414,1119532.62,2.13,-1.15,-0.07,0.35
349,1998-03-19,6.06,6.06,5.98,6.0,1690,1324409.38,1.33,-0.5,-0.03,0.42
350,1998-03-20,6.03,6.15,5.94,6.12,4092,3217044.5,3.5,2.0,0.12,1.01
351,1998-03-23,6.16,6.28,6.09,6.27,5757,4711995.5,3.1,2.45,0.15,1.41
352,1998-03-24,6.27,6.37,6.18,6.35,4012,3318243.0,3.03,1.28,0.08,0.99
353,1998-03-25,6.35,6.35,6.2,6.26,3723,3056128.0,2.36,-1.42,-0.09,0.91
354,1998-03-26,6.41,6.41,6.22,6.24,5066,4183791.75,3.04,-0.32,-0.02,1.24
355,1998-03-27,6.22,6.25,6.11,6.21,4282,3461188.25,2.24,-0.48,-0.03,1.05
356,1998-03-30,6.18,6.18,6.0,6.18,14138,11227251.0,2.9,-0.48,-0.03,3.47
357,1998-03-31,6.25,6.44,6.14,6.27,18002,14769834.0,4.85,1.46,0.09,4.42
358,1998-04-01,6.32,6.81,6.32,6.8,32214,28280298.0,7.81,8.45,0.53,7.92
359,1998-04-02,6.83,7.04,6.68,6.87,35313,32266120.0,5.29,1.03,0.07,8.68
360,1998-04-03,6.91,7.07,6.79,7.02,26682,24630322.0,4.08,2.18,0.15,6.56
361,1998-04-06,6.77,7.36,6.58,7.04,61094,57438824.0,11.11,0.28,0.02,15.01
362,1998-04-07,6.94,7.3,6.94,7.1,23615,22658996.0,5.11,0.85,0.06,5.8
363,1998-04-08,7.09,7.51,7.09,7.49,41634,41541748.0,5.92,5.49,0.39,10.23
364,1998-04-09,7.3,7.61,6.98,7.1,26609,26181992.0,8.41,-5.21,-0.39,6.54
365,1998-04-10,7.1,7.72,7.09,7.62,47641,48562856.0,8.87,7.32,0.52,11.71
366,1998-04-13,7.69,7.76,7.38,7.47,23152,23549288.0,4.99,-1.97,-0.15,5.69
367,1998-04-14,7.36,7.43,7.11,7.3,30443,29622448.0,4.28,-2.28,-0.17,7.48
368,1998-04-15,7.3,7.53,7.23,7.32,11348,11249517.0,4.11,0.27,0.02,2.79
369,1998-04-16,7.3,7.59,7.27,7.44,14633,14581037.0,4.37,1.64,0.12,3.6
370,1998-04-17,7.44,7.48,7.13,7.17,8557,8313409.0,4.7,-3.63,-0.27,2.1
371,1998-04-20,7.17,7.26,7.02,7.1,5915,5628285.5,3.35,-0.98,-0.07,1.45
372,1998-04-21,7.11,7.25,6.96,7.08,7416,7034079.5,4.08,-0.28,-0.02,1.82
373,1998-04-22,7.16,7.43,7.08,7.36,12882,12646845.0,4.94,3.95,0.28,3.17
374,1998-04-23,7.42,7.44,7.23,7.27,6169,6053163.5,2.85,-1.22,-0.09,1.52
375,1998-04-24,7.23,7.23,7.01,7.06,7775,7370854.0,3.03,-2.89,-0.21,1.91
376,1998-04-27,7.07,7.07,6.78,6.89,12042,11000325.0,4.11,-2.41,-0.17,2.96
377,1998-04-28,6.91,7.07,6.88,6.91,5510,5087744.5,2.76,0.29,0.02,1.35
378,1998-04-29,6.91,7.02,6.91,6.95,4739,4389465.0,1.59,0.58,0.04,1.16
379,1998-04-30,6.96,7.19,6.94,7.13,11276,10699755.0,3.6,2.59,0.18,2.77
380,1998-05-04,7.23,7.42,7.04,7.14,8385,8108805.0,5.33,0.14,0.01,2.06
381,1998-05-05,7.17,7.17,6.97,7.0,7009,6566130.5,2.8,-1.96,-0.14,1.72
382,1998-05-06,6.98,7.15,6.89,6.95,8128,7561033.5,3.71,-0.71,-0.05,2.0
383,1998-05-07,7.0,7.38,6.97,7.06,29480,28375960.0,5.9,1.58,0.11,7.24
384,1998-05-08,7.1,7.19,6.87,7.09,11250,10531915.0,4.53,0.42,0.03,2.76
385,1998-05-11,7.11,7.34,6.94,6.96,14199,13453625.0,5.64,-1.83,-0.13,3.49
386,1998-05-13,7.27,7.35,6.8,6.87,18047,16581545.0,7.9,-1.29,-0.09,4.43
387,1998-05-14,6.96,6.97,6.68,6.81,15044,13681875.0,4.22,-0.87,-0.06,3.7
388,1998-05-15,6.77,6.9,6.64,6.68,16062,14377617.0,3.82,-1.91,-0.13,3.95
389,1998-05-18,6.68,6.79,6.56,6.61,13896,12166729.0,3.44,-1.05,-0.07,3.41
390,1998-05-19,6.68,6.79,6.58,6.78,9752,8707362.0,3.18,2.57,0.17,2.4
391,1998-05-20,6.79,6.84,6.64,6.68,8442,7503444.0,2.95,-1.47,-0.1,2.07
392,1998-05-21,6.67,6.81,6.56,6.75,7536,6654412.5,3.74,1.05,0.07,1.85
393,1998-05-22,6.75,6.94,6.75,6.91,13586,12418498.0,2.81,2.37,0.16,3.34
394,1998-05-25,6.94,7.01,6.84,7.0,15391,14280938.0,2.46,1.3,0.09,3.78
395,1998-05-26,7.04,7.1,6.89,6.92,8449,7860811.0,3.0,-1.14,-0.08,2.08
396,1998-05-27,6.92,7.17,6.85,7.15,16072,15085512.0,4.62,3.32,0.23,3.95
397,1998-05-28,7.29,7.29,7.0,7.05,12225,11627520.0,4.06,-1.4,-0.1,3.0
398,1998-05-29,7.09,7.17,7.02,7.09,11496,10887185.0,2.13,0.57,0.04,2.82
399,1998-06-01,7.1,7.31,6.94,7.23,20315,19437112.0,5.22,1.97,0.14,4.99
400,1998-06-02,7.3,7.32,7.1,7.22,10022,9710516.0,3.04,-0.14,-0.01,2.46
401,1998-06-03,7.22,7.28,7.11,7.15,10482,10084713.0,2.35,-0.97,-0.07,2.58
402,1998-06-04,7.15,7.33,7.06,7.19,13359,12945360.0,3.78,0.56,0.04,3.28
403,1998-06-05,7.27,7.27,6.91,7.04,8973,8511489.0,5.01,-2.09,-0.15,2.2
404,1998-06-08,7.09,7.09,6.84,6.85,7975,7353846.0,3.55,-2.7,-0.19,1.96
405,1998-06-09,6.85,6.85,6.56,6.66,7277,6445387.0,4.23,-2.77,-0.19,1.79
406,1998-06-10,6.58,6.87,6.51,6.82,4375,3921754.75,5.41,2.4,0.16,1.07
407,1998-06-11,6.82,6.82,6.64,6.64,2504,2223717.0,2.64,-2.64,-0.18,0.62
408,1998-06-12,6.74,6.94,6.7,6.85,4469,4013018.5,3.61,3.16,0.21,1.1
409,1998-06-15,6.84,6.85,6.64,6.66,2798,2495927.5,3.07,-2.77,-0.19,0.69
410,1998-06-16,6.64,6.86,6.61,6.82,4970,4444691.5,3.75,2.4,0.16,1.22
411,1998-06-17,6.86,6.92,6.77,6.84,4470,4076781.0,2.2,0.29,0.02,1.1
412,1998-06-18,6.87,6.91,6.81,6.82,3504,3199269.5,1.46,-0.29,-0.02,0.86
413,1998-06-19,6.88,7.3,6.87,7.29,23903,22977670.0,6.3,6.89,0.47,5.87
414,1998-06-22,7.33,7.67,7.3,7.53,36688,37333156.0,5.08,3.29,0.24,9.01
415,1998-06-23,7.56,7.63,7.4,7.59,17986,18203312.0,3.05,0.8,0.06,4.42
416,1998-06-24,7.63,7.72,7.46,7.48,9840,10009707.0,3.43,-1.45,-0.11,2.42
417,1998-06-25,7.53,7.59,7.12,7.19,15901,15644645.0,6.28,-3.88,-0.29,3.91
418,1998-06-26,7.25,7.33,6.91,7.11,8564,8153937.0,5.84,-1.11,-0.08,2.1
419,1998-06-29,7.1,7.1,6.77,6.84,4817,4420087.5,4.64,-3.8,-0.27,1.18
420,1998-06-30,6.83,7.03,6.83,6.86,3898,3541307.25,2.92,0.29,0.02,0.96
421,1998-07-01,7.06,7.12,6.86,6.86,3629,3296857.5,3.79,0.0,0.0,0.89
422,1998-07-02,6.86,7.05,6.79,7.03,3296,2982286.0,3.79,2.48,0.17,0.81
423,1998-07-03,7.02,7.06,6.92,6.96,2372,2174121.0,1.99,-1.0,-0.07,0.58
424,1998-07-06,7.06,7.06,6.72,6.75,4027,3585990.0,4.89,-3.02,-0.21,0.99
425,1998-07-07,6.73,6.86,6.7,6.85,1565,1400902.88,2.37,1.48,0.1,0.38
426,1998-07-08,6.95,6.96,6.74,6.85,1397,1249873.88,3.21,0.0,0.0,0.34
427,1998-07-09,6.86,6.96,6.75,6.88,2532,2276521.25,3.07,0.44,0.03,0.62
428,1998-07-10,6.96,6.96,6.79,6.94,2858,2576230.5,2.47,0.87,0.06,0.7
429,1998-07-13,6.98,6.98,6.78,6.78,2976,2673792.25,2.88,-2.31,-0.16,0.73
430,1998-07-14,6.78,6.87,6.7,6.73,3503,3108303.75,2.51,-0.74,-0.05,0.86
431,1998-07-15,6.7,6.72,6.5,6.54,6399,5475341.5,3.27,-2.82,-0.19,1.57
432,1998-07-16,6.53,6.6,6.39,6.39,4376,3718169.5,3.21,-2.29,-0.15,1.08
433,1998-07-17,6.4,6.43,6.25,6.34,4659,3822659.25,2.82,-0.78,-0.05,1.14
434,1998-07-20,6.27,6.42,6.2,6.26,2568,2087852.25,3.47,-1.26,-0.08,0.63
435,1998-07-21,6.27,6.47,6.26,6.43,1675,1370693.5,3.35,2.72,0.17,0.41
436,1998-07-22,6.4,6.42,6.34,6.36,1378,1138536.0,1.24,-1.09,-0.07,0.34
437,1998-07-23,6.37,6.56,6.27,6.49,2125,1768477.38,4.56,2.04,0.13,0.52
438,1998-07-24,6.51,6.58,6.47,6.56,2018,1720456.88,1.69,1.08,0.07,0.5
439,1998-07-27,6.58,6.59,6.34,6.4,3550,2958200.5,3.81,-2.44,-0.16,0.87
440,1998-07-28,6.4,6.43,6.3,6.4,2068,1708438.88,2.03,0.0,0.0,0.51
441,1998-07-29,6.53,6.53,6.36,6.39,2058,1710111.12,2.66,-0.16,-0.01,0.51
442,1998-07-30,6.37,6.41,6.32,6.37,1717,1410939.25,1.41,-0.31,-0.02,0.42
443,1998-07-31,6.34,6.39,6.34,6.38,1562,1285760.88,0.78,0.16,0.01,0.38
444,1998-08-03,6.33,6.35,6.2,6.3,1786,1456805.5,2.35,-1.25,-0.08,0.44
445,1998-08-04,6.3,6.3,6.24,6.28,1964,1587758.25,0.95,-0.32,-0.02,0.48
446,1998-08-05,6.27,6.39,6.24,6.37,1210,986504.81,2.39,1.43,0.09,0.3
447,1998-08-06,6.32,6.35,6.27,6.32,2214,1805478.0,1.26,-0.78,-0.05,0.54
448,1998-08-07,6.24,6.35,6.24,6.27,1666,1350880.38,1.74,-0.79,-0.05,0.41
449,1998-08-10,6.24,6.24,6.07,6.09,2148,1697321.12,2.71,-2.87,-0.18,0.53
450,1998-08-11,6.01,6.13,5.88,5.89,1746,1330803.12,4.11,-3.28,-0.2,0.43
451,1998-08-12,5.91,5.94,5.48,5.65,2129,1518122.88,7.81,-4.07,-0.24,0.52
452,1998-08-13,5.67,5.78,5.61,5.75,1801,1303809.5,3.01,1.77,0.1,0.44
453,1998-08-14,5.75,5.75,5.54,5.55,1798,1274545.0,3.65,-3.48,-0.2,0.44
454,1998-08-17,5.35,5.48,5.09,5.09,2123,1369896.0,7.03,-8.29,-0.46,0.52
455,1998-08-18,4.96,5.19,4.89,4.99,2573,1603757.88,5.89,-1.96,-0.1,0.63
456,1998-08-19,5.06,5.27,5.06,5.23,2148,1376511.75,4.21,4.81,0.24,0.53
457,1998-08-20,5.22,5.58,5.12,5.56,4132,2800458.0,8.8,6.31,0.33,1.02
458,1998-08-21,5.55,5.75,5.12,5.71,5006,3572940.5,11.33,2.7,0.15,1.23
459,1998-08-24,5.71,5.71,5.56,5.6,3328,2371992.25,2.63,-1.93,-0.11,0.82
460,1998-08-25,5.6,5.73,5.48,5.61,1760,1254860.12,4.46,0.18,0.01,0.43
461,1998-08-26,5.68,5.68,5.45,5.46,4244,2989312.0,4.1,-2.67,-0.15,1.04
462,1998-08-27,5.42,5.48,5.29,5.35,3524,2367832.5,3.48,-2.01,-0.11,0.87
463,1998-08-28,5.23,5.48,5.17,5.38,1571,1059150.0,5.79,0.56,0.03,0.39
464,1998-08-31,5.35,5.37,5.03,5.37,3010,1976953.12,6.32,-0.19,-0.01,0.74
465,1998-09-01,5.35,5.61,5.29,5.45,2883,1982185.0,5.96,1.49,0.08,0.71
466,1998-09-02,5.36,5.56,5.25,5.55,2685,1856883.88,5.69,1.83,0.1,0.66
467,1998-09-03,5.55,5.78,5.54,5.74,6586,4775260.0,4.32,3.42,0.19,1.62
468,1998-09-04,5.74,5.81,5.71,5.78,4436,3253196.75,1.74,0.7,0.04,1.09
469,1998-09-07,5.78,6.04,5.78,6.01,9618,7237719.5,4.5,3.98,0.23,2.36
470,1998-09-08,6.04,6.12,5.88,5.94,7017,5377398.5,3.99,-1.16,-0.07,1.72
471,1998-09-09,5.88,6.05,5.82,6.04,4332,3310983.0,3.87,1.68,0.1,1.06
472,1998-09-10,6.04,6.2,5.99,6.11,5980,4701077.0,3.48,1.16,0.07,1.47
473,1998-09-11,6.11,6.15,5.99,6.05,4562,3542267.0,2.62,-0.98,-0.06,1.12
474,1998-09-14,6.13,6.2,5.97,6.19,6627,5215374.0,3.8,2.31,0.14,1.63
475,1998-09-15,6.19,6.19,5.67,6.04,4203,3304161.75,8.4,-2.42,-0.15,1.03
476,1998-09-16,6.01,6.28,5.92,6.28,6307,4982322.5,5.96,3.97,0.24,1.55
477,1998-09-17,6.3,6.39,6.14,6.17,6669,5375137.0,3.98,-1.75,-0.11,1.64
478,1998-09-18,6.07,6.18,6.05,6.07,5210,4097548.25,2.11,-1.62,-0.1,1.28
479,1998-09-21,5.97,6.14,5.94,6.13,3843,2955739.75,3.29,0.99,0.06,0.94
480,1998-09-22,6.13,6.47,6.01,6.45,14264,11753629.0,7.5,5.22,0.32,3.5
481,1998-09-23,6.44,6.98,6.43,6.86,32892,29198502.0,8.53,6.36,0.41,8.08
482,1998-09-24,6.89,6.96,6.73,6.85,19965,17991656.0,3.35,-0.15,-0.01,4.91
483,1998-09-25,6.86,7.15,6.76,7.04,26850,24719274.0,5.69,2.77,0.19,6.6
484,1998-09-28,7.01,7.09,6.85,6.95,13509,12357417.0,3.41,-1.28,-0.09,3.32
485,1998-09-29,6.96,7.01,6.88,6.91,7081,6465211.5,1.87,-0.58,-0.04,1.74
486,1998-09-30,6.92,7.09,6.91,6.97,8628,7975611.0,2.6,0.87,0.06,2.12
487,1998-10-05,6.98,7.06,6.85,6.85,7132,6493436.0,3.01,-1.72,-0.12,1.75
488,1998-10-06,6.86,6.98,6.83,6.84,5750,5194711.5,2.19,-0.15,-0.01,1.41
489,1998-10-07,6.77,6.89,6.73,6.85,4965,4461001.5,2.34,0.15,0.01,1.22
490,1998-10-08,6.86,7.1,6.86,7.04,9123,8470586.0,3.5,2.77,0.19,2.24
491,1998-10-09,7.03,7.06,6.92,6.94,3313,3033180.0,1.99,-1.42,-0.1,0.81
492,1998-10-12,6.98,7.35,6.98,7.35,12762,12140319.0,5.33,5.91,0.41,3.14
493,1998-10-13,7.32,7.48,7.12,7.18,9610,9299455.0,4.9,-2.31,-0.17,2.36
494,1998-10-14,7.15,7.3,6.93,6.95,18781,17321554.0,5.15,-3.2,-0.23,4.61
495,1998-10-16,7.06,7.17,6.86,6.98,9989,9243427.0,4.46,0.43,0.03,2.45
496,1998-10-19,6.96,6.99,6.87,6.93,7865,7157753.5,1.72,-0.72,-0.05,1.93
497,1998-10-20,6.93,7.02,6.91,6.99,4774,4371716.0,1.59,0.87,0.06,1.17
498,1998-10-21,7.02,7.02,6.73,6.76,5692,5123762.5,4.15,-3.29,-0.23,1.4
499,1998-10-22,6.73,6.91,6.66,6.89,5005,4446304.5,3.7,1.92,0.13,1.23
500,1998-10-23,6.89,6.96,6.73,6.83,3210,2906726.5,3.34,-0.87,-0.06,0.79
501,1998-10-26,6.77,6.99,6.67,6.95,7258,6571035.5,4.69,1.76,0.12,1.78
502,1998-10-27,6.95,7.15,6.91,7.1,9353,8655478.0,3.45,2.16,0.15,2.3
503,1998-10-28,7.12,7.18,7.0,7.11,5608,5245126.5,2.54,0.14,0.01,1.38
504,1998-10-29,7.11,7.11,6.91,6.95,8488,7827554.5,2.81,-2.25,-0.16,2.09
505,1998-10-30,6.99,7.15,6.98,7.01,5862,5462508.0,2.45,0.86,0.06,1.44
506,1998-11-02,7.06,7.42,7.06,7.29,28630,27795992.0,5.14,3.99,0.28,7.03
507,1998-11-03,7.3,7.48,7.17,7.3,25426,24821100.0,4.25,0.14,0.01,6.25
508,1998-11-04,7.37,7.48,7.26,7.27,14194,13906896.0,3.01,-0.41,-0.03,3.49
509,1998-11-05,7.27,7.48,7.25,7.44,17373,17060086.0,3.16,2.34,0.17,4.27
510,1998-11-06,7.48,7.65,7.38,7.4,19202,19209118.0,3.63,-0.54,-0.04,4.72
511,1998-11-09,7.39,7.46,7.29,7.38,20361,19928116.0,2.3,-0.27,-0.02,5.0
512,1998-11-10,7.37,7.78,7.3,7.71,31150,31744464.0,6.5,4.47,0.33,7.65
513,1998-11-11,7.76,8.03,7.65,7.95,23093,24136390.0,4.93,3.11,0.24,5.67
514,1998-11-12,7.97,8.27,7.87,8.07,32252,35181232.0,5.03,1.51,0.12,7.92
515,1998-11-13,8.04,8.77,7.97,8.69,41997,48021160.0,9.91,7.68,0.62,10.32
516,1998-11-16,8.63,8.89,8.52,8.58,39514,46897980.0,4.26,-1.27,-0.11,9.71
517,1998-11-17,8.63,9.11,8.58,8.95,36505,44198976.0,6.18,4.31,0.37,8.97
518,1998-11-18,8.95,9.02,8.83,8.94,18300,22183654.0,2.12,-0.11,-0.01,4.5
519,1998-11-19,8.94,9.07,8.69,8.76,17281,20734202.0,4.25,-2.01,-0.18,4.25
520,1998-11-20,8.69,8.83,8.38,8.43,17034,19810406.0,5.14,-3.77,-0.33,4.19
521,1998-11-23,8.5,8.78,8.44,8.5,13380,15566062.0,4.03,0.83,0.07,3.29
522,1998-11-24,8.5,8.79,8.5,8.75,10951,12920783.0,3.41,2.94,0.25,2.69
523,1998-11-25,8.77,8.93,8.63,8.66,8442,10080090.0,3.43,-1.03,-0.09,2.07
524,1998-11-26,8.53,8.83,8.53,8.63,4879,5746147.0,3.46,-0.35,-0.03,1.2
525,1998-11-27,8.65,8.75,8.42,8.43,7489,8657791.0,3.82,-2.32,-0.2,1.84
526,1998-11-30,8.46,8.57,8.26,8.37,8804,9995757.0,3.68,-0.71,-0.06,2.16
527,1998-12-01,8.37,8.46,8.04,8.08,10954,12246734.0,5.02,-3.46,-0.29,2.69
528,1998-12-02,7.97,8.05,7.75,7.87,14309,15074630.0,3.71,-2.6,-0.21,3.52
529,1998-12-03,7.91,8.34,7.91,8.16,10479,11486533.0,5.46,3.68,0.29,2.57
530,1998-12-04,8.04,8.26,7.85,7.95,6503,6968560.0,5.02,-2.57,-0.21,1.6
531,1998-12-07,8.18,8.27,7.62,7.63,4805,5061556.0,8.18,-4.03,-0.32,1.18
532,1998-12-08,7.59,7.91,7.59,7.87,5232,5459809.5,4.19,3.15,0.24,1.29
533,1998-12-09,7.86,8.01,7.78,7.93,1415,1497281.75,2.92,0.76,0.06,0.35
534,1998-12-10,7.9,8.0,7.8,7.83,1715,1809888.38,2.52,-1.26,-0.1,0.42
535,1998-12-11,7.83,7.9,7.72,7.84,1924,2014503.38,2.3,0.13,0.01,0.47
536,1998-12-14,7.79,7.82,7.65,7.69,1006,1041770.0,2.17,-1.91,-0.15,0.25
537,1998-12-15,7.64,7.68,7.08,7.55,4230,4191968.25,7.8,-1.82,-0.14,1.04
538,1998-12-16,7.58,7.71,7.48,7.63,2229,2264161.5,3.05,1.06,0.08,0.55
539,1998-12-17,7.62,7.65,7.48,7.63,3918,3929182.75,2.23,0.0,0.0,0.96
540,1998-12-18,7.52,7.72,7.51,7.68,2389,2443204.75,2.75,0.66,0.05,0.59
541,1998-12-21,7.7,7.84,7.66,7.8,2066,2140872.75,2.34,1.56,0.12,0.51
542,1998-12-22,7.69,8.24,7.69,8.22,5545,6036627.5,7.05,5.38,0.42,1.36
543,1998-12-23,8.24,8.24,8.1,8.17,6197,6816475.0,1.7,-0.61,-0.05,1.52
544,1998-12-24,8.14,8.14,8.01,8.01,2084,2258623.0,1.59,-1.96,-0.16,0.51
545,1998-12-25,8.01,8.17,7.91,8.0,1140,1227791.38,3.25,-0.12,-0.01,0.28
546,1998-12-28,8.02,8.1,7.52,7.95,1073,1141931.12,7.25,-0.63,-0.05,0.26
547,1998-12-29,7.74,7.94,7.65,7.7,1533,1592257.62,3.65,-3.14,-0.25,0.38
548,1998-12-30,7.7,8.14,7.68,7.8,2003,2096796.62,5.97,1.3,0.1,0.49
549,1998-12-31,7.7,7.93,7.55,7.56,2987,3088738.0,4.87,-3.08,-0.24,0.73
550,1999-01-04,7.56,7.68,7.51,7.55,811,817519.25,2.25,-0.13,-0.01,0.2
551,1999-01-05,7.55,7.58,7.45,7.55,1835,1840944.38,1.72,0.0,0.0,0.45
552,1999-01-06,7.8,7.8,7.31,7.63,940,950873.0,6.49,1.06,0.08,0.23
553,1999-01-07,7.65,7.7,7.55,7.65,836,851952.62,1.97,0.26,0.02,0.21
554,1999-01-08,7.61,7.96,7.61,7.91,1868,1956217.5,4.58,3.4,0.26,0.46
555,1999-01-11,7.84,8.05,7.71,7.97,2142,2264832.5,4.3,0.76,0.06,0.53
556,1999-01-12,7.97,8.01,7.77,7.8,1656,1752010.38,3.01,-2.13,-0.17,0.41
557,1999-01-13,7.72,7.9,7.53,7.84,1938,1999743.62,4.74,0.51,0.04,0.48
558,1999-01-14,7.79,7.84,7.66,7.76,1718,1781288.12,2.3,-1.02,-0.08,0.42
559,1999-01-15,7.71,7.87,7.68,7.86,2965,3083853.75,2.45,1.29,0.1,0.73
560,1999-01-18,7.87,8.29,7.87,8.19,7912,8657207.0,5.34,4.2,0.33,1.94
561,1999-01-19,8.24,8.24,8.12,8.16,3299,3625244.75,1.47,-0.37,-0.03,0.81
562,1999-01-20,8.17,8.19,8.01,8.07,3285,3585149.5,2.21,-1.1,-0.09,0.81
563,1999-01-21,7.84,8.22,7.84,8.18,3364,3617450.75,4.71,1.36,0.11,0.83
564,1999-01-22,8.17,8.22,8.01,8.14,3882,4263795.5,2.57,-0.49,-0.04,0.95
565,1999-01-25,8.04,8.17,8.03,8.14,2064,2251011.5,1.72,0.0,0.0,0.51
566,1999-01-26,8.07,8.15,7.93,8.13,1882,2055231.25,2.7,-0.12,-0.01,0.46
567,1999-01-27,8.14,8.16,8.0,8.14,1833,1998126.12,1.97,0.12,0.01,0.45
568,1999-01-28,8.17,8.6,8.17,8.43,10366,11792687.0,5.28,3.56,0.29,2.55
569,1999-01-29,8.37,8.54,8.17,8.34,3971,4454662.5,4.39,-1.07,-0.09,0.98
570,1999-02-01,8.22,8.4,8.04,8.2,4580,5053845.0,4.32,-1.68,-0.14,1.13
571,1999-02-02,8.17,8.17,7.78,8.06,5856,6242767.0,4.76,-1.71,-0.14,1.44
572,1999-02-03,7.97,8.07,7.6,7.95,7028,7335294.5,5.83,-1.36,-0.11,1.73
573,1999-02-04,7.85,7.85,7.61,7.75,3926,4054538.0,3.02,-2.52,-0.2,0.96
574,1999-02-05,7.74,7.74,7.25,7.25,4321,4272775.5,6.32,-6.45,-0.5,1.06
575,1999-02-08,7.17,7.51,7.06,7.19,2206,2124505.0,6.21,-0.83,-0.06,0.54
576,1999-02-09,7.44,7.44,7.19,7.34,1472,1429595.38,3.48,2.09,0.15,0.36
577,1999-03-01,7.57,7.58,7.19,7.44,1325,1309269.5,5.31,1.36,0.1,0.33
578,1999-03-02,7.48,7.57,7.38,7.51,1422,1416380.75,2.55,0.94,0.07,0.35
579,1999-03-03,7.51,7.57,7.38,7.56,1168,1163512.5,2.53,0.67,0.05,0.29
580,1999-03-04,7.51,7.57,7.48,7.57,1033,1034602.38,1.19,0.13,0.01,0.25
581,1999-03-05,7.57,7.71,7.52,7.7,1379,1404253.88,2.51,1.72,0.13,0.34
582,1999-03-08,7.71,7.84,7.51,7.61,1838,1887173.25,4.29,-1.17,-0.09,0.45
583,1999-03-09,7.58,7.81,7.58,7.63,1368,1394558.12,3.02,0.26,0.02,0.34
584,1999-03-10,7.63,7.71,7.51,7.63,1450,1475414.12,2.62,0.0,0.0,0.36
585,1999-03-12,7.84,7.84,7.42,7.44,3962,3972319.0,5.5,-2.49,-0.19,0.97
586,1999-03-15,7.44,7.44,7.17,7.19,12158,11658986.0,3.63,-3.36,-0.25,2.99
587,1999-03-16,7.21,7.22,6.93,7.06,10672,9926076.0,4.03,-1.81,-0.13,2.62
588,1999-03-17,7.06,7.22,7.02,7.17,8371,7888113.0,2.83,1.56,0.11,2.06
589,1999-03-18,7.18,7.21,7.02,7.05,4504,4220487.5,2.65,-1.67,-0.12,1.11
590,1999-03-19,7.04,7.19,6.72,7.15,12245,11070655.0,6.67,1.42,0.1,3.01
591,1999-03-22,7.15,7.15,6.78,6.86,16215,14635399.0,5.17,-4.06,-0.29,3.98
592,1999-03-23,6.85,6.85,6.62,6.65,11420,10000624.0,3.35,-3.06,-0.21,2.81
593,1999-03-24,6.64,6.86,6.62,6.81,27554,24165496.0,3.61,2.41,0.16,6.77
594,1999-03-25,6.77,6.83,6.7,6.75,6054,5361247.0,1.91,-0.88,-0.06,1.49
595,1999-03-26,6.74,6.84,6.73,6.75,6056,5368685.5,1.63,0.0,0.0,1.49
596,1999-03-29,6.78,6.82,6.62,6.74,13309,11620511.0,2.96,-0.15,-0.01,3.27
597,1999-03-30,6.73,6.94,6.73,6.81,10947,9815026.0,3.12,1.04,0.07,2.69
598,1999-03-31,6.81,6.98,6.65,6.73,16386,14574375.0,4.85,-1.17,-0.08,4.03
599,1999-04-01,6.75,6.81,6.65,6.72,7618,6677373.0,2.38,-0.15,-0.01,1.87
600,1999-04-02,6.79,6.92,6.77,6.86,10426,9351357.0,2.23,2.08,0.14,2.56
601,1999-04-05,6.98,7.15,6.98,7.14,24831,23245724.0,2.48,4.08,0.28,6.1
602,1999-04-06,7.19,7.23,7.04,7.12,9665,9062908.0,2.66,-0.28,-0.02,2.37
603,1999-04-07,7.15,7.15,6.92,6.99,8211,7541013.0,3.23,-1.83,-0.13,2.02
604,1999-04-08,6.99,7.0,6.86,6.91,7413,6716308.0,2.0,-1.14,-0.08,1.82
605,1999-04-09,6.86,6.92,6.79,6.82,6253,5617642.0,1.88,-1.3,-0.09,1.54
606,1999-04-12,6.79,6.79,6.64,6.66,6637,5805335.5,2.2,-2.35,-0.16,1.63
607,1999-04-13,6.62,6.7,6.53,6.61,5383,4639378.0,2.55,-0.75,-0.05,1.32
608,1999-04-14,6.6,6.68,6.53,6.55,5269,4517910.0,2.27,-0.91,-0.06,1.29
609,1999-04-15,6.56,6.72,6.47,6.56,4999,4307711.0,3.82,0.15,0.01,1.23
610,1999-04-16,6.56,6.66,6.54,6.62,3392,2916837.0,1.83,0.91,0.06,0.83
611,1999-04-19,6.66,6.68,6.47,6.51,4106,3488773.25,3.17,-1.66,-0.11,1.01
612,1999-04-20,6.5,6.63,6.5,6.52,2801,2381282.0,2.0,0.15,0.01,0.69
613,1999-04-21,6.52,6.61,6.3,6.32,6678,5579260.5,4.75,-3.07,-0.2,1.64
614,1999-04-22,6.29,6.29,5.94,6.1,10041,7905796.0,5.54,-3.48,-0.22,2.47
615,1999-04-23,6.2,6.2,6.04,6.06,6228,4882189.0,2.62,-0.66,-0.04,1.53
616,1999-04-26,6.07,6.17,6.06,6.07,4140,3240631.25,1.82,0.17,0.01,1.02
617,1999-04-27,6.07,6.14,5.97,6.11,2983,2331663.75,2.8,0.66,0.04,0.73
618,1999-04-28,6.14,6.45,6.07,6.11,3811,3046355.25,6.22,0.0,0.0,0.94
619,1999-04-29,6.18,6.24,6.1,6.22,3066,2431153.0,2.29,1.8,0.11,0.75
620,1999-04-30,6.24,6.58,6.22,6.47,25467,21103126.0,5.79,4.02,0.25,6.26
621,1999-05-04,6.5,6.5,6.28,6.3,6400,5273068.0,3.4,-2.63,-0.17,1.57
622,1999-05-05,6.33,6.39,6.28,6.35,2964,2431097.0,1.75,0.79,0.05,0.73
623,1999-05-06,6.34,6.45,6.3,6.35,3144,2592260.75,2.36,0.0,0.0,0.77
624,1999-05-07,6.35,6.35,6.14,6.15,5950,4786386.0,3.31,-3.15,-0.2,1.46
625,1999-05-10,6.14,6.14,5.71,5.77,8401,6380456.0,6.99,-6.18,-0.38,2.06
626,1999-05-11,5.75,5.99,5.75,5.97,4587,3432378.25,4.16,3.47,0.2,1.13
627,1999-05-12,5.94,6.01,5.82,5.92,2546,1912594.75,3.18,-0.84,-0.05,0.63
628,1999-05-13,5.92,5.94,5.78,5.8,1810,1350687.75,2.7,-2.03,-0.12,0.44
629,1999-05-14,5.8,5.82,5.59,5.62,5072,3630276.5,3.97,-3.1,-0.18,1.25
630,1999-05-17,5.58,5.69,5.57,5.61,2362,1686061.12,2.14,-0.18,-0.01,0.58
631,1999-05-18,5.63,5.72,5.5,5.5,1772,1261252.88,3.92,-1.96,-0.11,0.44
632,1999-05-19,5.52,5.77,5.52,5.76,3771,2695644.0,4.55,4.73,0.26,0.93
633,1999-05-20,5.78,6.03,5.78,6.0,6735,5107439.5,4.34,4.17,0.24,1.65
634,1999-05-21,6.01,6.04,5.88,5.97,7561,5782349.5,2.67,-0.5,-0.03,1.86
635,1999-05-24,5.96,6.3,5.91,6.29,12470,9913006.0,6.53,5.36,0.32,3.06
636,1999-05-25,6.3,6.44,6.03,6.09,13189,10803972.0,6.52,-3.18,-0.2,3.24
637,1999-05-26,6.01,6.25,5.99,6.2,9184,7273880.0,4.27,1.81,0.11,2.26
638,1999-05-27,6.21,6.39,6.21,6.39,13796,11237966.0,2.9,3.06,0.19,3.39
639,1999-05-28,6.4,6.53,6.22,6.29,11104,9049859.0,4.85,-1.56,-0.1,2.73
640,1999-05-31,6.3,6.33,6.07,6.27,15228,12115645.0,4.13,-0.32,-0.02,3.74
641,1999-06-01,6.27,6.66,6.13,6.66,19116,15928637.0,8.45,6.22,0.39,4.7
642,1999-06-02,6.66,6.66,6.32,6.35,16030,13387409.0,5.11,-4.65,-0.31,3.94
643,1999-06-03,6.3,6.4,6.14,6.18,8967,7237432.0,4.09,-2.68,-0.17,2.2
644,1999-06-04,6.18,6.27,6.18,6.26,8157,6543858.5,1.46,1.29,0.08,2.0
645,1999-06-07,6.27,6.5,6.2,6.41,10939,9001382.0,4.79,2.4,0.15,2.69
646,1999-06-08,6.42,6.72,6.3,6.66,19217,16320008.0,6.55,3.9,0.25,4.72
647,1999-06-09,6.66,6.77,6.51,6.68,18497,16075076.0,3.9,0.3,0.02,4.54
648,1999-06-10,6.66,7.04,6.6,6.79,19221,17113974.0,6.59,1.65,0.11,4.72
649,1999-06-11,6.79,7.15,6.75,7.1,25282,23342260.0,5.89,4.57,0.31,6.21
650,1999-06-14,7.19,7.37,7.08,7.3,27672,26345594.0,4.08,2.82,0.2,6.8
651,1999-06-15,7.35,7.45,6.66,6.86,31591,29517158.0,10.82,-6.03,-0.44,7.76
652,1999-06-16,6.92,7.15,6.73,7.13,18138,16520598.0,6.12,3.94,0.27,4.46
653,1999-06-17,7.06,7.29,6.9,7.12,19937,18611648.0,5.47,-0.14,-0.01,4.9
654,1999-06-18,7.12,7.58,6.99,7.45,32039,30955096.0,8.29,4.63,0.33,7.87
655,1999-06-21,7.58,7.95,7.51,7.82,37508,39012272.0,5.91,4.97,0.37,9.22
656,1999-06-22,8.04,8.5,7.97,8.29,52423,58207400.0,6.78,6.01,0.47,12.88
657,1999-06-23,8.3,8.35,7.94,8.21,28626,31311388.0,4.95,-0.97,-0.08,7.03
658,1999-06-24,8.22,8.43,8.04,8.36,27050,29796752.0,4.75,1.83,0.15,6.65
659,1999-06-25,8.36,8.42,7.65,7.67,27243,29676008.0,9.21,-8.25,-0.69,6.69
660,1999-06-28,7.65,8.06,7.57,7.97,20285,21222424.0,6.39,3.91,0.3,4.98
661,1999-06-29,7.97,8.06,7.63,7.8,23882,24911824.0,5.4,-2.13,-0.17,5.87
662,1999-06-30,7.84,7.88,7.52,7.55,19797,20178670.0,4.62,-3.21,-0.25,4.86
663,1999-07-01,7.51,7.83,6.94,7.21,23792,23755298.0,11.79,-4.5,-0.34,5.85
664,1999-07-02,7.38,7.74,7.19,7.62,12588,12551797.0,7.63,5.69,0.41,3.09
665,1999-07-05,7.65,7.68,7.35,7.36,7049,7020135.5,4.33,-3.41,-0.26,1.73
666,1999-07-06,7.35,7.35,6.92,7.04,7736,7301532.0,5.84,-4.35,-0.32,1.9
667,1999-07-07,6.96,7.21,6.96,7.09,6384,5930691.5,3.55,0.71,0.05,1.57
668,1999-07-08,7.15,7.3,7.06,7.29,5947,5680313.5,3.39,2.82,0.2,1.46
669,1999-07-09,7.25,7.44,7.24,7.27,5509,5364100.0,2.74,-0.27,-0.02,1.35
670,1999-07-12,7.44,7.9,7.12,7.71,19576,19854672.0,10.73,6.05,0.44,4.81
671,1999-07-13,7.72,7.84,7.39,7.48,10137,10292585.0,5.84,-2.98,-0.23,2.49
672,1999-07-14,7.5,8.12,7.5,8.09,41208,44086452.0,8.29,8.16,0.61,10.12
673,1999-07-15,8.29,8.3,7.95,8.04,19311,21057904.0,4.33,-0.62,-0.05,4.74
674,1999-07-16,7.96,7.96,7.46,7.51,9797,10051756.0,6.22,-6.59,-0.53,2.41
675,1999-07-19,7.44,7.44,6.97,6.99,14030,13174822.0,6.26,-6.92,-0.52,3.45
676,1999-07-20,7.15,7.45,7.03,7.43,7070,6802600.5,6.01,6.29,0.44,1.74
677,1999-07-21,7.48,7.81,7.39,7.64,12936,13075154.0,5.65,2.83,0.21,3.18
678,1999-07-22,7.63,7.63,7.23,7.25,9318,9181367.0,5.24,-5.1,-0.39,2.29
679,1999-07-23,7.32,7.51,7.25,7.44,7232,7080662.0,3.59,2.62,0.19,1.78
680,1999-07-26,7.44,7.74,7.44,7.7,11158,11338919.0,4.03,3.49,0.26,2.74
681,1999-07-27,7.72,7.78,7.51,7.59,3957,4008673.0,3.51,-1.43,-0.11,0.97
682,1999-07-28,7.57,7.92,7.55,7.82,11569,12048271.0,4.87,3.03,0.23,2.84
683,1999-07-29,7.91,8.1,7.81,7.84,16112,17205894.0,3.71,0.26,0.02,3.96
684,1999-07-30,8.1,8.17,7.96,8.03,35020,37937060.0,2.68,2.42,0.19,8.6
685,1999-08-02,8.04,8.23,7.82,8.11,15387,16674603.0,5.11,1.0,0.08,3.78
686,1999-08-03,8.04,8.36,8.04,8.19,20894,23191922.0,3.95,0.99,0.08,5.13
687,1999-08-04,8.3,8.32,7.93,8.0,11008,11922762.0,4.76,-2.32,-0.19,2.7
688,1999-08-05,8.0,8.04,7.81,7.92,9645,10186676.0,2.88,-1.0,-0.08,2.37
689,1999-08-06,7.91,7.93,7.65,7.84,9674,10037179.0,3.54,-1.01,-0.08,2.38
690,1999-08-09,7.85,8.16,7.7,8.07,9246,9937677.0,5.87,2.93,0.23,2.27
691,1999-08-10,8.14,8.37,7.91,7.91,19859,21904012.0,5.7,-1.98,-0.16,4.88
692,1999-08-11,7.85,7.99,7.63,7.74,5661,5884664.0,4.55,-2.15,-0.17,1.39
693,1999-08-12,7.65,7.91,7.65,7.74,3371,3480280.5,3.36,0.0,0.0,0.83
694,1999-08-13,7.63,7.74,7.56,7.57,4121,4190531.75,2.33,-2.2,-0.17,1.01
695,1999-08-16,7.54,7.55,7.32,7.37,3447,3403776.0,3.04,-2.64,-0.2,0.85
696,1999-08-17,7.38,7.65,7.38,7.52,3915,3922063.75,3.66,2.04,0.15,0.96
697,1999-08-18,7.58,7.66,7.49,7.61,2815,2822306.75,2.26,1.2,0.09,0.69
698,1999-08-19,7.7,7.84,7.65,7.76,5400,5604007.5,2.5,1.97,0.15,1.33
699,1999-08-20,7.76,8.16,7.75,7.99,10248,10968054.0,5.28,2.96,0.23,2.52
700,1999-08-24,8.04,8.16,7.87,8.07,7923,8518042.0,3.63,1.0,0.08,1.95
701,1999-08-25,8.04,8.07,7.87,7.89,4412,4703683.5,2.48,-2.23,-0.18,1.08
702,1999-08-26,7.84,7.97,7.76,7.96,3785,3973505.5,2.66,0.89,0.07,0.93
703,1999-08-27,8.03,8.35,7.86,8.3,26161,28844644.0,6.16,4.27,0.34,6.43
704,1999-08-30,8.34,8.56,8.2,8.37,23822,27041672.0,4.34,0.84,0.07,5.85
705,1999-08-31,8.45,8.46,8.22,8.26,11663,13063543.0,2.87,-1.31,-0.11,2.87
706,1999-09-01,8.29,8.3,7.97,8.01,6347,6952258.0,4.0,-3.03,-0.25,1.56
707,1999-09-02,7.99,8.22,7.89,8.14,4870,5244864.0,4.12,1.62,0.13,1.2
708,1999-09-03,8.14,8.36,7.97,8.14,7130,7899272.0,4.79,0.0,0.0,1.75
709,1999-09-06,8.05,8.16,7.91,7.95,3567,3832823.5,3.07,-2.33,-0.19,0.88
710,1999-09-07,8.04,8.07,7.91,7.95,2683,2873588.5,2.01,0.0,0.0,0.66
711,1999-09-08,7.97,8.3,7.97,8.08,4335,4718953.5,4.15,1.64,0.13,1.07
712,1999-09-09,8.17,8.69,8.17,8.6,20851,23936082.0,6.44,6.44,0.52,5.12
713,1999-09-10,8.67,8.92,8.53,8.71,28775,34154196.0,4.53,1.28,0.11,7.07
714,1999-09-13,8.73,8.95,8.61,8.83,14075,16818630.0,3.9,1.38,0.12,3.46
715,1999-09-14,8.88,8.92,8.69,8.75,14589,17497562.0,2.6,-0.91,-0.08,3.58
716,1999-09-15,8.89,9.05,8.77,8.93,19580,23798074.0,3.2,2.06,0.18,4.81
717,1999-09-16,8.89,8.89,8.57,8.58,10962,12875773.0,3.58,-3.92,-0.35,2.69
718,1999-09-17,8.5,8.72,8.5,8.58,6345,7410994.0,2.56,0.0,0.0,1.56
719,1999-09-20,8.58,8.7,8.29,8.39,6534,7512156.0,4.78,-2.21,-0.19,1.61
720,1999-09-21,8.31,8.43,8.22,8.24,4142,4651510.5,2.5,-1.79,-0.15,1.02
721,1999-09-22,8.36,8.37,8.25,8.32,3187,3579896.0,1.46,0.97,0.08,0.78
722,1999-09-23,8.43,8.46,8.25,8.29,3051,3428693.25,2.52,-0.36,-0.03,0.75
723,1999-09-24,8.33,8.44,8.26,8.29,2005,2257347.75,2.17,0.0,0.0,0.49
724,1999-09-27,8.37,8.4,8.25,8.26,2648,2972586.0,1.81,-0.36,-0.03,0.65
725,1999-09-28,8.29,8.29,7.94,7.96,4789,5180239.0,4.24,-3.63,-0.3,1.18
726,1999-09-29,7.97,8.1,7.88,7.89,3607,3862040.5,2.76,-0.88,-0.07,0.89
727,1999-09-30,7.89,8.01,7.86,7.87,2634,2790914.25,1.9,-0.25,-0.02,0.65
728,1999-10-08,7.84,7.84,7.57,7.59,2244,2300404.25,3.43,-3.56,-0.28,0.55
729,1999-10-11,7.57,7.7,7.51,7.57,2801,2825762.0,2.5,-0.26,-0.02,0.69
730,1999-10-12,7.59,7.78,7.58,7.78,1515,1553116.0,2.64,2.77,0.21,0.37
731,1999-10-13,7.84,7.86,7.68,7.68,2497,2581172.0,2.31,-1.29,-0.1,0.61
732,1999-10-14,7.7,7.97,7.58,7.65,1876,1934377.0,5.08,-0.39,-0.03,0.46
733,1999-10-15,7.71,7.87,7.71,7.76,1501,1562464.0,2.09,1.44,0.11,0.37
734,1999-10-18,7.78,7.78,7.48,7.49,3180,3207558.5,3.87,-3.48,-0.27,0.78
735,1999-10-19,7.45,7.49,7.27,7.27,2586,2534298.5,2.94,-2.94,-0.22,0.64
736,1999-10-20,7.12,7.38,7.12,7.32,2075,2003641.5,3.58,0.69,0.05,0.51
737,1999-10-21,7.32,7.32,7.14,7.15,1874,1785500.12,2.46,-2.32,-0.17,0.46
738,1999-10-22,7.06,7.36,7.06,7.25,2673,2568325.25,4.2,1.4,0.1,0.66
739,1999-10-25,7.29,7.32,7.13,7.29,1320,1267972.5,2.62,0.55,0.04,0.32
740,1999-10-26,7.34,7.48,7.29,7.46,3080,3016497.25,2.61,2.33,0.17,0.76
741,1999-10-27,7.51,7.7,7.51,7.6,3757,3791754.5,2.55,1.88,0.14,0.92
742,1999-10-28,7.57,7.58,7.45,7.48,1468,1470652.12,1.71,-1.58,-0.12,0.36
743,1999-10-29,7.51,7.61,7.4,7.4,2291,2278821.0,2.81,-1.07,-0.08,0.56
744,1999-11-01,7.38,7.51,7.25,7.32,1505,1478802.0,3.51,-1.08,-0.08,0.37
745,1999-11-02,7.31,7.46,7.25,7.33,1340,1306286.25,2.87,0.14,0.01,0.33
746,1999-11-03,7.27,7.38,7.25,7.32,813,787981.38,1.77,-0.14,-0.01,0.2
747,1999-11-04,7.29,7.37,7.17,7.21,2220,2121525.0,2.73,-1.5,-0.11,0.55
748,1999-11-05,7.12,7.37,7.12,7.3,1907,1829600.25,3.47,1.25,0.09,0.47
749,1999-11-08,7.28,7.43,7.19,7.34,3396,3305569.0,3.29,0.55,0.04,0.83
750,1999-11-09,7.33,7.48,7.28,7.34,2658,2609713.25,2.72,0.0,0.0,0.65
751,1999-11-10,7.3,7.32,7.15,7.25,1932,1842376.0,2.32,-1.23,-0.09,0.47
752,1999-11-11,7.13,7.38,7.13,7.31,2799,2713331.5,3.45,0.83,0.06,0.69
753,1999-11-12,7.38,7.38,7.25,7.3,1446,1404669.25,1.78,-0.14,-0.01,0.36
754,1999-11-15,7.41,7.41,7.2,7.29,1177,1140560.0,2.88,-0.14,-0.01,0.29
755,1999-11-16,7.38,7.4,7.17,7.17,1433,1380936.25,3.16,-1.65,-0.12,0.35
756,1999-11-17,7.19,7.35,7.13,7.34,1904,1822377.5,3.07,2.37,0.17,0.47
757,1999-11-18,7.38,7.63,7.29,7.44,3885,3876949.5,4.63,1.36,0.1,0.95
758,1999-11-19,7.41,7.52,7.34,7.34,1980,1953825.75,2.42,-1.34,-0.1,0.49
759,1999-11-22,7.35,7.57,7.35,7.51,5054,5042185.0,3.0,2.32,0.17,1.24
760,1999-11-23,7.55,7.89,7.53,7.78,18107,18710222.0,4.79,3.6,0.27,4.45
761,1999-11-24,7.78,7.86,7.68,7.72,7174,7447432.5,2.31,-0.77,-0.06,1.76
762,1999-11-25,7.71,7.71,7.53,7.61,3246,3284439.75,2.33,-1.42,-0.11,0.8
763,1999-11-26,7.68,7.68,7.55,7.67,2274,2306049.75,1.71,0.79,0.06,0.56
764,1999-11-29,7.74,7.86,7.67,7.78,5875,6117767.0,2.48,1.43,0.11,1.44
765,1999-11-30,7.78,7.82,7.7,7.7,2072,2144730.75,1.54,-1.03,-0.08,0.51
766,1999-12-01,7.64,7.81,7.59,7.78,3363,3442055.75,2.86,1.04,0.08,0.83
767,1999-12-02,7.7,7.85,7.63,7.64,2375,2465633.0,2.83,-1.8,-0.14,0.58
768,1999-12-03,7.63,7.67,7.55,7.65,2111,2144962.75,1.57,0.13,0.01,0.52
769,1999-12-06,7.62,7.65,7.45,7.46,3367,3375453.75,2.61,-2.48,-0.19,0.83
770,1999-12-07,7.43,7.52,7.32,7.33,2557,2507751.0,2.68,-1.74,-0.13,0.63
771,1999-12-08,7.33,7.38,7.12,7.28,5480,5243615.0,3.55,-0.68,-0.05,1.35
772,1999-12-09,7.24,7.25,7.19,7.23,1552,1482731.25,0.82,-0.69,-0.05,0.38
773,1999-12-10,7.25,7.29,7.19,7.22,2618,2504763.5,1.38,-0.14,-0.01,0.64
774,1999-12-13,7.19,7.29,7.09,7.11,2907,2750024.75,2.77,-1.52,-0.11,0.71
775,1999-12-14,7.06,7.11,6.96,7.0,4424,4088310.5,2.11,-1.55,-0.11,1.09
776,1999-12-15,6.99,7.23,6.99,7.17,2762,2603793.0,3.43,2.43,0.17,0.68
777,1999-12-16,7.19,7.19,7.0,7.0,1678,1572234.0,2.65,-2.37,-0.17,0.41
778,1999-12-17,7.02,7.15,7.02,7.12,1827,1702663.0,1.86,1.71,0.12,0.45
779,1999-12-21,7.1,7.1,6.89,6.91,1910,1741706.12,2.95,-2.95,-0.21,0.47
780,1999-12-22,6.92,6.95,6.74,6.75,2097,1876407.5,3.04,-2.32,-0.16,0.52
781,1999-12-23,6.7,6.77,6.61,6.62,2633,2296097.25,2.37,-1.93,-0.13,0.65
782,1999-12-24,6.6,6.72,6.6,6.62,1263,1092109.38,1.81,0.0,0.0,0.31
783,1999-12-27,6.63,6.63,6.32,6.44,3228,2704653.75,4.68,-2.72,-0.18,0.79
784,1999-12-28,6.4,6.5,6.39,6.39,1633,1364158.25,1.71,-0.78,-0.05,0.4
785,1999-12-29,6.4,6.48,6.2,6.39,4288,3481307.0,4.38,0.0,0.0,1.05
786,1999-12-30,6.41,6.55,6.39,6.55,1668,1403154.5,2.5,2.5,0.16,0.41
787,2000-01-04,6.58,6.7,6.43,6.64,2942,2517214.5,4.12,1.37,0.09,0.72
788,2000-01-05,6.64,6.85,6.54,6.77,4551,4038105.75,4.67,1.96,0.13,1.12
789,2000-01-06,6.79,7.36,6.68,7.36,11571,10945644.0,10.04,8.71,0.59,2.84
790,2000-01-07,7.85,7.87,7.5,7.65,30052,30793986.0,5.03,3.94,0.29,7.38
791,2000-01-10,7.76,7.76,7.44,7.71,15622,15833948.0,4.18,0.78,0.06,3.84
792,2000-01-11,7.71,8.07,7.55,7.72,23779,24886916.0,6.74,0.13,0.01,5.84
793,2000-01-12,7.71,8.04,7.51,7.55,15371,15808146.0,6.87,-2.2,-0.17,3.78
794,2000-01-13,7.83,7.83,7.29,7.32,10660,10760838.0,7.15,-3.05,-0.23,2.62
795,2000-01-14,7.32,7.34,6.92,6.96,13440,12445519.0,5.74,-4.92,-0.36,3.3
796,2000-01-17,6.86,7.13,6.79,7.11,5593,5145055.0,4.89,2.16,0.15,1.37
797,2000-01-18,7.13,7.19,7.06,7.19,4629,4354769.0,1.83,1.13,0.08,1.14
798,2000-01-19,7.22,7.22,7.07,7.17,3147,2962450.0,2.09,-0.28,-0.02,0.77
799,2000-01-20,7.22,7.32,7.1,7.25,7409,7038186.0,3.07,1.12,0.08,1.82
800,2000-01-21,7.19,7.27,7.11,7.13,12031,11368670.0,2.21,-1.66,-0.12,2.96
801,2000-01-24,7.3,7.45,7.02,7.4,10077,9571014.0,6.03,3.79,0.27,2.48
802,2000-01-25,7.38,7.41,7.14,7.21,6948,6628496.0,3.65,-2.57,-0.19,1.71
803,2000-01-26,7.17,7.2,7.03,7.15,6537,6118745.0,2.36,-0.83,-0.06,1.61
804,2000-01-27,7.12,7.19,6.98,7.06,10423,9745173.0,2.94,-1.26,-0.09,2.56
805,2000-01-28,7.01,7.22,6.99,7.19,8521,7942423.0,3.26,1.84,0.13,2.09
806,2000-02-14,7.32,7.81,7.32,7.81,13566,13939273.0,6.82,8.62,0.62,3.33
807,2000-02-15,7.93,8.48,7.52,7.83,26745,28799814.0,12.29,0.26,0.02,6.57
808,2000-02-16,7.81,8.43,7.71,8.41,42668,47381616.0,9.2,7.41,0.58,10.48
809,2000-02-17,8.56,8.83,7.72,7.78,26569,29239232.0,13.2,-7.49,-0.63,6.53
810,2000-02-18,7.78,8.16,7.65,8.09,13289,14115725.0,6.56,3.98,0.31,3.27
811,2000-02-21,8.08,8.56,7.86,8.53,30763,34410040.0,8.65,5.44,0.44,7.56
812,2000-02-22,8.76,9.22,8.31,8.36,68041,82212288.0,10.67,-1.99,-0.17,16.72
813,2000-02-23,8.2,8.37,7.94,8.01,19326,21042304.0,5.14,-4.19,-0.35,4.75
814,2000-02-24,7.97,8.23,7.91,8.17,9160,9975887.0,4.0,2.0,0.16,2.25
815,2000-02-25,8.17,8.24,7.91,7.97,14800,16001819.0,4.04,-2.45,-0.2,3.64
816,2000-02-28,7.99,8.37,7.97,8.33,14032,15481883.0,5.02,4.52,0.36,3.45
817,2000-02-29,8.37,8.37,8.09,8.2,13920,15303071.0,3.36,-1.56,-0.13,3.42
818,2000-03-01,8.2,8.69,8.17,8.41,19051,21740868.0,6.34,2.56,0.21,4.68
819,2000-03-02,8.35,8.85,8.35,8.83,38245,44735460.0,5.95,4.99,0.42,9.4
820,2000-03-03,8.96,9.15,8.74,8.94,69521,84418224.0,4.64,1.25,0.11,17.08
821,2000-03-06,9.48,9.64,8.64,8.68,32294,36274012.0,11.19,-2.91,-0.26,6.09
822,2000-03-07,8.53,8.96,8.47,8.79,14715,15863056.0,5.65,1.27,0.11,2.78
823,2000-03-08,8.85,9.54,8.62,9.47,34623,39013488.0,10.47,7.74,0.68,6.53
824,2000-03-09,9.47,9.47,9.18,9.37,13029,14834991.0,3.06,-1.06,-0.1,2.46
825,2000-03-10,9.3,9.37,8.97,9.02,14775,16522570.0,4.27,-3.74,-0.35,2.79
826,2000-03-13,8.85,9.3,8.85,9.02,11329,12616338.0,4.99,0.0,0.0,2.14
827,2000-03-14,8.91,9.17,8.62,8.95,13268,14539739.0,6.1,-0.78,-0.07,2.5
828,2000-03-15,9.0,9.31,8.96,9.14,12079,13536329.0,3.91,2.12,0.19,2.28
829,2000-03-16,9.15,10.07,8.95,9.41,46988,54706020.0,12.25,2.95,0.27,8.86
830,2000-03-17,9.42,10.39,9.42,10.39,75489,93807368.0,10.31,10.41,0.98,14.24
831,2000-03-20,10.75,11.47,10.73,11.47,20820,28463918.0,7.12,10.39,1.08,3.93
832,2000-03-21,12.54,12.66,11.55,11.77,130858,192049792.0,9.68,2.62,0.3,24.68
833,2000-03-22,11.67,11.77,10.98,11.18,40051,54974020.0,6.71,-5.01,-0.59,7.55
834,2000-03-23,11.09,12.34,11.09,12.34,36650,52728168.0,11.18,10.38,1.16,6.91
835,2000-03-24,13.05,13.62,12.49,13.62,88957,143260272.0,9.16,10.37,1.28,16.78
836,2000-03-27,14.45,14.45,12.96,13.28,75348,123772384.0,10.94,-2.5,-0.34,14.21
837,2000-03-28,13.3,13.81,12.87,12.99,37105,59160476.0,7.08,-2.18,-0.29,7.0
838,2000-03-29,12.36,13.11,12.02,12.76,34985,52878996.0,8.39,-1.77,-0.23,6.6
839,2000-03-30,12.7,12.76,12.19,12.3,22901,34310024.0,4.47,-3.61,-0.46,4.32
840,2000-03-31,12.36,13.34,12.32,12.59,22218,34401716.0,8.29,2.36,0.29,4.19
841,2000-04-03,12.59,13.05,12.45,12.85,18867,29309020.0,4.77,2.07,0.26,3.56
842,2000-04-04,12.79,13.56,12.36,13.42,31859,50190100.0,9.34,4.44,0.57,6.01
843,2000-04-05,13.47,14.79,13.24,14.19,74094,127078656.0,11.55,5.74,0.77,13.97
844,2000-04-06,14.49,15.08,13.3,13.38,62912,106046032.0,12.54,-5.71,-0.81,11.87
845,2000-04-07,13.39,13.62,12.87,13.26,20677,33033760.0,5.61,-0.9,-0.12,3.9
846,2000-04-10,13.13,13.25,12.62,12.95,15271,23840936.0,4.75,-2.34,-0.31,2.88
847,2000-04-11,12.95,13.39,12.86,12.93,11888,18946560.0,4.09,-0.15,-0.02,2.24
848,2000-04-12,12.93,13.22,12.7,12.93,7707,12145117.0,4.02,0.0,0.0,1.45
849,2000-04-13,12.93,13.05,12.36,12.53,16857,25773088.0,5.34,-3.09,-0.4,3.18
850,2000-04-14,12.53,12.87,12.52,12.69,11184,17178290.0,2.79,1.28,0.16,2.11
851,2000-04-17,12.26,12.26,11.52,12.09,31204,45089592.0,5.83,-4.73,-0.6,5.89
852,2000-04-18,11.77,12.62,11.68,12.56,16983,25153170.0,7.78,3.89,0.47,3.2
853,2000-04-19,12.58,12.78,12.26,12.54,11245,17060928.0,4.14,-0.16,-0.02,2.12
854,2000-04-20,12.53,13.46,12.52,12.86,18767,29519900.0,7.5,2.55,0.32,3.54
855,2000-04-21,12.9,12.96,12.45,12.63,6177,9517557.0,3.97,-1.79,-0.23,1.17
856,2000-04-24,12.57,12.57,12.19,12.3,9380,14082157.0,3.01,-2.61,-0.33,1.77
857,2000-04-25,12.29,12.61,11.95,12.37,7848,11703688.0,5.37,0.57,0.07,1.48
858,2000-04-26,12.45,12.56,12.28,12.5,4923,7436574.5,2.26,1.05,0.13,0.93
859,2000-04-27,12.45,12.79,12.15,12.17,8006,12202065.0,5.12,-2.64,-0.33,1.51
860,2000-04-28,12.26,12.53,12.05,12.22,6553,9717946.0,3.94,0.41,0.05,1.24
861,2000-05-08,12.3,12.53,12.02,12.25,4664,6938172.5,4.17,0.25,0.03,0.88
862,2000-05-09,12.26,12.9,12.19,12.38,8366,12750750.0,5.8,1.06,0.13,1.58
863,2000-05-10,12.27,12.36,11.67,11.69,6195,8969790.0,5.57,-5.57,-0.69,1.17
864,2000-05-11,11.68,11.94,11.35,11.53,8033,11256417.0,5.05,-1.37,-0.16,1.52
865,2000-05-12,11.51,11.62,11.09,11.1,4922,6757302.0,4.6,-3.73,-0.43,0.93
866,2000-05-15,11.08,11.08,10.32,10.4,7110,9168010.0,6.85,-6.31,-0.7,1.34
867,2000-05-16,10.4,10.83,10.4,10.69,3263,4238435.0,4.13,2.79,0.29,0.62
868,2000-05-17,10.82,11.0,10.64,10.76,3938,5173365.0,3.37,0.65,0.07,0.74
869,2000-05-18,10.77,11.21,10.66,11.16,4676,6260097.5,5.11,3.72,0.4,0.88
870,2000-05-19,11.16,11.66,11.16,11.53,6740,9409160.0,4.48,3.32,0.37,1.27
871,2000-05-22,12.36,12.69,11.85,11.94,11693,17157944.0,7.29,3.56,0.41,2.21
872,2000-05-23,11.94,12.18,11.75,11.77,7827,11306772.0,3.6,-1.42,-0.17,1.48
873,2000-05-24,11.88,12.18,11.65,11.82,6878,9919217.0,4.5,0.42,0.05,1.3
874,2000-05-25,11.99,12.13,11.85,12.07,15813,23034508.0,2.37,2.12,0.25,2.98
875,2000-05-26,12.15,12.32,11.75,11.79,7455,10834784.0,4.72,-2.32,-0.28,1.41
876,2000-05-29,11.77,11.77,11.51,11.61,8454,11954196.0,2.21,-1.53,-0.18,1.59
877,2000-05-30,11.88,11.9,11.55,11.59,7134,10107823.0,3.01,-0.17,-0.02,1.35
878,2000-05-31,11.59,11.68,11.34,11.49,8040,11249308.0,2.93,-0.86,-0.1,1.52
879,2000-06-01,11.51,12.11,11.49,11.67,10349,14917442.0,5.4,1.57,0.18,1.95
880,2000-06-02,11.75,11.77,11.43,11.52,6053,8464737.0,2.91,-1.29,-0.15,1.14
881,2000-06-05,11.44,11.44,11.09,11.26,7117,9791979.0,3.04,-2.26,-0.26,1.34
882,2000-06-06,11.28,11.51,11.17,11.51,3486,4804254.0,3.02,2.22,0.25,0.66
883,2000-06-07,11.94,12.19,11.68,11.77,17776,25761212.0,4.43,2.26,0.26,3.35
884,2000-06-08,11.75,11.85,11.52,11.61,4441,6299110.0,2.8,-1.36,-0.16,0.84
885,2000-06-09,11.64,12.12,11.64,11.85,11783,17075448.0,4.13,2.07,0.24,2.22
886,2000-06-12,11.85,12.36,11.84,12.28,18318,27080910.0,4.39,3.63,0.43,3.45
887,2000-06-13,12.38,12.49,12.15,12.36,12008,17935746.0,2.77,0.65,0.08,2.26
888,2000-06-14,12.37,12.77,12.37,12.41,17159,26260768.0,3.24,0.4,0.05,3.24
889,2000-06-15,12.53,12.58,12.23,12.44,6480,9701160.0,2.82,0.24,0.03,1.22
890,2000-06-16,12.53,12.58,12.02,12.04,8218,12247192.0,4.5,-3.22,-0.4,1.55
891,2000-06-19,11.94,12.24,11.84,11.92,7009,10192495.0,3.32,-1.0,-0.12,1.32
892,2000-06-20,11.94,12.04,11.77,11.9,3139,4549771.0,2.27,-0.17,-0.02,0.59
893,2000-06-21,11.94,11.95,11.77,11.94,3044,4391175.5,1.51,0.34,0.04,0.57
894,2000-06-22,11.98,11.98,11.75,11.78,4382,6292864.5,1.93,-1.34,-0.16,0.83
895,2000-06-26,11.94,12.11,11.81,11.9,5019,7252987.5,2.55,1.02,0.12,0.95
896,2000-06-27,11.9,12.09,11.81,11.84,4113,5948962.0,2.35,-0.5,-0.06,0.78
897,2000-06-28,11.85,11.98,11.77,11.79,5282,7582609.0,1.77,-0.42,-0.05,1.0
898,2000-06-29,11.79,11.85,11.52,11.59,6151,8710577.0,2.8,-1.7,-0.2,1.16
899,2000-06-30,11.59,11.59,11.36,11.44,6469,9014878.0,1.98,-1.29,-0.15,1.22
900,2000-07-03,11.39,11.39,11.21,11.26,5089,6984130.5,1.57,-1.57,-0.18,0.96
901,2000-07-04,11.3,11.68,11.3,11.55,2687,3744940.75,3.37,2.58,0.29,0.51
902,2000-07-05,11.6,11.64,11.35,11.38,3315,4609307.5,2.51,-1.47,-0.17,0.63
903,2000-07-06,11.38,11.38,11.17,11.34,3174,4346953.0,1.85,-0.35,-0.04,0.6
904,2000-07-07,11.34,11.6,11.34,11.48,2012,2814539.25,2.29,1.23,0.14,0.38
905,2000-07-10,11.43,11.48,11.26,11.34,3879,5355164.5,1.92,-1.22,-0.14,0.73
906,2000-07-11,11.43,11.5,11.26,11.32,3813,5248641.0,2.12,-0.18,-0.02,0.72
907,2000-07-12,11.5,12.24,11.5,11.97,10451,15232300.0,6.54,5.74,0.65,1.97
908,2000-07-13,12.18,12.22,11.78,11.88,3537,5143689.0,3.68,-0.75,-0.09,0.67
909,2000-07-14,11.83,11.98,11.71,11.84,3399,4898077.0,2.27,-0.34,-0.04,0.64
910,2000-07-17,11.68,11.85,11.6,11.62,2891,4111772.5,2.11,-1.86,-0.22,0.55
911,2000-07-18,11.62,11.68,11.38,11.63,3059,4315027.5,2.58,0.09,0.01,0.58
912,2000-07-19,11.64,11.67,11.47,11.49,2503,3509396.5,1.72,-1.2,-0.14,0.47
913,2000-07-20,11.51,11.51,11.44,11.5,2129,2972732.75,0.61,0.09,0.01,0.4
914,2000-07-21,11.53,11.94,11.51,11.77,3431,4917986.5,3.74,2.35,0.27,0.65
915,2000-07-24,11.81,11.85,11.54,11.58,2237,3171947.0,2.63,-1.61,-0.19,0.42
916,2000-07-25,11.58,11.64,11.51,11.55,1943,2732819.0,1.12,-0.26,-0.03,0.37
917,2000-07-26,11.77,11.77,11.55,11.59,2127,3000672.0,1.9,0.35,0.04,0.4
918,2000-07-27,11.6,11.92,11.6,11.78,3221,4604888.5,2.76,1.64,0.19,0.61
919,2000-07-28,11.84,11.84,11.68,11.72,1965,2800938.0,1.36,-0.51,-0.06,0.37
920,2000-07-31,11.72,11.8,11.55,11.61,3156,4475215.5,2.13,-0.94,-0.11,0.6
921,2000-08-01,11.61,11.68,11.58,11.68,2857,4042192.25,0.86,0.6,0.07,0.54
922,2000-08-02,11.68,11.81,11.6,11.62,2606,3696312.0,1.8,-0.51,-0.06,0.49
923,2000-08-03,11.64,11.68,11.51,11.54,4246,5966976.0,1.46,-0.69,-0.08,0.8
924,2000-08-04,11.55,11.6,11.34,11.46,4266,5932453.0,2.25,-0.69,-0.08,0.8
925,2000-08-07,11.34,11.46,11.3,11.43,3133,4331166.5,1.4,-0.26,-0.03,0.59
926,2000-08-08,11.35,11.51,11.34,11.48,2323,3233206.75,1.49,0.44,0.05,0.44
927,2000-08-09,11.5,11.5,11.4,11.43,2676,3722123.0,0.87,-0.44,-0.05,0.5
928,2000-08-10,11.43,11.75,11.34,11.65,3766,5288493.5,3.59,1.92,0.22,0.71
929,2000-08-11,11.72,11.72,11.38,11.51,3480,4894237.5,2.92,-1.2,-0.14,0.66
930,2000-08-14,11.52,11.56,11.41,11.41,3299,4593349.0,1.3,-0.87,-0.1,0.62
931,2000-08-15,11.43,11.84,11.43,11.64,5323,7586183.0,3.59,2.02,0.23,1.0
932,2000-08-16,11.7,11.98,11.64,11.98,7208,10376522.0,2.92,2.92,0.34,1.36
933,2000-08-17,12.11,12.33,12.02,12.26,15312,22723598.0,2.59,2.34,0.28,2.89
934,2000-08-18,12.29,12.3,12.07,12.09,8083,11929754.0,1.88,-1.39,-0.17,1.52
935,2000-08-21,12.11,12.25,11.99,12.04,5600,8232927.5,2.15,-0.41,-0.05,1.06
936,2000-08-22,12.04,12.37,11.77,11.79,10189,15032565.0,4.98,-2.08,-0.25,1.92
937,2000-08-23,11.77,11.94,11.43,11.78,8330,11833145.0,4.33,-0.08,-0.01,1.57
938,2000-08-24,11.85,12.24,11.8,12.23,9648,14182075.0,3.74,3.82,0.45,1.82
939,2000-08-25,12.36,12.36,12.07,12.27,5206,7714407.5,2.37,0.33,0.04,0.98
940,2000-08-28,12.36,12.76,12.16,12.74,19186,29091384.0,4.89,3.83,0.47,3.62
941,2000-08-29,12.72,12.89,12.59,12.73,17799,27442362.0,2.35,-0.08,-0.01,3.36
942,2000-08-30,12.76,13.13,12.54,12.59,19689,30796032.0,4.63,-1.1,-0.14,3.71
943,2000-08-31,12.5,12.5,11.94,12.03,9171,13553956.0,4.45,-4.45,-0.56,1.73
944,2000-09-01,12.01,12.53,12.0,12.24,10747,16042516.0,4.41,1.75,0.21,2.03
945,2000-09-04,12.28,12.47,12.18,12.45,6340,9505123.0,2.37,1.72,0.21,1.2
946,2000-09-05,12.45,12.61,12.16,12.17,4354,6528606.5,3.61,-2.25,-0.28,0.82
947,2000-09-06,12.58,12.58,12.02,12.36,7140,10740040.0,4.6,1.56,0.19,1.35
948,2000-09-07,12.41,12.83,12.41,12.82,17732,27328498.0,3.4,3.72,0.46,3.34
949,2000-09-08,12.87,13.05,12.62,12.67,12851,19989600.0,3.35,-1.17,-0.15,2.42
950,2000-09-11,12.79,12.82,12.53,12.76,5644,8689833.0,2.29,0.71,0.09,1.06
951,2000-09-12,12.79,12.79,12.37,12.5,4100,6224130.5,3.29,-2.04,-0.26,0.77
952,2000-09-13,12.54,12.75,12.41,12.71,5926,9048553.0,2.72,1.68,0.21,1.12
953,2000-09-14,12.75,12.96,12.62,12.88,16130,25104452.0,2.68,1.34,0.17,3.04
954,2000-09-15,12.96,13.05,12.76,12.95,8587,13443384.0,2.25,0.54,0.07,1.62
955,2000-09-18,13.0,13.04,12.53,12.69,7455,11547320.0,3.94,-2.01,-0.26,1.41
956,2000-09-19,12.69,12.69,12.28,12.35,7203,10814858.0,3.23,-2.68,-0.34,1.36
957,2000-09-20,12.53,12.79,12.36,12.6,7820,11843295.0,3.48,2.02,0.25,1.47
958,2000-09-21,12.62,12.69,12.36,12.37,3055,4621926.0,2.62,-1.83,-0.23,0.58
959,2000-09-22,12.28,12.41,12.02,12.05,7593,11208513.0,3.15,-2.59,-0.32,1.43
960,2000-09-25,12.05,12.22,11.78,11.82,3681,5356564.5,3.65,-1.91,-0.23,0.69
961,2000-09-26,11.87,12.08,11.82,11.92,1967,2843539.75,2.2,0.85,0.1,0.37
962,2000-09-27,11.94,12.15,11.92,12.13,2423,3532098.5,1.93,1.76,0.21,0.46
963,2000-09-28,12.13,12.13,11.77,11.78,3835,5525273.5,2.97,-2.89,-0.35,0.72
964,2000-09-29,11.92,12.06,11.79,12.02,3167,4596983.5,2.29,2.04,0.24,0.6
965,2000-10-09,12.19,12.28,12.02,12.15,2980,4401741.0,2.16,1.08,0.13,0.56
966,2000-10-10,12.16,12.24,12.02,12.21,2802,4122203.0,1.81,0.49,0.06,0.53
967,2000-10-11,12.24,12.99,12.19,12.85,35942,55334008.0,6.55,5.24,0.64,6.78
968,2000-10-12,12.9,13.05,12.52,12.69,22191,34386116.0,4.12,-1.25,-0.16,4.19
969,2000-10-13,12.7,12.92,12.64,12.74,17701,27514412.0,2.21,0.39,0.05,3.34
970,2000-10-16,12.77,12.81,12.37,12.41,5310,8081288.0,3.45,-2.59,-0.33,1.0
971,2000-10-17,12.38,12.6,12.19,12.36,3631,5442938.5,3.3,-0.4,-0.05,0.68
972,2000-10-18,12.41,12.53,12.28,12.31,2885,4329420.5,2.02,-0.4,-0.05,0.54
973,2000-10-19,12.35,12.45,12.11,12.18,3047,4507180.5,2.76,-1.06,-0.13,0.57
974,2000-10-20,12.18,12.36,12.07,12.32,4042,5965444.5,2.38,1.15,0.14,0.76
975,2000-10-23,12.26,12.79,12.26,12.56,11062,16923016.0,4.3,1.95,0.24,2.09
976,2000-10-24,12.53,12.79,12.53,12.76,11426,17546248.0,2.07,1.59,0.2,2.16
977,2000-10-25,12.79,12.85,12.62,12.77,8534,13187835.0,1.8,0.08,0.01,1.61
978,2000-10-26,12.72,12.92,12.47,12.48,6175,9505561.0,3.52,-2.27,-0.29,1.16
979,2000-10-27,12.69,12.87,12.49,12.77,6866,10617870.0,3.04,2.32,0.29,1.29
980,2000-10-30,12.83,13.09,12.5,12.94,17408,27385684.0,4.62,1.33,0.17,3.28
981,2000-10-31,12.96,13.33,12.79,12.81,14413,22908038.0,4.17,-1.0,-0.13,2.72
982,2000-11-01,12.81,13.13,12.79,13.03,8662,13620209.0,2.65,1.72,0.22,1.63
983,2000-11-02,13.05,13.22,13.01,13.03,9342,14850925.0,1.61,0.0,0.0,1.76
984,2000-11-03,13.05,13.37,13.05,13.13,8987,14343037.0,2.46,0.77,0.1,1.7
985,2000-11-06,12.96,13.26,12.92,12.97,6803,10726791.0,2.59,-1.22,-0.16,1.28
986,2000-11-07,13.0,13.12,12.85,12.88,5712,8957205.0,2.08,-0.69,-0.09,1.08
987,2000-11-08,12.94,12.96,12.71,12.76,6963,10803950.0,1.94,-0.93,-0.12,1.31
988,2000-11-09,12.83,13.0,12.75,12.85,4802,7480432.5,1.96,0.71,0.09,0.91
989,2000-11-10,12.88,13.0,12.66,12.76,8742,13498832.0,2.65,-0.7,-0.09,1.65
990,2000-11-13,12.79,13.0,12.67,12.75,7159,11103820.0,2.59,-0.08,-0.01,1.35
991,2000-11-14,12.79,13.18,12.76,13.07,7325,11479310.0,3.29,2.51,0.32,1.38
992,2000-11-15,13.22,13.22,12.92,12.99,6724,10638049.0,2.3,-0.61,-0.08,1.27
993,2000-11-16,13.03,13.51,13.0,13.51,18726,30121710.0,3.93,4.0,0.52,3.53
994,2000-11-17,13.48,13.5,13.28,13.33,10739,17416900.0,1.63,-1.33,-0.18,2.03
995,2000-11-20,13.32,13.63,13.3,13.56,8890,14536207.0,2.48,1.73,0.23,1.68
996,2000-11-21,13.62,13.62,13.22,13.24,7667,12483799.0,2.95,-2.36,-0.32,1.45
997,2000-11-22,13.22,13.34,13.13,13.25,5651,9030603.0,1.59,0.08,0.01,1.07
998,2000-11-23,13.3,13.31,13.0,13.09,8478,13484264.0,2.34,-1.21,-0.16,1.6
999,2000-11-24,13.05,13.22,12.68,12.7,7816,12271088.0,4.13,-2.98,-0.39,1.47
1000,2000-11-27,12.75,12.85,12.59,12.64,5766,8875398.0,2.05,-0.47,-0.06,1.09
1001,2000-11-28,12.66,12.95,12.66,12.82,3039,4721380.0,2.29,1.42,0.18,0.57
1002,2000-11-29,12.81,13.0,12.76,12.86,3690,5757982.5,1.87,0.31,0.04,0.7
1003,2000-11-30,12.87,12.92,12.69,12.7,3214,4973574.0,1.79,-1.24,-0.16,0.61
1004,2000-12-01,12.76,12.92,12.74,12.78,2991,4639302.5,1.42,0.63,0.08,0.56
1005,2000-12-04,12.87,13.17,12.79,13.02,2880,4528307.0,2.97,1.88,0.24,0.54
1006,2000-12-05,13.02,13.02,12.76,12.86,2966,4612856.0,2.0,-1.23,-0.16,0.56
1007,2000-12-06,12.79,12.96,12.59,12.6,4980,7692096.0,2.88,-2.02,-0.26,0.94
1008,2000-12-07,12.6,12.62,12.36,12.38,6581,9937608.0,2.06,-1.75,-0.22,1.24
1009,2000-12-08,12.38,12.58,12.36,12.44,4519,6808035.0,1.78,0.48,0.06,0.85
1010,2000-12-11,12.49,12.7,12.32,12.35,2987,4498080.0,3.05,-0.72,-0.09,0.56
1011,2000-12-12,12.36,12.53,12.19,12.53,2741,4090224.25,2.75,1.46,0.18,0.52
1012,2000-12-13,12.53,12.59,12.38,12.45,1661,2517876.75,1.68,-0.64,-0.08,0.31
1013,2000-12-14,12.45,12.53,12.36,12.47,1466,2204893.0,1.37,0.16,0.02,0.28
1014,2000-12-15,12.49,12.49,12.17,12.19,2626,3908980.0,2.57,-2.25,-0.28,0.5
1015,2000-12-18,12.2,12.2,11.94,12.06,2441,3575551.75,2.13,-1.07,-0.13,0.46
1016,2000-12-19,12.11,12.28,12.07,12.23,1898,2794217.25,1.74,1.41,0.17,0.36
1017,2000-12-20,12.23,12.45,12.12,12.36,2820,4206098.0,2.7,1.06,0.13,0.53
1018,2000-12-21,12.38,12.53,12.18,12.22,3340,4992795.0,2.83,-1.13,-0.14,0.63
1019,2000-12-22,12.28,12.36,12.03,12.08,3448,5096452.0,2.7,-1.15,-0.14,0.65
1020,2000-12-25,12.08,12.35,12.05,12.28,3560,5240742.5,2.48,1.66,0.2,0.67
1021,2000-12-26,12.36,12.36,12.16,12.28,2965,4407899.5,1.63,0.0,0.0,0.56
1022,2000-12-27,12.28,12.28,12.01,12.02,4500,6611123.0,2.2,-2.12,-0.26,0.85
1023,2000-12-28,12.09,12.43,12.02,12.13,11625,17269502.0,3.41,0.92,0.11,2.19
1024,2000-12-29,12.3,12.36,12.07,12.34,3384,5001560.5,2.39,1.73,0.21,0.64
1025,2001-01-02,12.34,12.38,12.26,12.38,4013,6005801.0,0.97,0.32,0.04,0.76
1026,2001-01-03,12.41,12.5,12.36,12.47,4598,6941912.5,1.13,0.73,0.09,0.87
1027,2001-01-04,12.5,12.55,12.36,12.37,4094,6181869.0,1.52,-0.8,-0.1,0.77
1028,2001-01-05,12.35,12.37,12.13,12.21,5686,8409977.0,1.94,-1.29,-0.16,1.07
1029,2001-01-08,12.24,12.6,12.07,12.36,7081,10575836.0,4.34,1.23,0.15,1.34
1030,2001-01-09,12.36,12.49,12.19,12.3,1947,2906826.75,2.43,-0.49,-0.06,0.37
1031,2001-01-10,12.41,12.87,12.41,12.81,16476,25439480.0,3.74,4.15,0.51,3.11
1032,2001-01-11,12.76,12.9,12.6,12.74,6310,9740055.0,2.34,-0.55,-0.07,1.19
1033,2001-01-12,12.79,12.87,12.61,12.63,3435,5280931.5,2.04,-0.86,-0.11,0.65
1034,2001-01-15,12.6,12.6,12.01,12.15,4261,6379802.0,4.67,-3.8,-0.48,0.8
1035,2001-01-16,12.02,12.31,12.02,12.24,2113,3121548.25,2.39,0.74,0.09,0.4
1036,2001-01-17,12.24,12.24,12.03,12.07,2362,3473827.5,1.72,-1.39,-0.17,0.45
1037,2001-01-18,12.04,12.24,12.04,12.08,2157,3176746.25,1.66,0.08,0.01,0.41
1038,2001-01-19,12.12,12.24,12.09,12.18,2213,3273258.0,1.24,0.83,0.1,0.42
1039,2001-02-05,12.24,12.24,11.77,11.9,2503,3660253.25,3.86,-2.3,-0.28,0.47
1040,2001-02-06,11.85,11.85,11.49,11.68,1888,2678476.25,3.03,-1.85,-0.22,0.36
1041,2001-02-07,11.69,11.87,11.52,11.72,1389,1972362.0,3.0,0.34,0.04,0.26
1042,2001-02-08,11.7,11.77,11.32,11.34,1831,2568114.0,3.84,-3.24,-0.38,0.35
1043,2001-02-09,11.39,11.6,11.34,11.5,2038,2837928.5,2.29,1.41,0.16,0.38
1044,2001-02-12,11.51,11.51,11.26,11.38,1419,1956552.75,2.17,-1.04,-0.12,0.27
1045,2001-02-13,11.51,11.51,11.26,11.35,1515,2093654.88,2.2,-0.26,-0.03,0.29
1046,2001-02-14,11.35,11.45,11.3,11.3,1030,1422273.75,1.32,-0.44,-0.05,0.19
1047,2001-02-15,11.34,11.45,11.26,11.32,1046,1443592.25,1.68,0.18,0.02,0.2
1048,2001-02-16,11.3,11.3,11.0,11.04,2659,3595903.0,2.65,-2.47,-0.28,0.5
1049,2001-02-19,11.09,11.32,11.0,11.24,1740,2354901.25,2.9,1.81,0.2,0.33
1050,2001-02-20,11.1,11.35,11.1,11.15,1268,1731481.75,2.22,-0.8,-0.09,0.24
1051,2001-02-21,11.17,11.17,10.75,10.8,2576,3430302.0,3.77,-3.14,-0.35,0.49
1052,2001-02-22,10.79,11.0,10.63,10.65,1635,2144511.5,3.43,-1.39,-0.15,0.31
1053,2001-02-23,10.65,10.84,10.4,10.63,2785,3598108.5,4.13,-0.19,-0.02,0.53
1054,2001-02-26,10.67,10.83,10.56,10.76,2008,2632285.0,2.54,1.22,0.13,0.38
1055,2001-02-27,10.73,10.98,10.73,10.98,1255,1658228.12,2.32,2.04,0.22,0.24
1056,2001-02-28,10.96,11.03,10.83,10.92,1350,1800312.38,1.82,-0.55,-0.06,0.25
1057,2001-03-01,10.86,11.0,10.86,10.96,1307,1744138.0,1.28,0.37,0.04,0.25
1058,2001-03-02,10.97,11.25,10.97,11.16,1361,1846620.25,2.55,1.82,0.2,0.26
1059,2001-03-05,11.17,11.21,10.95,11.0,1348,1811564.75,2.33,-1.43,-0.16,0.25
1060,2001-03-06,10.96,11.09,10.92,11.02,988,1321446.88,1.55,0.18,0.02,0.19
1061,2001-03-07,11.03,11.19,11.03,11.14,749,1015275.5,1.45,1.09,0.12,0.14
1062,2001-03-08,11.0,11.24,10.96,11.11,1517,2046029.25,2.51,-0.27,-0.03,0.29
1063,2001-03-09,11.11,11.34,11.11,11.31,3308,4519500.5,2.07,1.8,0.2,0.62
1064,2001-03-12,11.43,11.43,11.26,11.34,1567,2162982.5,1.5,0.27,0.03,0.3
1065,2001-03-13,11.33,11.49,11.24,11.26,2369,3274309.0,2.2,-0.71,-0.08,0.45
1066,2001-03-14,11.26,11.3,11.15,11.26,1590,2174824.75,1.33,0.0,0.0,0.3
1067,2001-03-15,11.26,11.3,11.22,11.28,1720,2358810.5,0.71,0.18,0.02,0.32
1068,2001-03-16,11.25,11.29,11.09,11.13,2213,3013754.75,1.77,-1.33,-0.15,0.42
1069,2001-03-19,11.09,11.24,11.09,11.22,2433,3302512.0,1.35,0.81,0.09,0.46
1070,2001-03-20,11.23,11.6,11.23,11.57,4014,5619476.5,3.3,3.12,0.35,0.76
1071,2001-03-21,11.57,11.67,11.51,11.54,3287,4627244.5,1.38,-0.26,-0.03,0.62
1072,2001-03-22,11.67,11.76,11.55,11.61,1570,2221683.75,1.82,0.61,0.07,0.3
1073,2001-03-23,11.61,11.66,11.26,11.38,3138,4378645.5,3.45,-1.98,-0.23,0.59
1074,2001-03-26,11.38,11.77,11.38,11.74,8316,11698438.0,3.43,3.16,0.36,1.57
1075,2001-03-27,11.77,11.84,11.61,11.75,2272,3236460.0,1.96,0.09,0.01,0.43
1076,2001-03-28,11.75,11.75,11.56,11.64,2473,3501131.75,1.62,-0.94,-0.11,0.47
1077,2001-03-29,11.72,11.72,11.49,11.53,3788,5341203.0,1.98,-0.95,-0.11,0.71
1078,2001-03-30,11.51,11.64,11.51,11.55,2869,4027963.75,1.13,0.17,0.02,0.54
1079,2001-04-02,11.51,11.58,11.47,11.57,3828,5367153.0,0.95,0.17,0.02,0.72
1080,2001-04-03,11.57,11.6,11.45,11.48,2906,4066311.5,1.3,-0.78,-0.09,0.55
1081,2001-04-04,11.49,11.55,11.3,11.38,2892,4034659.5,2.18,-0.87,-0.1,0.55
1082,2001-04-05,11.3,11.42,11.27,11.39,2532,3494612.5,1.32,0.09,0.01,0.48
1083,2001-04-06,11.43,11.51,11.39,11.5,2428,3387045.0,1.05,0.97,0.11,0.46
1084,2001-04-09,11.51,11.53,11.39,11.5,2701,3761606.0,1.22,0.0,0.0,0.51
1085,2001-04-10,11.5,11.73,11.41,11.73,3486,4922565.5,2.78,2.0,0.23,0.66
1086,2001-04-11,11.74,11.75,11.6,11.65,2437,3454330.75,1.28,-0.68,-0.08,0.46
1087,2001-04-12,11.65,11.72,11.55,11.66,3109,4395855.5,1.46,0.09,0.01,0.59
1088,2001-04-13,11.67,11.76,11.6,11.72,3715,5278280.5,1.37,0.51,0.06,0.7
1089,2001-04-16,11.72,11.74,11.64,11.69,4042,5742781.5,0.85,-0.26,-0.03,0.76
1090,2001-04-17,11.68,11.9,11.67,11.9,5503,7889951.5,1.97,1.8,0.21,1.04
1091,2001-04-18,11.89,11.96,11.69,11.9,3702,5332261.0,2.27,0.0,0.0,0.7
1092,2001-04-19,11.91,11.91,11.72,11.79,3414,4886170.5,1.6,-0.92,-0.11,0.64
1093,2001-04-20,11.68,12.07,11.68,12.01,7704,11146673.0,3.31,1.87,0.22,1.45
1094,2001-04-23,12.01,12.18,11.92,12.18,10541,15446202.0,2.16,1.42,0.17,1.99
1095,2001-04-24,12.24,12.37,12.15,12.27,17790,26507276.0,1.81,0.74,0.09,3.36
1096,2001-04-26,12.11,12.26,11.78,12.19,6176,8988645.0,3.91,-0.65,-0.08,1.16
1097,2001-04-27,12.17,12.18,11.87,12.01,5332,7789036.5,2.54,-1.48,-0.18,1.01
1098,2001-04-30,12.01,12.11,11.84,11.98,3189,4628703.5,2.25,-0.25,-0.03,0.6
1099,2001-05-08,12.11,12.3,11.98,12.29,1167,1709616.0,2.67,2.59,0.31,0.22
1100,2001-05-09,12.34,12.56,12.13,12.19,17113,25755778.0,3.5,-0.81,-0.1,3.23
1101,2001-05-10,12.24,12.32,12.07,12.2,4802,7089191.5,2.05,0.08,0.01,0.91
1102,2001-05-11,12.24,12.24,12.09,12.19,3056,4513772.0,1.23,-0.08,-0.01,0.58
1103,2001-05-14,12.19,12.45,12.11,12.27,6678,9971649.0,2.79,0.66,0.08,1.26
1104,2001-05-15,12.35,12.35,12.13,12.21,3528,5224423.5,1.79,-0.49,-0.06,0.67
1105,2001-05-16,12.28,12.31,12.07,12.16,4637,6833835.0,1.97,-0.41,-0.05,0.87
1106,2001-05-17,12.24,12.24,11.94,11.95,4798,6998293.0,2.47,-1.73,-0.21,0.9
1107,2001-05-18,11.9,12.19,11.9,12.14,3273,4786600.0,2.43,1.59,0.19,0.62
1108,2001-05-21,12.13,12.21,11.98,12.15,3964,5810088.0,1.89,0.08,0.01,0.75
1109,2001-05-22,12.15,12.44,12.15,12.39,8479,12701141.0,2.39,1.98,0.24,1.6
1110,2001-05-23,12.39,12.45,12.15,12.24,4317,6413904.5,2.42,-1.21,-0.15,0.81
1111,2001-05-24,11.98,12.47,11.98,12.4,5617,8418164.0,4.0,1.31,0.16,1.06
1112,2001-05-25,12.41,12.41,12.13,12.31,3261,4863083.0,2.26,-0.73,-0.09,0.62
1113,2001-05-28,12.28,12.29,11.94,12.07,2813,4133960.0,2.84,-1.95,-0.24,0.53
1114,2001-05-29,12.06,12.19,12.02,12.17,2022,2972532.5,1.41,0.83,0.1,0.38
1115,2001-05-30,12.17,12.35,12.17,12.34,4071,6072286.5,1.48,1.4,0.17,0.77
1116,2001-05-31,12.39,12.6,12.37,12.51,11264,17071424.0,1.86,1.38,0.17,2.12
1117,2001-06-01,12.57,12.6,12.43,12.53,7775,11844719.0,1.36,0.16,0.02,1.47
1118,2001-06-04,12.49,12.77,12.49,12.65,6302,9699360.0,2.23,0.96,0.12,1.19
1119,2001-06-05,12.74,12.74,12.52,12.53,5171,7858032.0,1.74,-0.95,-0.12,0.98
1120,2001-06-06,12.59,12.82,12.47,12.77,6049,9196874.0,2.79,1.92,0.24,1.14
1121,2001-06-07,12.78,12.9,12.69,12.7,8429,13019695.0,1.64,-0.55,-0.07,1.59
1122,2001-06-08,12.77,12.77,12.43,12.55,4603,6960377.0,2.68,-1.18,-0.15,0.87
1123,2001-06-11,12.57,12.65,12.44,12.58,3628,5497384.0,1.67,0.24,0.03,0.68
1124,2001-06-12,12.59,12.9,12.59,12.9,9891,15252469.0,2.46,2.54,0.32,1.87
1125,2001-06-13,12.94,12.99,12.77,12.89,6498,10056348.0,1.71,-0.08,-0.01,1.23
1126,2001-06-14,12.52,12.99,12.46,12.47,7783,11872521.0,4.11,-3.26,-0.42,1.47
1127,2001-06-15,12.43,12.64,12.36,12.56,5048,7603945.0,2.25,0.72,0.09,0.95
1128,2001-06-18,12.56,12.6,12.1,12.16,5263,7825500.0,3.98,-3.18,-0.4,0.99
1129,2001-06-19,12.16,12.26,12.05,12.19,2910,4271895.0,1.73,0.25,0.03,0.55
1130,2001-06-20,12.13,12.22,12.05,12.07,2476,3630618.0,1.39,-0.98,-0.12,0.47
1131,2001-06-21,12.06,12.24,12.05,12.19,2108,3085552.0,1.57,0.99,0.12,0.4
1132,2001-06-22,12.19,12.34,12.16,12.26,1515,2240848.0,1.48,0.57,0.07,0.29
1133,2001-06-25,12.36,12.45,12.26,12.42,2619,3902101.0,1.55,1.31,0.16,0.49
1134,2001-06-26,12.5,12.55,12.24,12.45,5473,8200816.5,2.5,0.24,0.03,1.03
1135,2001-06-27,12.51,12.51,12.09,12.28,15331,22710134.0,3.37,-1.37,-0.17,2.89
1136,2001-06-28,12.29,12.73,12.26,12.63,15761,23823128.0,3.83,2.85,0.35,2.97
1137,2001-06-29,12.63,12.69,12.53,12.59,3771,5735462.0,1.27,-0.32,-0.04,0.71
1138,2001-07-02,12.6,12.77,12.46,12.59,3787,5783169.0,2.46,0.0,0.0,0.71
1139,2001-07-03,12.6,12.68,12.34,12.58,3819,5757653.0,2.7,-0.08,-0.01,0.72
1140,2001-07-04,12.58,12.8,12.57,12.71,6435,9853494.0,1.83,1.03,0.13,1.21
1141,2001-07-05,12.71,12.71,12.5,12.62,4146,6293402.5,1.65,-0.71,-0.09,0.78
1142,2001-07-06,12.55,12.67,12.46,12.53,3200,4838025.0,1.66,-0.71,-0.09,0.6
1143,2001-07-09,12.52,12.61,12.35,12.36,3266,4919580.0,2.08,-1.36,-0.17,0.62
1144,2001-07-10,12.51,12.6,12.36,12.59,2937,4432969.0,1.94,1.86,0.23,0.55
1145,2001-07-11,12.6,12.6,12.36,12.39,2143,3231695.0,1.91,-1.59,-0.2,0.4
1146,2001-07-12,12.35,12.43,12.28,12.31,1588,2367793.75,1.21,-0.65,-0.08,0.3
1147,2001-07-13,12.35,12.52,12.28,12.3,1964,2925316.0,1.95,-0.08,-0.01,0.37
1148,2001-07-16,12.35,12.56,12.3,12.4,2845,4261622.5,2.11,0.81,0.1,0.54
1149,2001-07-17,12.35,12.43,12.26,12.39,1594,2372565.75,1.37,-0.08,-0.01,0.3
1150,2001-07-18,12.35,12.44,12.3,12.4,1246,1861762.75,1.13,0.08,0.01,0.24
1151,2001-07-19,12.41,12.6,12.28,12.6,2799,4227138.5,2.58,1.61,0.2,0.53
1152,2001-07-20,12.6,12.77,12.53,12.66,6365,9732603.0,1.9,0.48,0.06,1.2
1153,2001-07-23,12.71,12.9,12.69,12.75,10948,16915354.0,1.66,0.71,0.09,2.06
1154,2001-07-24,12.74,12.86,12.53,12.64,8058,12387061.0,2.59,-0.86,-0.11,1.52
1155,2001-07-25,12.64,12.66,12.35,12.42,2882,4348536.0,2.45,-1.74,-0.22,0.54
1156,2001-07-26,12.16,12.26,11.58,11.62,8361,11978951.0,5.48,-6.44,-0.8,1.58
1157,2001-07-27,11.54,11.78,11.45,11.6,3691,5192019.0,2.84,-0.17,-0.02,0.7
1158,2001-07-30,11.58,11.66,10.69,10.75,5246,6999860.5,8.36,-7.33,-0.85,0.99
1159,2001-07-31,10.73,11.09,10.57,10.8,4756,6245587.5,4.84,0.47,0.05,0.9
1160,2001-08-01,10.88,11.14,10.85,11.1,4465,5934447.0,2.69,2.78,0.3,0.84
1161,2001-08-02,11.15,11.15,10.63,10.87,2875,3779627.0,4.68,-2.07,-0.23,0.54
1162,2001-08-03,10.88,11.04,10.83,10.95,1371,1810194.5,1.93,0.74,0.08,0.26
1163,2001-08-06,10.81,10.81,10.26,10.32,3341,4229547.0,5.02,-5.75,-0.63,0.63
1164,2001-08-07,10.22,10.6,10.13,10.46,2680,3360686.0,4.55,1.36,0.14,0.51
1165,2001-08-08,10.26,10.6,10.26,10.55,1214,1541638.88,3.25,0.86,0.09,0.23
1166,2001-08-09,10.56,10.86,10.55,10.85,1866,2413496.5,2.94,2.84,0.3,0.35
1167,2001-08-10,10.87,10.93,10.8,10.86,2779,3656686.75,1.2,0.09,0.01,0.52
1168,2001-08-13,10.86,10.98,10.81,10.92,1564,2059776.25,1.57,0.55,0.06,0.29
1169,2001-08-14,10.9,10.98,10.6,10.77,1969,2584968.5,3.48,-1.37,-0.15,0.37
1170,2001-08-15,10.79,10.86,10.66,10.77,1473,1921504.25,1.86,0.0,0.0,0.28
1171,2001-08-16,10.73,10.75,10.47,10.66,1523,1962648.5,2.6,-1.02,-0.11,0.29
1172,2001-08-17,10.62,10.63,10.47,10.57,1175,1504086.5,1.5,-0.84,-0.09,0.22
1173,2001-08-20,10.6,10.83,10.56,10.69,784,1013175.81,2.55,1.14,0.12,0.15
1174,2001-08-21,10.8,10.8,10.69,10.74,678,882396.06,1.03,0.47,0.05,0.13
1175,2001-08-22,10.66,10.8,10.4,10.68,1323,1690598.12,3.72,-0.56,-0.06,0.25
1176,2001-08-23,10.37,10.64,10.37,10.56,1165,1481782.0,2.53,-1.12,-0.12,0.22
1177,2001-08-24,10.56,10.6,10.3,10.34,1149,1455201.25,2.84,-2.08,-0.22,0.22
1178,2001-08-27,10.29,10.44,9.88,9.88,2608,3194316.75,5.42,-4.45,-0.46,0.49
1179,2001-08-28,9.88,10.05,9.71,9.97,2142,2572133.25,3.44,0.91,0.09,0.4
1180,2001-08-29,10.05,10.09,9.94,9.98,1085,1319272.62,1.5,0.1,0.01,0.2
1181,2001-08-30,10.0,10.05,9.83,9.84,786,947914.25,2.2,-1.4,-0.14,0.15
1182,2001-08-31,9.84,9.96,9.83,9.84,582,697637.0,1.32,0.0,0.0,0.11
1183,2001-09-03,9.83,9.88,9.79,9.81,614,735020.62,0.91,-0.3,-0.03,0.12
1184,2001-09-04,9.86,10.13,9.8,10.11,1057,1279101.75,3.36,3.06,0.3,0.2
1185,2001-09-05,10.14,10.3,10.11,10.16,1302,1609102.0,1.88,0.49,0.05,0.25
1186,2001-09-06,10.2,10.28,10.11,10.14,855,1055364.62,1.67,-0.2,-0.02,0.16
1187,2001-09-07,10.12,10.12,9.71,9.74,2124,2530788.75,4.04,-3.94,-0.4,0.4
1188,2001-09-10,9.62,10.02,9.45,9.99,1815,2149189.0,5.85,2.57,0.25,0.34
1189,2001-09-11,9.98,10.06,9.88,9.94,1148,1390248.12,1.8,-0.5,-0.05,0.22
1190,2001-09-12,9.62,10.05,9.49,9.81,2831,3393466.0,5.63,-1.31,-0.13,0.53
1191,2001-09-13,9.88,9.96,9.75,9.76,925,1104514.88,2.14,-0.51,-0.05,0.17
1192,2001-09-14,9.77,9.8,9.58,9.63,1325,1558395.5,2.25,-1.33,-0.13,0.25
1193,2001-09-17,9.62,9.62,9.02,9.03,3780,4256648.0,6.23,-6.23,-0.6,0.71
1194,2001-09-18,8.85,9.35,8.85,9.19,1856,2057977.75,5.54,1.77,0.16,0.35
1195,2001-09-19,9.19,9.28,8.94,9.25,1340,1488104.25,3.7,0.65,0.06,0.25
1196,2001-09-20,9.33,9.42,9.19,9.21,2545,2873471.75,2.49,-0.43,-0.04,0.48
1197,2001-09-21,9.19,9.28,9.15,9.22,826,925983.19,1.41,0.11,0.01,0.16
1198,2001-09-24,9.26,9.42,9.25,9.31,2005,2282307.0,1.84,0.98,0.09,0.38
1199,2001-09-25,9.32,9.57,9.32,9.44,3596,4141616.5,2.69,1.4,0.13,0.68
1200,2001-09-26,9.47,9.53,9.16,9.18,1541,1746626.25,3.92,-2.75,-0.26,0.29
1201,2001-09-27,9.12,9.26,9.03,9.14,1406,1569357.88,2.51,-0.44,-0.04,0.27
1202,2001-09-28,9.16,9.19,9.05,9.11,940,1044679.0,1.53,-0.33,-0.03,0.18
1203,2001-10-08,9.13,9.13,8.77,8.78,1397,1522367.0,3.95,-3.62,-0.33,0.26
1204,2001-10-09,8.65,9.19,8.6,8.94,2886,3164836.0,6.72,1.82,0.16,0.54
1205,2001-10-10,8.85,8.86,8.44,8.73,1630,1727157.25,4.7,-2.35,-0.21,0.31
1206,2001-10-11,8.68,8.68,8.17,8.17,1839,1885929.12,5.84,-6.41,-0.56,0.35
1207,2001-10-12,8.22,8.56,8.02,8.47,2051,2082146.12,6.61,3.67,0.3,0.39
1208,2001-10-15,8.51,8.56,8.22,8.49,1077,1112412.12,4.01,0.24,0.02,0.2
1209,2001-10-16,8.41,8.47,8.22,8.31,446,453600.19,2.94,-2.12,-0.18,0.08
1210,2001-10-17,8.17,8.33,8.09,8.23,2146,2160337.25,2.89,-0.96,-0.08,0.4
1211,2001-10-18,8.31,8.55,8.17,8.22,3915,3982207.75,4.62,-0.12,-0.01,0.74
1212,2001-10-19,8.19,8.25,7.83,7.86,1783,1746031.0,5.11,-4.38,-0.36,0.34
1213,2001-10-22,7.76,7.83,7.24,7.33,2000,1849462.62,7.51,-6.74,-0.53,0.38
1214,2001-10-23,8.09,8.1,7.84,8.1,4323,4265729.5,3.55,10.5,0.77,0.82
1215,2001-10-24,8.34,8.69,8.34,8.54,8682,9025016.0,4.32,5.43,0.44,1.64
1216,2001-10-25,8.54,8.54,8.22,8.22,2602,2650984.5,3.75,-3.75,-0.32,0.49
1217,2001-10-26,8.17,8.3,7.99,8.17,2160,2146729.5,3.77,-0.61,-0.05,0.41
1218,2001-10-29,8.22,8.45,8.17,8.34,1679,1711781.62,3.43,2.08,0.17,0.32
1219,2001-10-30,8.34,8.36,8.24,8.24,982,997048.31,1.44,-1.2,-0.1,0.19
1220,2001-10-31,8.25,8.25,8.01,8.17,1603,1587736.88,2.91,-0.85,-0.07,0.3
1221,2001-11-01,8.22,8.43,8.22,8.34,1688,1720837.75,2.57,2.08,0.17,0.32
1222,2001-11-02,8.34,8.44,8.22,8.37,2178,2229859.0,2.64,0.36,0.03,0.41
1223,2001-11-05,8.43,8.48,8.33,8.43,1228,1260956.62,1.79,0.72,0.06,0.23
1224,2001-11-06,8.39,8.52,8.36,8.42,1953,2021872.12,1.9,-0.12,-0.01,0.37
1225,2001-11-07,8.39,8.39,7.84,7.96,2650,2638319.5,6.53,-5.46,-0.46,0.5
1226,2001-11-08,7.76,8.0,7.58,7.88,1352,1302980.75,5.28,-1.01,-0.08,0.26
1227,2001-11-09,7.95,8.3,7.81,8.17,3001,2995580.75,6.22,3.68,0.29,0.57
1228,2001-11-12,8.29,8.51,8.2,8.33,1958,2000833.25,3.79,1.96,0.16,0.37
1229,2001-11-13,8.26,8.5,8.16,8.5,3885,3978079.25,4.08,2.04,0.17,0.73
1230,2001-11-14,8.51,8.65,8.41,8.44,2984,3121829.0,2.82,-0.71,-0.06,0.56
1231,2001-11-15,8.6,8.6,8.33,8.46,2300,2360713.25,3.2,0.24,0.02,0.43
1232,2001-11-16,9.31,9.33,8.58,8.6,8231,8844735.0,8.87,1.65,0.14,1.55
1233,2001-11-19,8.6,8.77,8.53,8.75,8231,8844734.0,2.79,1.74,0.15,1.55
1234,2001-11-20,8.76,9.08,8.73,8.97,1796,1903978.0,4.0,2.51,0.22,0.34
1235,2001-11-21,8.99,8.99,8.79,8.93,2848,3092987.5,2.23,-0.45,-0.04,0.54
1236,2001-11-22,8.96,9.17,8.85,9.14,6630,7336254.5,3.58,2.35,0.21,1.25
1237,2001-11-23,9.15,9.15,8.97,9.11,2546,2808580.5,1.97,-0.33,-0.03,0.48
1238,2001-11-26,9.02,9.08,8.87,8.91,2129,2324380.0,2.31,-2.2,-0.2,0.4
1239,2001-11-27,8.89,9.28,8.87,9.28,8035,8980646.0,4.6,4.15,0.37,1.52
1240,2001-11-28,9.37,9.45,9.26,9.29,5557,6310712.0,2.05,0.11,0.01,1.05
1241,2001-11-29,9.29,9.43,9.19,9.33,4180,4746646.5,2.58,0.43,0.04,0.79
1242,2001-11-30,9.33,9.42,9.29,9.34,2284,2595700.5,1.39,0.11,0.01,0.43
1243,2001-12-03,9.46,9.46,9.32,9.42,3990,4558946.0,1.5,0.86,0.08,0.75
1244,2001-12-04,9.53,9.53,9.28,9.45,2520,2878482.0,2.65,0.32,0.03,0.48
1245,2001-12-05,9.32,9.41,9.08,9.08,4555,5120073.0,3.49,-3.92,-0.37,0.86
1246,2001-12-06,8.98,9.27,8.94,9.18,1938,2156619.25,3.63,1.1,0.1,0.37
1247,2001-12-07,9.18,9.26,9.12,9.15,1709,1908233.88,1.53,-0.33,-0.03,0.32
1248,2001-12-10,9.11,9.18,9.02,9.16,913,1014523.75,1.75,0.11,0.01,0.17
1249,2001-12-11,9.19,9.19,9.06,9.14,927,1030554.94,1.42,-0.22,-0.02,0.17
1250,2001-12-12,9.12,9.15,8.94,8.95,1365,1502624.0,2.3,-2.08,-0.19,0.26
1251,2001-12-13,8.93,9.07,8.77,8.79,1544,1674319.5,3.35,-1.79,-0.16,0.29
1252,2001-12-14,8.73,8.73,8.51,8.56,4391,4615820.0,2.5,-2.62,-0.23,0.83
1253,2001-12-17,8.51,8.64,8.36,8.5,1890,1957218.0,3.27,-0.7,-0.06,0.36
1254,2001-12-18,8.45,8.64,8.45,8.63,1256,1314628.25,2.24,1.53,0.13,0.24
1255,2001-12-19,8.64,8.68,8.52,8.52,882,926504.94,1.85,-1.27,-0.11,0.17
1256,2001-12-20,8.47,8.47,8.17,8.18,2289,2306434.75,3.52,-3.99,-0.34,0.43
1257,2001-12-21,8.13,8.25,8.13,8.25,1201,1202374.75,1.47,0.86,0.07,0.23
1258,2001-12-24,8.22,8.25,7.49,7.93,777,766895.69,9.21,-3.88,-0.32,0.15
1259,2001-12-25,7.92,7.98,7.76,7.91,1291,1245963.38,2.77,-0.25,-0.02,0.24
1260,2001-12-26,7.9,8.02,7.83,8.01,1181,1146704.62,2.4,1.26,0.1,0.22
1261,2001-12-27,8.03,8.09,7.99,8.01,1010,992930.62,1.25,0.0,0.0,0.19
1262,2001-12-28,8.0,8.1,7.9,8.04,932,912003.19,2.5,0.37,0.03,0.18
1263,2001-12-31,8.09,8.16,8.0,8.15,1593,1572773.38,1.99,1.37,0.11,0.3
1264,2002-01-04,8.14,8.14,7.92,7.92,621,605551.0,2.7,-2.82,-0.23,0.12
1265,2002-01-07,7.83,7.92,7.64,7.74,1121,1060375.62,3.54,-2.27,-0.18,0.21
1266,2002-01-08,7.77,7.82,7.58,7.6,617,583660.0,3.1,-1.81,-0.14,0.12
1267,2002-01-09,7.58,7.61,7.3,7.39,1722,1573171.0,4.08,-2.76,-0.21,0.32
1268,2002-01-10,7.45,7.66,7.18,7.56,1481,1332931.0,6.5,2.3,0.17,0.28
1269,2002-01-11,7.49,7.49,7.21,7.23,1310,1176416.0,3.7,-4.37,-0.33,0.25
1270,2002-01-14,7.13,7.13,6.94,6.94,1819,1570583.62,2.63,-4.01,-0.29,0.34
1271,2002-01-15,6.89,7.12,6.72,6.76,1278,1089463.0,5.76,-2.59,-0.18,0.24
1272,2002-01-16,6.89,7.06,6.73,6.89,991,840673.88,4.88,1.92,0.13,0.19
1273,2002-01-17,6.89,6.89,6.38,6.45,1641,1336852.25,7.4,-6.39,-0.44,0.31
1274,2002-01-18,6.32,6.45,6.04,6.31,3541,2760222.5,6.36,-2.17,-0.14,0.67
1275,2002-01-21,5.66,5.66,5.64,5.64,1718,1208440.0,0.32,-10.62,-0.67,0.32
1276,2002-01-22,5.05,5.46,5.05,5.12,10309,6688791.0,7.27,-9.22,-0.52,1.94
1277,2002-01-23,5.11,5.6,4.98,5.58,7089,4712288.5,12.11,8.98,0.46,1.34
1278,2002-01-24,5.53,6.0,5.29,5.8,8859,6338611.5,12.72,3.94,0.22,1.67
1279,2002-01-25,5.66,5.95,5.63,5.83,4997,3615491.0,5.52,0.52,0.03,0.94
1280,2002-01-28,5.62,6.02,5.36,5.37,5610,3939010.0,11.32,-7.89,-0.46,1.06
1281,2002-01-29,5.36,5.74,5.2,5.69,3499,2442228.25,10.06,5.96,0.32,0.66
1282,2002-01-30,5.63,5.99,5.63,5.92,3918,2870331.25,6.33,4.04,0.23,0.74
1283,2002-01-31,6.04,6.51,5.96,6.47,6230,4863053.0,9.29,9.29,0.55,1.18
1284,2002-02-01,6.55,6.55,6.32,6.45,5510,4380388.0,3.55,-0.31,-0.02,1.04
1285,2002-02-04,6.34,6.7,6.34,6.63,3640,2941892.25,5.58,2.79,0.18,0.69
1286,2002-02-05,6.64,6.75,6.54,6.63,3281,2683054.0,3.17,0.0,0.0,0.62
1287,2002-02-06,6.68,6.72,6.38,6.39,5030,4090440.5,5.13,-3.62,-0.24,0.95
1288,2002-02-07,6.28,6.66,6.28,6.63,6784,5457543.0,5.95,3.76,0.24,1.28
1289,2002-02-08,6.64,6.72,6.47,6.51,3707,3024871.5,3.77,-1.81,-0.12,0.7
1290,2002-02-25,6.72,6.8,6.6,6.69,3409,2806902.0,3.07,2.76,0.18,0.64
1291,2002-02-26,6.72,6.78,6.57,6.78,2755,2275094.75,3.14,1.35,0.09,0.52
1292,2002-02-27,6.78,6.93,6.69,6.86,4362,3678487.75,3.54,1.18,0.08,0.82
1293,2002-02-28,6.89,6.89,6.65,6.68,3004,2510492.75,3.5,-2.62,-0.18,0.57
1294,2002-03-01,6.64,6.71,6.48,6.55,3125,2541219.75,3.44,-1.95,-0.13,0.59
1295,2002-03-04,6.54,6.66,6.47,6.64,2573,2095748.62,2.9,1.37,0.09,0.49
1296,2002-03-05,6.68,6.93,6.64,6.86,5272,4434874.5,4.37,3.31,0.22,0.99
1297,2002-03-06,6.89,7.19,6.89,7.02,9346,8132111.5,4.37,2.33,0.16,1.76
1298,2002-03-07,7.02,7.44,7.02,7.4,9462,8414250.0,5.98,5.41,0.38,1.78
1299,2002-03-08,7.45,7.56,7.22,7.47,12194,11036900.0,4.59,0.95,0.07,2.3
1300,2002-03-11,7.52,7.87,7.44,7.86,10539,9972015.0,5.76,5.22,0.39,1.99
1301,2002-03-12,7.86,8.0,7.62,7.63,11228,10762521.0,4.83,-2.93,-0.23,2.12
1302,2002-03-13,7.58,7.66,7.24,7.28,7717,7065494.0,5.5,-4.59,-0.35,1.46
1303,2002-03-14,7.24,7.83,7.24,7.79,7272,6738586.5,8.1,7.01,0.51,1.37
1304,2002-03-15,7.87,7.87,7.39,7.41,7195,6730662.5,6.16,-4.88,-0.38,1.36
1305,2002-03-18,7.59,7.75,7.41,7.55,5179,4786183.0,4.59,1.89,0.14,0.98
1306,2002-03-19,7.51,7.73,7.45,7.7,5646,5260740.5,3.71,1.99,0.15,1.06
1307,2002-03-20,7.73,7.87,7.67,7.78,6094,5819262.5,2.6,1.04,0.08,1.15
1308,2002-03-21,7.78,7.87,7.67,7.81,4915,4695746.5,2.57,0.39,0.03,0.93
1309,2002-03-22,7.81,8.26,7.79,8.19,18478,18107214.0,6.02,4.87,0.38,3.49
1310,2002-03-25,8.19,8.19,7.97,8.12,6897,6825344.0,2.69,-0.85,-0.07,1.3
1311,2002-03-26,8.12,8.15,7.79,7.87,6173,5990888.5,4.43,-3.08,-0.25,1.16
1312,2002-03-27,7.83,7.97,7.8,7.95,4038,3904047.5,2.16,1.02,0.08,0.76
1313,2002-03-28,7.92,8.03,7.82,7.93,3246,3159340.5,2.64,-0.25,-0.02,0.61
1314,2002-03-29,7.88,7.88,7.49,7.67,8007,7525093.5,4.92,-3.28,-0.26,1.51
1315,2002-04-01,7.63,7.7,7.51,7.66,2946,2755308.0,2.48,-0.13,-0.01,0.56
1316,2002-04-02,7.66,7.73,7.41,7.48,2463,2284219.25,4.18,-2.35,-0.18,0.46
1317,2002-04-03,7.48,7.63,7.47,7.62,2328,2156101.5,2.14,1.87,0.14,0.44
1318,2002-04-04,7.64,7.87,7.5,7.85,3074,2914769.0,4.86,3.02,0.23,0.58
1319,2002-04-05,7.92,7.98,7.77,7.84,3720,3595177.5,2.68,-0.13,-0.01,0.7
1320,2002-04-08,7.86,8.17,7.85,8.17,8601,8502011.0,4.08,4.21,0.33,1.62
1321,2002-04-09,8.17,8.34,8.07,8.31,10234,10303985.0,3.3,1.71,0.14,1.93
1322,2002-04-10,8.34,8.39,8.21,8.26,5425,5489839.5,2.17,-0.6,-0.05,1.02
1323,2002-04-11,8.26,8.34,8.02,8.03,5777,5790872.5,3.87,-2.78,-0.23,1.09
1324,2002-04-12,8.04,8.26,8.0,8.17,4191,4192203.5,3.24,1.74,0.14,0.79
1325,2002-04-15,8.17,8.6,8.17,8.51,17775,18361928.0,5.26,4.16,0.34,3.35
1326,2002-04-17,8.43,8.47,8.2,8.36,6025,6137109.5,3.17,-1.76,-0.15,1.14
1327,2002-04-18,8.36,8.36,8.16,8.17,5301,5334505.5,2.39,-2.27,-0.19,1.0
1328,2002-04-19,8.04,8.43,7.9,8.4,4962,4918369.5,6.49,2.82,0.23,0.94
1329,2002-04-22,8.36,8.64,8.24,8.55,13857,14460843.0,4.76,1.79,0.15,2.61
1330,2002-04-23,8.51,8.57,8.4,8.43,3732,3863239.0,1.99,-1.4,-0.12,0.7
1331,2002-04-24,8.43,8.43,8.26,8.28,3336,3395307.75,2.02,-1.78,-0.15,0.63
1332,2002-04-25,8.26,9.02,8.26,8.63,18775,19816340.0,9.18,4.23,0.35,3.54
1333,2002-04-26,8.6,8.68,8.45,8.64,10432,10899587.0,2.67,0.12,0.01,1.97
1334,2002-04-29,8.68,8.77,8.47,8.72,16681,17671756.0,3.47,0.93,0.08,3.15
1335,2002-04-30,8.84,8.85,8.6,8.65,8020,8467840.0,2.87,-0.8,-0.07,1.51
1336,2002-05-08,8.66,8.68,8.47,8.55,3097,3229141.0,2.43,-1.16,-0.1,0.58
1337,2002-05-09,8.5,8.6,8.39,8.42,4506,4669892.0,2.46,-1.52,-0.13,0.85
1338,2002-05-10,8.5,8.5,8.24,8.32,4989,5069889.5,3.09,-1.19,-0.1,0.94
1339,2002-05-13,8.3,8.38,8.19,8.29,2560,2589198.0,2.28,-0.36,-0.03,0.48
1340,2002-05-14,8.3,8.44,8.29,8.39,2556,2612146.25,1.81,1.21,0.1,0.48
1341,2002-05-15,8.34,8.36,8.04,8.07,3352,3369651.5,3.81,-3.81,-0.32,0.63
1342,2002-05-16,8.03,8.04,7.49,7.53,7295,6919603.0,6.82,-6.69,-0.54,1.38
1343,2002-05-17,7.63,7.82,7.5,7.65,4569,4253424.5,4.25,1.59,0.12,0.86
1344,2002-05-20,7.64,7.66,7.25,7.43,4260,3876196.75,5.36,-2.88,-0.22,0.8
1345,2002-05-21,7.72,7.83,7.59,7.75,5236,4966462.5,3.23,4.31,0.32,0.99
1346,2002-05-22,7.35,7.79,7.35,7.6,2879,2698540.5,5.68,-1.94,-0.15,0.54
1347,2002-05-23,7.6,7.77,7.6,7.7,2027,1916544.5,2.24,1.32,0.1,0.38
1348,2002-05-24,7.66,7.71,7.57,7.58,2220,2071122.75,1.82,-1.56,-0.12,0.42
1349,2002-05-27,7.66,7.75,7.58,7.74,1334,1249916.38,2.24,2.11,0.16,0.25
1350,2002-05-28,7.76,7.81,7.67,7.7,1467,1396629.0,1.81,-0.52,-0.04,0.28
1351,2002-05-29,7.74,7.74,7.38,7.44,2355,2164107.25,4.68,-3.38,-0.26,0.44
1352,2002-05-30,7.45,7.57,7.3,7.42,1244,1131275.75,3.63,-0.27,-0.02,0.23
1353,2002-05-31,7.41,7.49,7.32,7.4,2779,2529820.75,2.29,-0.27,-0.02,0.52
1354,2002-06-03,7.33,7.33,7.04,7.05,3703,3259035.75,3.92,-4.73,-0.35,0.7
1355,2002-06-04,6.98,7.15,6.95,7.1,3429,2977520.25,2.84,0.71,0.05,0.65
1356,2002-06-05,7.07,7.12,6.8,6.82,2147,1838819.25,4.51,-3.94,-0.28,0.4
1357,2002-06-06,6.72,7.41,6.69,7.3,3712,3229694.25,10.56,7.04,0.48,0.7
1358,2002-06-07,7.25,7.46,7.17,7.42,4754,4290141.5,3.97,1.64,0.12,0.9
1359,2002-06-10,7.4,7.4,7.24,7.31,1228,1098940.5,2.16,-1.48,-0.11,0.23
1360,2002-06-11,7.29,7.47,7.27,7.44,2159,1961313.0,2.74,1.78,0.13,0.41
1361,2002-06-12,7.4,7.4,7.3,7.38,1011,909925.5,1.34,-0.81,-0.06,0.19
1362,2002-06-13,7.4,7.41,7.25,7.26,1428,1277531.75,2.17,-1.63,-0.12,0.27
1363,2002-06-14,7.06,7.29,7.06,7.1,1684,1478076.25,3.17,-2.2,-0.16,0.32
1364,2002-06-17,7.18,7.18,7.08,7.17,835,729131.0,1.41,0.99,0.07,0.16
1365,2002-06-18,7.17,7.41,7.17,7.35,1608,1446949.25,3.35,2.51,0.18,0.3
1366,2002-06-19,7.36,7.39,7.27,7.27,758,677148.94,1.63,-1.09,-0.08,0.14
1367,2002-06-20,7.27,7.41,7.18,7.36,3300,2970971.25,3.16,1.24,0.09,0.62
1368,2002-06-21,7.41,7.71,7.34,7.66,6729,6280105.0,5.03,4.08,0.3,1.27
1369,2002-06-24,8.46,8.46,8.1,8.46,22084,22557834.0,4.7,10.44,0.8,4.17
1370,2002-06-25,8.42,8.65,8.26,8.27,12030,12389074.0,4.61,-2.25,-0.19,2.27
1371,2002-06-26,8.23,8.51,8.14,8.5,8523,8641130.0,4.47,2.78,0.23,1.61
1372,2002-06-27,8.45,8.5,8.3,8.41,4312,4419578.0,2.35,-1.06,-0.09,0.81
1373,2002-06-28,8.41,8.5,8.12,8.23,5904,5944396.5,4.52,-2.14,-0.18,1.11
1374,2002-07-01,8.25,8.29,8.1,8.12,2478,2463919.0,2.31,-1.34,-0.11,0.47
1375,2002-07-02,8.1,8.21,8.05,8.21,2999,2965281.25,1.97,1.11,0.09,0.57
1376,2002-07-03,8.21,8.29,8.16,8.22,1726,1728276.5,1.58,0.12,0.01,0.33
1377,2002-07-04,8.22,8.3,8.13,8.22,3589,3595182.5,2.07,0.0,0.0,0.68
1378,2002-07-05,8.22,8.26,8.16,8.26,1224,1225735.75,1.22,0.49,0.04,0.23
1379,2002-07-08,8.27,8.46,8.27,8.41,3238,3303656.5,2.3,1.82,0.15,0.61
1380,2002-07-09,8.29,8.41,8.16,8.21,9261,9355142.0,2.97,-2.38,-0.2,1.75
1381,2002-07-10,8.38,8.64,8.32,8.37,26542,27294268.0,3.9,1.95,0.16,5.01
1382,2002-07-11,8.42,9.06,8.4,8.79,45198,48055472.0,7.89,5.02,0.42,8.52
1383,2002-07-12,8.82,8.85,8.6,8.73,17107,18111504.0,2.84,-0.68,-0.06,3.23
1384,2002-07-15,8.73,8.73,8.46,8.48,10602,11072804.0,3.09,-2.86,-0.25,2.0
1385,2002-07-16,8.46,8.62,8.29,8.44,10883,11128063.0,3.89,-0.47,-0.04,2.05
1386,2002-07-17,8.4,8.43,8.22,8.42,4951,5007165.0,2.49,-0.24,-0.02,0.93
1387,2002-07-18,8.4,8.45,8.29,8.38,4570,4660043.5,1.9,-0.48,-0.04,0.86
1388,2002-07-19,8.38,8.5,8.33,8.47,4330,4435235.5,2.03,1.07,0.09,0.82
1389,2002-07-22,8.5,8.5,8.21,8.24,7726,7797807.5,3.42,-2.72,-0.23,1.46
1390,2002-07-23,8.21,8.33,8.12,8.19,4528,4526918.5,2.55,-0.61,-0.05,0.85
1391,2002-07-24,8.21,8.29,8.19,8.26,1871,1877420.0,1.22,0.85,0.07,0.35
1392,2002-07-25,8.25,8.33,8.16,8.19,1577,1578026.12,2.06,-0.85,-0.07,0.3
1393,2002-07-26,8.19,8.21,8.01,8.01,5878,5796558.0,2.44,-2.2,-0.18,1.11
1394,2002-07-29,8.01,8.08,7.91,8.04,1969,1909327.12,2.12,0.37,0.03,0.37
1395,2002-07-30,8.04,8.1,7.93,8.07,1913,1867271.75,2.11,0.37,0.03,0.36
1396,2002-07-31,8.04,8.2,8.04,8.08,3545,3513422.25,1.98,0.12,0.01,0.67
1397,2002-08-01,8.06,8.1,7.93,8.01,1941,1892531.25,2.1,-0.87,-0.07,0.37
1398,2002-08-02,7.99,8.1,7.97,8.04,899,882584.38,1.62,0.37,0.03,0.17
1399,2002-08-05,7.97,8.03,7.93,7.97,793,770743.0,1.24,-0.87,-0.07,0.15
1400,2002-08-06,7.99,8.18,7.96,8.11,1576,1556187.25,2.76,1.76,0.14,0.3
1401,2002-08-07,8.12,8.12,8.04,8.07,805,792334.62,0.99,-0.49,-0.04,0.15
1402,2002-08-08,8.07,8.14,7.94,7.98,1094,1069482.0,2.48,-1.12,-0.09,0.21
1403,2002-08-09,7.96,8.01,7.88,7.93,1831,1771664.88,1.63,-0.63,-0.05,0.35
1404,2002-08-12,7.91,7.94,7.83,7.88,638,613753.75,1.39,-0.63,-0.05,0.12
1405,2002-08-13,7.87,7.97,7.84,7.85,663,639322.0,1.65,-0.38,-0.03,0.13
1406,2002-08-14,7.91,7.97,7.87,7.97,975,941342.38,1.27,1.53,0.12,0.18
1407,2002-08-15,7.96,8.04,7.91,7.91,1608,1563719.12,1.63,-0.75,-0.06,0.3
1408,2002-08-16,7.93,8.16,7.91,8.16,2658,2620048.75,3.16,3.16,0.25,0.5
1409,2002-08-19,8.11,8.16,8.06,8.09,906,895687.12,1.23,-0.86,-0.07,0.17
1410,2002-08-20,8.16,8.25,8.11,8.21,2705,2696796.75,1.73,1.48,0.12,0.51
1411,2002-08-21,8.21,8.37,8.18,8.29,6879,6949505.0,2.31,0.97,0.08,1.3
1412,2002-08-22,8.27,8.33,8.22,8.33,3495,3530967.75,1.33,0.48,0.04,0.66
1413,2002-08-23,8.25,8.31,8.2,8.21,1982,1991753.38,1.32,-1.44,-0.12,0.37
1414,2002-08-26,8.21,8.21,8.09,8.12,1322,1311890.0,1.46,-1.1,-0.09,0.25
1415,2002-08-27,8.13,8.42,8.13,8.34,3560,3607262.25,3.57,2.71,0.22,0.67
1416,2002-08-28,8.31,8.34,8.25,8.27,1526,1541119.25,1.08,-0.84,-0.07,0.29
1417,2002-08-29,8.3,8.33,8.19,8.19,1790,1796748.0,1.69,-0.97,-0.08,0.34
1418,2002-08-30,8.21,8.28,8.2,8.22,1009,1012070.38,0.98,0.37,0.03,0.19
1419,2002-09-02,8.29,8.39,8.21,8.39,1772,1796368.0,2.19,2.07,0.17,0.33
1420,2002-09-03,8.4,8.44,8.34,8.39,2294,2346139.5,1.19,0.0,0.0,0.43
1421,2002-09-04,8.42,8.6,8.36,8.45,8919,9216967.0,2.86,0.72,0.06,1.68
1422,2002-09-05,8.45,8.59,8.29,8.57,10593,10926879.0,3.55,1.42,0.12,2.0
1423,2002-09-06,8.52,8.6,8.45,8.46,5286,5470803.0,1.75,-1.28,-0.11,1.0
1424,2002-09-09,8.49,8.59,8.37,8.53,8073,8380481.5,2.6,0.83,0.07,1.52
1425,2002-09-10,8.53,8.73,8.53,8.68,18423,19440898.0,2.34,1.76,0.15,3.47
1426,2002-09-11,8.7,8.74,8.48,8.66,10440,10896672.0,3.0,-0.23,-0.02,1.97
1427,2002-09-12,8.72,8.72,8.55,8.62,5983,6261973.5,1.96,-0.46,-0.04,1.13
1428,2002-09-13,8.59,8.65,8.55,8.57,3161,3301045.75,1.16,-0.58,-0.05,0.6
1429,2002-09-16,8.57,8.57,8.26,8.28,6672,6784688.0,3.62,-3.38,-0.29,1.26
1430,2002-09-17,8.26,8.37,7.95,8.1,6038,5980930.0,5.07,-2.17,-0.18,1.14
1431,2002-09-18,8.1,8.1,7.95,7.99,3126,3055797.0,1.85,-1.36,-0.11,0.59
1432,2002-09-19,7.93,8.2,7.87,8.15,3493,3422344.75,4.13,2.0,0.16,0.66
1433,2002-09-20,8.15,8.36,8.04,8.22,5450,5474638.0,3.93,0.86,0.07,1.03
1434,2002-09-23,8.27,8.38,8.16,8.25,3789,3813532.25,2.68,0.36,0.03,0.71
1435,2002-09-24,8.27,8.3,8.04,8.06,2692,2664459.75,3.15,-2.3,-0.19,0.51
1436,2002-09-25,8.04,8.16,7.99,8.03,3275,3223909.25,2.11,-0.37,-0.03,0.62
1437,2002-09-26,8.04,8.12,7.86,7.88,3923,3810446.25,3.24,-1.87,-0.15,0.74
1438,2002-09-27,7.88,7.95,7.66,7.67,4027,3811731.25,3.68,-2.66,-0.21,0.76
1439,2002-10-08,7.61,7.64,7.5,7.52,2048,1894337.75,1.83,-1.96,-0.15,0.39
1440,2002-10-09,7.52,7.58,7.34,7.34,2028,1839395.0,3.19,-2.39,-0.18,0.38
1441,2002-10-10,7.35,7.44,7.27,7.36,1866,1683902.38,2.32,0.27,0.02,0.35
1442,2002-10-11,7.44,7.49,7.31,7.35,1867,1690729.5,2.45,-0.14,-0.01,0.35
1443,2002-10-14,7.37,7.41,7.22,7.37,2469,2203027.5,2.59,0.27,0.02,0.47
1444,2002-10-15,7.35,7.4,7.28,7.31,1160,1044876.19,1.63,-0.81,-0.06,0.22
1445,2002-10-16,7.37,7.47,7.32,7.4,2345,2124080.0,2.05,1.23,0.09,0.44
1446,2002-10-17,7.38,7.38,7.18,7.2,1773,1571805.0,2.7,-2.7,-0.2,0.33
1447,2002-10-18,7.18,7.23,7.1,7.21,1818,1594406.62,1.81,0.14,0.01,0.34
1448,2002-10-21,7.19,7.19,7.1,7.15,1517,1326072.75,1.25,-0.83,-0.06,0.29
1449,2002-10-22,7.26,7.44,7.24,7.35,2364,2128539.25,2.8,2.8,0.2,0.45
1450,2002-10-23,7.35,7.46,7.31,7.39,1737,1567847.5,2.04,0.54,0.04,0.33
1451,2002-10-24,7.36,7.4,7.27,7.3,1337,1197978.12,1.76,-1.22,-0.09,0.25
1452,2002-10-25,7.34,7.35,7.01,7.12,1986,1741415.0,4.66,-2.47,-0.18,0.37
1453,2002-10-28,7.03,7.07,6.95,7.05,1869,1607992.75,1.69,-0.98,-0.07,0.35
1454,2002-10-29,7.04,7.14,6.98,7.13,1153,995352.06,2.27,1.13,0.08,0.22
1455,2002-10-30,7.12,7.12,7.01,7.06,1244,1076202.5,1.54,-0.98,-0.07,0.23
1456,2002-10-31,7.1,7.18,7.02,7.03,1035,901503.0,2.27,-0.42,-0.03,0.2
1457,2002-11-01,7.01,7.14,6.98,7.07,846,728375.0,2.28,0.57,0.04,0.16
1458,2002-11-04,7.14,7.2,7.08,7.2,1279,1117598.0,1.7,1.84,0.13,0.24
1459,2002-11-05,7.21,7.39,7.19,7.35,2779,2488767.5,2.78,2.08,0.15,0.52
1460,2002-11-06,7.35,7.39,7.31,7.35,1547,1391740.62,1.09,0.0,0.0,0.29
1461,2002-11-07,7.34,7.35,7.23,7.26,1139,1015510.0,1.63,-1.22,-0.09,0.21
1462,2002-11-08,7.31,7.42,6.97,6.99,2665,2323104.5,6.2,-3.72,-0.27,0.5
1463,2002-11-11,7.03,7.07,6.93,6.97,1593,1360162.0,2.0,-0.29,-0.02,0.3
1464,2002-11-12,6.98,7.01,6.72,6.74,1920,1609200.0,4.16,-3.3,-0.23,0.36
1465,2002-11-13,6.66,6.72,6.52,6.67,1890,1541347.0,2.97,-1.04,-0.07,0.36
1466,2002-11-14,6.68,6.68,6.34,6.39,2135,1715346.75,5.1,-4.2,-0.28,0.4
1467,2002-11-15,6.42,6.57,6.16,6.43,2040,1612062.12,6.42,0.63,0.04,0.38
1468,2002-11-18,6.36,6.42,6.28,6.31,1047,818741.0,2.18,-1.87,-0.12,0.2
1469,2002-11-19,6.33,6.5,6.26,6.49,2402,1893890.0,3.8,2.85,0.18,0.45
1470,2002-11-20,6.43,6.43,6.25,6.3,1806,1401605.25,2.77,-2.93,-0.19,0.34
1471,2002-11-21,6.25,6.33,6.03,6.07,2244,1698120.5,4.76,-3.65,-0.23,0.42
1472,2002-11-22,6.16,6.25,5.96,6.11,2813,2123440.0,4.78,0.66,0.04,0.53
1473,2002-11-25,6.08,6.25,6.08,6.16,942,715363.0,2.78,0.82,0.05,0.18
1474,2002-11-26,6.16,6.33,5.99,6.02,1507,1137674.75,5.52,-2.27,-0.14,0.28
1475,2002-11-27,5.91,6.21,5.87,6.12,1782,1313964.62,5.65,1.66,0.1,0.34
1476,2002-11-28,6.2,6.4,6.08,6.35,1865,1432179.75,5.23,3.76,0.23,0.35
1477,2002-11-29,6.38,6.5,6.26,6.41,4794,3791397.75,3.78,0.94,0.06,0.9
1478,2002-12-02,5.89,6.48,5.89,6.16,1196,920117.31,9.2,-3.9,-0.25,0.23
1479,2002-12-03,6.06,6.29,6.06,6.27,1139,875078.06,3.73,1.79,0.11,0.21
1480,2002-12-04,6.34,6.46,6.26,6.29,1353,1061407.75,3.19,0.32,0.02,0.26
1481,2002-12-05,6.26,6.34,6.17,6.24,809,621828.19,2.7,-0.79,-0.05,0.15
1482,2002-12-06,6.19,6.41,6.18,6.25,736,570289.25,3.69,0.16,0.01,0.14
1483,2002-12-09,6.32,6.33,6.2,6.26,816,631886.0,2.08,0.16,0.01,0.15
1484,2002-12-10,6.32,6.34,6.16,6.17,998,770262.0,2.88,-1.44,-0.09,0.19
1485,2002-12-11,6.09,6.16,6.04,6.1,1170,879879.44,1.94,-1.13,-0.07,0.22
1486,2002-12-12,6.11,6.24,6.11,6.16,862,656719.81,2.13,0.98,0.06,0.16
1487,2002-12-13,6.08,6.4,5.92,6.32,1737,1343125.0,7.79,2.6,0.16,0.33
1488,2002-12-16,6.35,6.82,6.25,6.59,8768,7124907.0,9.02,4.27,0.27,1.65
1489,2002-12-17,6.66,6.72,6.55,6.62,4909,3995867.25,2.58,0.46,0.03,0.93
1490,2002-12-18,6.63,6.75,6.56,6.57,3839,3143794.5,2.87,-0.76,-0.05,0.72
1491,2002-12-19,6.51,6.64,6.46,6.58,3711,2973640.25,2.74,0.15,0.01,0.7
1492,2002-12-20,6.58,6.68,6.51,6.67,1669,1356603.75,2.58,1.37,0.09,0.31
1493,2002-12-23,6.7,6.73,6.59,6.62,2210,1807385.5,2.1,-0.75,-0.05,0.42
1494,2002-12-24,6.55,6.7,6.55,6.69,1628,1329750.12,2.27,1.06,0.07,0.31
1495,2002-12-25,6.64,6.69,6.57,6.58,989,806057.44,1.79,-1.64,-0.11,0.19
1496,2002-12-26,6.52,6.56,6.26,6.26,3031,2385105.0,4.56,-4.86,-0.32,0.57
1497,2002-12-27,6.23,6.38,6.17,6.3,1859,1437510.12,3.35,0.64,0.04,0.35
1498,2002-12-30,6.18,6.31,6.15,6.2,2334,1787187.12,2.54,-1.59,-0.1,0.44
1499,2002-12-31,6.25,6.28,6.12,6.14,1593,1216509.75,2.58,-0.97,-0.06,0.3
1500,2003-01-02,6.15,6.29,6.08,6.14,8799,6715691.0,3.42,0.0,0.0,1.66
1501,2003-01-03,6.14,6.23,6.06,6.12,3761,2829185.5,2.77,-0.33,-0.02,0.71
1502,2003-01-06,6.09,6.24,6.02,6.22,1625,1236247.25,3.59,1.63,0.1,0.31
1503,2003-01-07,6.2,6.32,6.09,6.18,2049,1570860.5,3.7,-0.64,-0.04,0.39
1504,2003-01-08,6.22,6.5,6.22,6.42,4563,3583657.5,4.53,3.88,0.24,0.86
1505,2003-01-09,6.38,6.63,6.35,6.55,7428,5932449.0,4.36,2.02,0.13,1.4
1506,2003-01-10,6.63,6.65,6.42,6.43,5394,4337710.0,3.51,-1.83,-0.12,1.02
1507,2003-01-13,6.43,6.49,6.38,6.45,2574,2037809.62,1.71,0.31,0.02,0.49
1508,2003-01-14,6.45,6.83,6.4,6.78,12841,10524079.0,6.67,5.12,0.33,2.42
1509,2003-01-15,6.78,6.81,6.61,6.7,5210,4303009.0,2.95,-1.18,-0.08,0.98
1510,2003-01-16,6.67,6.89,6.67,6.84,4897,4094616.25,3.28,2.09,0.14,0.92
1511,2003-01-17,6.84,6.98,6.78,6.86,8178,6927624.5,2.92,0.29,0.02,1.54
1512,2003-01-20,6.84,6.89,6.72,6.89,2725,2274227.25,2.48,0.44,0.03,0.51
1513,2003-01-21,6.89,6.97,6.72,6.73,3546,2962168.25,3.63,-2.32,-0.16,0.67
1514,2003-01-22,6.72,6.97,6.67,6.96,4673,3927165.75,4.46,3.42,0.23,0.88
1515,2003-01-23,7.01,7.01,6.78,6.78,4648,3932322.75,3.3,-2.59,-0.18,0.88
1516,2003-01-24,6.8,6.91,6.75,6.88,1952,1638550.88,2.36,1.47,0.1,0.37
1517,2003-01-27,6.91,7.07,6.89,6.95,3488,2981960.0,2.62,1.02,0.07,0.66
1518,2003-01-28,7.01,7.01,6.91,6.96,1905,1625995.38,1.44,0.14,0.01,0.36
1519,2003-01-29,6.95,6.95,6.8,6.8,2605,2202383.0,2.16,-2.3,-0.16,0.49
1520,2003-02-10,6.8,6.89,6.75,6.76,1333,1110310.0,2.06,-0.59,-0.04,0.25
1521,2003-02-11,6.8,6.84,6.74,6.84,3140,2611676.25,1.48,1.18,0.08,0.59
1522,2003-02-12,6.84,7.08,6.8,7.08,4774,4082760.25,4.09,3.51,0.24,0.9
1523,2003-02-13,7.25,7.76,7.25,7.34,19952,18142158.0,7.2,3.67,0.26,3.76
1524,2003-02-14,7.27,7.42,7.26,7.31,4838,4346010.5,2.18,-0.41,-0.03,0.91
1525,2003-02-17,7.31,7.37,7.08,7.12,5222,4604549.5,3.97,-2.6,-0.19,0.98
1526,2003-02-18,7.12,7.2,7.08,7.17,3927,3431682.5,1.69,0.7,0.05,0.74
1527,2003-02-19,7.12,7.25,7.11,7.22,2017,1779438.12,1.95,0.7,0.05,0.38
1528,2003-02-20,7.27,7.27,7.18,7.21,1754,1548734.38,1.25,-0.14,-0.01,0.33
1529,2003-02-21,7.18,7.21,6.93,6.94,4430,3815513.25,3.88,-3.74,-0.27,0.84
1530,2003-02-24,6.9,7.04,6.9,6.97,1954,1672243.62,2.02,0.43,0.03,0.37
1531,2003-02-25,7.07,7.15,7.0,7.14,1763,1534539.75,2.15,2.44,0.17,0.33
1532,2003-02-26,7.17,7.19,7.07,7.12,1316,1150635.38,1.68,-0.28,-0.02,0.25
1533,2003-02-27,7.11,7.18,7.09,7.12,1285,1123037.25,1.26,0.0,0.0,0.24
1534,2003-02-28,7.11,7.14,7.07,7.1,1435,1247933.88,0.98,-0.28,-0.02,0.27
1535,2003-03-03,6.97,7.18,6.97,7.1,2234,1934456.25,2.96,0.0,0.0,0.42
1536,2003-03-04,7.14,7.25,7.12,7.24,2446,2154514.5,1.83,1.97,0.14,0.46
1537,2003-03-05,7.21,7.23,7.1,7.21,1715,1505796.38,1.8,-0.41,-0.03,0.32
1538,2003-03-06,7.17,7.18,7.06,7.06,1080,938492.56,1.66,-2.08,-0.15,0.2
1539,2003-03-07,7.17,7.17,7.02,7.02,1279,1108308.25,2.12,-0.57,-0.04,0.24
1540,2003-03-10,7.05,7.05,6.83,6.83,2943,2484058.0,3.13,-2.71,-0.19,0.56
1541,2003-03-11,6.79,6.89,6.76,6.84,1531,1283969.75,1.9,0.15,0.01,0.29
1542,2003-03-12,6.86,6.89,6.74,6.84,1745,1452612.0,2.19,0.0,0.0,0.33
1543,2003-03-13,6.89,6.89,6.76,6.77,1132,947191.94,1.9,-1.02,-0.07,0.21
1544,2003-03-14,6.78,6.83,6.74,6.77,1057,879019.19,1.33,0.0,0.0,0.2
1545,2003-03-17,6.74,6.98,6.63,6.93,3200,2679910.25,5.17,2.36,0.16,0.6
1546,2003-03-18,6.97,7.0,6.78,6.78,2350,1984806.5,3.17,-2.16,-0.15,0.44
1547,2003-03-19,6.76,6.85,6.71,6.78,1128,937857.5,2.06,0.0,0.0,0.21
1548,2003-03-20,6.76,6.83,6.73,6.76,1003,832877.5,1.47,-0.29,-0.02,0.19
1549,2003-03-21,6.73,6.84,6.68,6.83,1187,987916.31,2.37,1.04,0.07,0.22
1550,2003-03-24,6.77,6.84,6.75,6.83,696,580778.5,1.32,0.0,0.0,0.13
1551,2003-03-25,6.78,6.81,6.74,6.74,1430,1186868.5,1.02,-1.32,-0.09,0.27
1552,2003-03-26,6.76,6.78,6.69,6.71,763,631658.69,1.34,-0.45,-0.03,0.14
1553,2003-03-27,6.64,6.93,6.63,6.91,1678,1396689.88,4.47,2.98,0.2,0.32
1554,2003-03-28,6.86,6.91,6.82,6.84,2072,1746077.25,1.3,-1.01,-0.07,0.39
1555,2003-03-31,6.84,6.97,6.83,6.97,3524,2985945.75,2.05,1.9,0.13,0.66
1556,2003-04-01,6.97,7.06,6.94,7.01,2914,2504975.0,1.72,0.57,0.04,0.55
1557,2003-04-02,7.01,7.03,6.97,6.98,1310,1123249.75,0.86,-0.43,-0.03,0.25
1558,2003-04-03,7.01,7.07,6.95,7.01,3761,3234267.5,1.72,0.43,0.03,0.71
1559,2003-04-04,7.0,7.03,6.95,7.01,1439,1234157.38,1.14,0.0,0.0,0.27
1560,2003-04-07,7.02,7.05,6.87,6.88,2050,1747963.0,2.57,-1.85,-0.13,0.39
1561,2003-04-08,6.88,6.93,6.77,6.79,2141,1798864.75,2.33,-1.31,-0.09,0.4
1562,2003-04-09,6.79,6.84,6.66,6.81,3340,2766796.75,2.65,0.29,0.02,0.63
1563,2003-04-10,6.81,6.86,6.66,6.78,5543,4568146.5,2.94,-0.44,-0.03,1.05
1564,2003-04-11,6.74,6.93,6.72,6.93,4215,3532379.75,3.1,2.21,0.15,0.79
1565,2003-04-14,6.95,7.13,6.87,7.09,12298,10518947.0,3.75,2.31,0.16,2.32
1566,2003-04-15,7.07,7.14,6.97,7.08,7730,6678467.5,2.4,-0.14,-0.01,1.46
1567,2003-04-16,7.06,7.34,6.99,7.16,19442,17102366.0,4.94,1.13,0.08,3.67
1568,2003-04-17,7.12,7.15,6.95,7.1,7251,6266263.0,2.79,-0.84,-0.06,1.37
1569,2003-04-18,7.01,7.07,6.84,7.01,7888,6699503.0,3.24,-1.27,-0.09,1.49
1570,2003-04-21,6.84,6.84,6.42,6.54,11202,9009033.0,5.99,-6.7,-0.47,2.11
1571,2003-04-22,6.5,6.53,6.31,6.45,7910,6224764.5,3.36,-1.38,-0.09,1.49
1572,2003-04-23,6.44,6.55,6.31,6.5,6233,4938263.0,3.72,0.78,0.05,1.18
1573,2003-04-24,6.49,6.54,6.09,6.12,7216,5537038.5,6.92,-5.85,-0.38,1.36
1574,2003-04-25,6.03,6.15,5.91,5.95,4987,3702044.75,3.92,-2.78,-0.17,0.94
1575,2003-04-28,5.95,5.95,5.48,5.75,13060,9125975.0,7.9,-3.36,-0.2,2.46
1576,2003-04-29,5.72,5.86,5.55,5.66,5267,3708919.5,5.39,-1.57,-0.09,0.99
1577,2003-04-30,5.61,5.86,5.61,5.74,4267,3033507.75,4.42,1.41,0.08,0.8
1578,2003-05-12,5.85,5.86,5.46,5.48,3466,2417263.0,6.97,-4.53,-0.26,0.65
1579,2003-05-13,5.31,5.31,5.05,5.11,5595,3572482.25,4.74,-6.75,-0.37,1.06
1580,2003-05-14,5.13,5.4,5.13,5.35,3886,2545919.75,5.28,4.7,0.24,0.73
1581,2003-05-15,5.38,5.59,5.3,5.57,4411,2982106.5,5.42,4.11,0.22,0.83
1582,2003-05-16,5.57,5.72,5.44,5.63,5880,4069185.25,5.03,1.08,0.06,1.11
1583,2003-05-19,5.63,5.75,5.61,5.69,3695,2602667.75,2.49,1.07,0.06,0.7
1584,2003-05-20,5.7,5.73,5.57,5.6,2768,1926753.0,2.81,-1.58,-0.09,0.52
1585,2003-05-21,5.63,5.64,5.48,5.57,3268,2250114.5,2.86,-0.54,-0.03,0.62
1586,2003-05-22,5.52,5.68,5.51,5.66,1969,1359401.12,3.05,1.62,0.09,0.37
1587,2003-05-23,5.66,5.68,5.57,5.62,3884,2700765.0,1.94,-0.71,-0.04,0.73
1588,2003-05-27,5.66,5.91,5.66,5.86,13417,9683447.0,4.45,4.27,0.24,2.53
1589,2003-05-28,5.82,5.92,5.76,5.8,5300,3820238.0,2.73,-1.02,-0.06,1.0
1590,2003-05-29,5.79,5.8,5.69,5.78,4402,3124663.25,1.9,-0.34,-0.02,0.83
1591,2003-05-30,5.82,5.92,5.79,5.9,5837,4233749.5,2.25,2.08,0.12,1.1
1592,2003-06-02,5.93,6.36,5.93,6.15,18370,13989120.0,7.29,4.24,0.25,3.46
1593,2003-06-03,6.17,6.21,6.06,6.08,4885,3677472.5,2.44,-1.14,-0.07,0.92
1594,2003-06-04,6.06,6.17,6.02,6.16,3893,2920516.5,2.47,1.32,0.08,0.73
1595,2003-06-05,6.16,6.2,6.08,6.19,10511,7940539.5,1.95,0.49,0.03,1.98
1596,2003-06-06,6.12,6.12,5.87,5.87,5512,4074477.25,4.04,-5.17,-0.32,1.04
1597,2003-06-09,5.86,5.97,5.81,5.87,2143,1554751.12,2.73,0.0,0.0,0.4
1598,2003-06-10,5.87,5.93,5.83,5.92,2464,1799955.75,1.7,0.85,0.05,0.46
1599,2003-06-11,5.92,5.97,5.86,5.96,2053,1502429.88,1.86,0.68,0.04,0.39
1600,2003-06-12,5.95,5.98,5.82,5.91,2685,1956054.88,2.68,-0.84,-0.05,0.51
1601,2003-06-13,5.95,5.95,5.87,5.93,2133,1556669.25,1.35,0.34,0.02,0.4
1602,2003-06-16,5.99,6.09,5.98,6.07,5637,4209626.0,1.85,2.36,0.14,1.06
1603,2003-06-17,6.08,6.13,5.87,5.98,2384,1750922.38,4.28,-1.48,-0.09,0.45
1604,2003-06-18,5.96,6.0,5.86,5.92,5385,3897987.0,2.34,-1.0,-0.06,1.02
1605,2003-06-19,5.93,5.93,5.8,5.84,2562,1837115.0,2.2,-1.35,-0.08,0.48
1606,2003-06-20,5.86,5.94,5.8,5.87,1441,1034352.69,2.4,0.51,0.03,0.27
1607,2003-06-23,5.87,5.87,5.75,5.78,2061,1465245.0,2.04,-1.53,-0.09,0.39
1608,2003-06-24,5.79,5.86,5.76,5.84,1030,733186.12,1.73,1.04,0.06,0.19
1609,2003-06-25,5.86,5.9,5.83,5.86,2378,1707818.25,1.2,0.34,0.02,0.45
1610,2003-06-26,5.89,5.91,5.78,5.8,1714,1223283.0,2.22,-1.02,-0.06,0.32
1611,2003-06-27,5.78,5.8,5.62,5.63,2369,1657042.0,3.1,-2.93,-0.17,0.45
1612,2003-06-30,5.56,5.6,5.49,5.54,1340,913631.12,1.95,-1.6,-0.09,0.25
1613,2003-07-01,5.53,5.6,5.45,5.45,1449,986779.5,2.71,-1.62,-0.09,0.27
1614,2003-07-02,5.46,5.58,5.41,5.54,938,634796.81,3.12,1.65,0.09,0.18
1615,2003-07-03,5.49,5.62,5.46,5.57,658,447625.81,2.89,0.54,0.03,0.12
1616,2003-07-04,5.62,5.62,5.47,5.52,743,507603.0,2.69,-0.9,-0.05,0.14
1617,2003-07-07,5.47,5.56,5.46,5.53,1197,808626.0,1.81,0.18,0.01,0.23
1618,2003-07-08,5.54,5.62,5.54,5.57,614,421181.0,1.45,0.72,0.04,0.12
1619,2003-07-09,5.53,5.57,5.49,5.51,533,361795.19,1.44,-1.08,-0.06,0.1
1620,2003-07-10,5.62,5.99,5.56,5.78,2886,2033098.88,7.8,4.9,0.27,0.54
1621,2003-07-11,5.81,5.82,5.6,5.79,2277,1602521.62,3.81,0.17,0.01,0.43
1622,2003-07-14,5.76,5.82,5.69,5.79,1960,1382939.62,2.25,0.0,0.0,0.37
1623,2003-07-15,5.77,5.79,5.68,5.69,996,697001.0,1.9,-1.73,-0.1,0.19
1624,2003-07-16,5.69,5.74,5.69,5.74,502,352554.0,0.88,0.88,0.05,0.09
1625,2003-07-17,5.74,5.75,5.59,5.61,1808,1254550.12,2.79,-2.26,-0.13,0.34
1626,2003-07-18,5.61,5.66,5.46,5.51,1658,1132434.62,3.57,-1.78,-0.1,0.31
1627,2003-07-21,5.44,5.54,5.26,5.34,3764,2476574.5,5.08,-3.09,-0.17,0.71
1628,2003-07-22,5.44,5.48,5.17,5.36,6189,4015331.5,5.81,0.37,0.02,1.17
1629,2003-07-23,5.33,5.38,5.28,5.29,2511,1651084.38,1.87,-1.31,-0.07,0.47
1630,2003-07-24,5.35,5.39,5.3,5.35,1310,864176.06,1.7,1.13,0.06,0.25
1631,2003-07-25,5.36,5.45,5.32,5.35,1268,837733.0,2.43,0.0,0.0,0.24
1632,2003-07-28,5.34,5.35,5.24,5.32,1389,904780.56,2.06,-0.56,-0.03,0.26
1633,2003-07-29,5.28,5.39,5.28,5.32,682,446635.69,2.07,0.0,0.0,0.13
1634,2003-07-30,5.32,5.4,5.3,5.39,892,587905.25,1.88,1.32,0.07,0.17
1635,2003-07-31,5.39,5.5,5.39,5.42,1198,799202.62,2.04,0.56,0.03,0.23
1636,2003-08-01,5.45,5.45,5.36,5.43,709,471434.0,1.66,0.18,0.01,0.13
1637,2003-08-04,5.41,5.5,5.4,5.48,1039,696419.62,1.84,0.92,0.05,0.2
1638,2003-08-05,5.51,5.53,5.45,5.5,712,479267.06,1.46,0.36,0.02,0.13
1639,2003-08-06,5.49,5.51,5.46,5.47,617,415394.59,0.91,-0.55,-0.03,0.12
1640,2003-08-07,5.43,5.46,5.36,5.39,864,574472.44,1.83,-1.46,-0.08,0.16
1641,2003-08-08,5.35,5.39,5.3,5.34,1004,658998.69,1.67,-0.93,-0.05,0.19
1642,2003-08-11,5.36,5.41,5.3,5.36,572,376181.0,2.06,0.37,0.02,0.11
1643,2003-08-12,5.35,5.4,5.34,5.37,612,404253.47,1.12,0.19,0.01,0.12
1644,2003-08-13,5.38,5.44,5.36,5.43,597,396073.88,1.49,1.12,0.06,0.11
1645,2003-08-14,5.4,5.48,5.36,5.44,1028,687110.38,2.21,0.18,0.01,0.19
1646,2003-08-15,5.41,5.51,5.4,5.47,1211,816072.5,2.02,0.55,0.03,0.23
1647,2003-08-18,5.54,5.65,5.49,5.54,3062,2094241.5,2.93,1.28,0.07,0.58
1648,2003-08-19,5.57,5.57,5.49,5.52,936,636701.5,1.44,-0.36,-0.02,0.18
1649,2003-08-20,5.52,5.55,5.45,5.5,443,298284.0,1.81,-0.36,-0.02,0.08
1650,2003-08-21,5.49,5.64,5.4,5.57,685,465339.09,4.36,1.27,0.07,0.13
1651,2003-08-22,5.58,5.61,5.53,5.55,609,416827.0,1.44,-0.36,-0.02,0.11
1652,2003-08-25,5.51,5.57,5.47,5.52,748,507765.06,1.8,-0.54,-0.03,0.14
1653,2003-08-26,5.46,5.54,5.46,5.53,538,364710.5,1.45,0.18,0.01,0.1
1654,2003-08-27,5.54,5.59,5.51,5.55,558,378794.0,1.45,0.36,0.02,0.11
1655,2003-08-28,5.58,5.77,5.58,5.66,4122,2886144.0,3.42,1.98,0.11,0.78
1656,2003-08-29,5.6,5.69,5.56,5.69,1799,1237666.12,2.3,0.53,0.03,0.34
1657,2003-09-01,5.64,5.82,5.64,5.8,4100,2908084.0,3.16,1.93,0.11,0.77
1658,2003-09-02,5.8,5.84,5.73,5.84,2587,1839126.0,1.9,0.69,0.04,0.49
1659,2003-09-03,5.83,5.92,5.83,5.91,3851,2776126.0,1.54,1.2,0.07,0.73
1660,2003-09-04,5.91,5.92,5.81,5.83,3042,2188852.75,1.86,-1.35,-0.08,0.57
1661,2003-09-05,5.72,6.0,5.72,5.97,5816,4162924.75,4.8,2.4,0.14,1.1
1662,2003-09-08,5.97,6.18,5.94,6.17,15961,11878072.0,4.02,3.35,0.2,3.01
1663,2003-09-09,6.17,6.17,6.03,6.05,5550,4129373.75,2.27,-1.94,-0.12,1.05
1664,2003-09-10,6.0,6.0,5.79,5.82,6657,4769633.5,3.47,-3.8,-0.23,1.26
1665,2003-09-11,5.84,5.86,5.74,5.78,2556,1816379.38,2.06,-0.69,-0.04,0.48
1666,2003-09-12,5.71,5.87,5.71,5.77,2707,1917007.0,2.77,-0.17,-0.01,0.51
1667,2003-09-15,5.75,5.86,5.73,5.74,2636,1874225.88,2.25,-0.52,-0.03,0.5
1668,2003-09-16,5.79,5.97,5.74,5.87,2656,1909803.75,4.01,2.26,0.13,0.5
1669,2003-09-17,5.86,5.86,5.57,5.66,1962,1379413.12,4.94,-3.58,-0.21,0.37
1670,2003-09-18,5.66,5.69,5.58,5.68,2111,1461197.25,1.94,0.35,0.02,0.4
1671,2003-09-19,5.7,5.77,5.66,5.74,1794,1259734.0,1.94,1.06,0.06,0.34
1672,2003-09-22,5.79,5.83,5.74,5.82,3050,2162512.5,1.57,1.39,0.08,0.58
1673,2003-09-23,5.75,5.86,5.75,5.82,1546,1098602.25,1.89,0.0,0.0,0.29
1674,2003-09-24,5.84,5.84,5.57,5.68,2963,2068706.38,4.64,-2.41,-0.14,0.56
1675,2003-09-25,5.62,5.62,5.43,5.46,2935,1996575.25,3.35,-3.87,-0.22,0.55
1676,2003-09-26,5.38,5.46,5.35,5.4,2229,1481528.62,2.01,-1.1,-0.06,0.42
1677,2003-09-29,5.4,5.47,5.32,5.33,1957,1296275.75,2.78,-1.3,-0.07,0.37
1678,2003-09-30,5.31,5.34,5.13,5.25,1762,1138905.25,3.94,-1.5,-0.08,0.33
1679,2003-10-08,5.21,5.21,5.11,5.18,1793,1137875.0,1.9,-1.33,-0.07,0.34
1680,2003-10-09,5.13,5.23,5.13,5.18,1491,949037.0,1.93,0.0,0.0,0.28
1681,2003-10-10,5.14,5.31,5.14,5.28,1844,1185332.25,3.28,1.93,0.1,0.35
1682,2003-10-13,5.29,5.29,5.19,5.22,1443,931719.0,1.89,-1.14,-0.06,0.27
1683,2003-10-14,5.19,5.23,5.11,5.15,1101,701996.0,2.3,-1.34,-0.07,0.21
1684,2003-10-15,5.11,5.28,5.05,5.05,1482,941349.0,4.47,-1.94,-0.1,0.28
1685,2003-10-16,5.03,5.06,4.97,4.98,1173,726835.0,1.78,-1.39,-0.07,0.22
1686,2003-10-17,4.98,5.0,4.9,4.97,1586,967398.75,2.01,-0.2,-0.01,0.3
1687,2003-10-20,4.98,4.98,4.94,4.94,617,377287.0,0.8,-0.6,-0.03,0.12
1688,2003-10-21,4.9,4.97,4.9,4.95,915,558743.5,1.42,0.2,0.01,0.17
1689,2003-10-22,4.94,5.04,4.94,5.0,1866,1150943.0,2.02,1.01,0.05,0.35
1690,2003-10-23,5.0,5.04,4.99,5.02,544,336623.31,1.0,0.4,0.02,0.1
1691,2003-10-24,4.94,5.02,4.94,4.96,907,556693.25,1.59,-1.2,-0.06,0.17
1692,2003-10-27,4.94,4.94,4.76,4.83,1417,848496.5,3.63,-2.62,-0.13,0.27
1693,2003-10-28,4.82,4.82,4.56,4.59,2070,1204636.25,5.38,-4.97,-0.24,0.39
1694,2003-10-29,4.54,4.54,4.34,4.38,1950,1069799.0,4.36,-4.58,-0.21,0.37
1695,2003-10-30,4.42,4.42,4.31,4.31,1475,799200.62,2.51,-1.6,-0.07,0.28
1696,2003-10-31,4.31,4.49,4.31,4.42,945,517895.78,4.18,2.55,0.11,0.18
1697,2003-11-03,4.31,4.46,4.31,4.44,670,368390.22,3.39,0.45,0.02,0.13
1698,2003-11-04,4.39,4.51,4.37,4.44,1853,1024110.5,3.15,0.0,0.0,0.35
1699,2003-11-05,4.4,4.42,4.29,4.3,1241,673710.31,2.93,-3.15,-0.14,0.23
1700,2003-11-06,4.3,4.3,3.85,3.86,3763,1889008.75,10.47,-10.23,-0.44,0.71
1701,2003-11-07,3.83,3.96,3.67,3.87,2581,1234976.5,7.51,0.26,0.01,0.49
1702,2003-11-10,3.81,3.9,3.77,3.89,1092,526720.0,3.36,0.52,0.02,0.21
1703,2003-11-11,3.85,3.89,3.77,3.88,581,279230.47,3.08,-0.26,-0.01,0.11
1704,2003-11-12,3.84,3.9,3.83,3.89,579,280880.31,1.8,0.26,0.01,0.11
1705,2003-11-13,3.87,3.94,3.81,3.94,1364,661893.19,3.34,1.29,0.05,0.26
1706,2003-11-14,3.96,4.0,3.87,3.99,1309,646034.0,3.3,1.27,0.05,0.25
1707,2003-11-17,4.0,4.02,3.94,3.98,902,449900.81,2.01,-0.25,-0.01,0.17
1708,2003-11-18,4.02,4.08,3.99,4.03,1655,832293.44,2.26,1.26,0.05,0.31
1709,2003-11-19,4.13,4.3,4.12,4.25,7253,3808453.75,4.47,5.46,0.22,1.37
1710,2003-11-20,4.24,4.34,4.1,4.33,4167,2206335.25,5.65,1.88,0.08,0.79
1711,2003-11-21,4.32,4.33,4.13,4.13,3762,1980238.88,4.62,-4.62,-0.2,0.71
1712,2003-11-24,4.12,4.58,4.11,4.58,5108,2791159.25,11.38,10.9,0.45,0.96
1713,2003-11-25,4.59,4.67,4.48,4.53,7119,4039909.25,4.15,-1.09,-0.05,1.34
1714,2003-11-26,4.45,4.58,4.38,4.5,3119,1728054.88,4.42,-0.66,-0.03,0.59
1715,2003-11-27,4.53,4.53,4.26,4.31,2268,1236642.62,6.0,-4.22,-0.19,0.43
1716,2003-11-28,4.33,4.47,4.31,4.38,2501,1361000.62,3.71,1.62,0.07,0.47
1717,2003-12-01,4.21,4.47,4.21,4.45,2533,1389442.12,5.94,1.6,0.07,0.48
1718,2003-12-02,4.51,4.76,4.41,4.59,7931,4493684.0,7.87,3.15,0.14,1.5
1719,2003-12-03,4.48,4.58,4.38,4.51,4020,2235406.75,4.36,-1.74,-0.08,0.76
1720,2003-12-04,4.51,4.54,4.42,4.48,2339,1292903.0,2.66,-0.67,-0.03,0.44
1721,2003-12-05,4.44,4.54,4.42,4.5,2492,1385322.25,2.68,0.45,0.02,0.47
1722,2003-12-08,4.5,4.5,4.25,4.33,2165,1183945.25,5.56,-3.78,-0.17,0.41
1723,2003-12-09,4.33,4.42,4.33,4.39,1236,673125.5,2.08,1.39,0.06,0.23
1724,2003-12-10,4.39,4.43,4.35,4.41,3346,1830876.5,1.82,0.46,0.02,0.63
1725,2003-12-11,4.42,4.51,4.36,4.51,3547,1960474.5,3.4,2.27,0.1,0.67
1726,2003-12-12,4.51,4.67,4.47,4.48,3423,1927150.0,4.43,-0.67,-0.03,0.65
1727,2003-12-15,4.48,4.5,4.42,4.47,1859,1027869.25,1.79,-0.22,-0.01,0.35
1728,2003-12-16,4.47,4.47,4.3,4.38,2476,1340923.0,3.8,-2.01,-0.09,0.47
1729,2003-12-17,4.38,4.58,4.34,4.54,12426,6963867.0,5.48,3.65,0.16,2.34
1730,2003-12-18,4.55,4.98,4.47,4.94,25689,15076989.0,11.23,8.81,0.4,4.85
1731,2003-12-19,4.89,4.89,4.42,4.42,15773,9048308.0,9.51,-10.53,-0.52,2.97
1732,2003-12-22,4.33,4.33,3.96,4.2,25730,12984772.0,8.37,-4.98,-0.22,4.85
1733,2003-12-23,4.15,4.19,3.99,4.13,10507,5385701.5,4.76,-1.67,-0.07,1.98
1734,2003-12-24,4.13,4.22,4.08,4.2,5821,3003131.25,3.39,1.69,0.07,1.1
1735,2003-12-25,4.19,4.2,4.08,4.1,5119,2630342.75,2.86,-2.38,-0.1,0.97
1736,2003-12-26,4.09,4.14,4.04,4.14,2362,1208255.12,2.44,0.98,0.04,0.45
1737,2003-12-29,4.09,4.09,3.96,4.06,3395,1710353.0,3.14,-1.93,-0.08,0.64
1738,2003-12-30,4.05,4.08,4.01,4.02,1845,931423.06,1.72,-0.99,-0.04,0.35
1739,2003-12-31,4.02,4.08,4.01,4.06,2415,1219324.5,1.74,1.0,0.04,0.46
1740,2004-01-02,4.04,4.23,4.01,4.16,4757,2444380.75,5.42,2.46,0.1,0.9
1741,2004-01-05,4.1,4.14,4.04,4.08,3602,1828667.75,2.4,-1.92,-0.08,0.68
1742,2004-01-06,4.08,4.08,3.85,3.89,7391,3644474.5,5.64,-4.66,-0.19,1.39
1743,2004-01-07,3.89,3.98,3.85,3.88,3704,1811244.0,3.34,-0.26,-0.01,0.7
1744,2004-01-08,3.93,3.96,3.83,3.95,4164,2037454.38,3.35,1.8,0.07,0.79
1745,2004-01-09,3.95,4.06,3.91,4.03,5082,2539317.25,3.8,2.03,0.08,0.96
1746,2004-01-12,4.07,4.07,3.96,3.99,2828,1407688.62,2.73,-0.99,-0.04,0.53
1747,2004-01-13,3.96,4.08,3.96,4.08,5587,2816395.25,3.01,2.26,0.09,1.05
1748,2004-01-14,4.08,4.19,4.07,4.18,7813,4015365.75,2.94,2.45,0.1,1.47
1749,2004-01-15,4.18,4.26,4.1,4.13,5389,2813675.25,3.83,-1.2,-0.05,1.02
1750,2004-01-16,4.08,4.13,4.07,4.12,3499,1787506.62,1.45,-0.24,-0.01,0.66
1751,2004-01-29,4.12,4.36,4.12,4.34,6522,3433627.25,5.83,5.34,0.22,1.23
1752,2004-01-30,4.33,4.38,4.25,4.31,6479,3490087.25,3.0,-0.69,-0.03,1.22
1753,2004-02-02,4.32,4.42,4.21,4.42,8169,4414428.0,4.87,2.55,0.11,1.54
1754,2004-02-03,4.42,4.5,4.39,4.5,7227,3989524.0,2.49,1.81,0.08,1.36
1755,2004-02-04,4.51,4.67,4.48,4.65,11230,6385573.0,4.22,3.33,0.15,2.12
1756,2004-02-05,4.71,4.89,4.59,4.84,11298,6608134.0,6.45,4.09,0.19,2.13
1757,2004-02-06,4.83,4.83,4.61,4.61,10998,6428686.5,4.55,-4.75,-0.23,2.07
1758,2004-02-09,4.59,4.83,4.56,4.82,10380,6071054.5,5.86,4.56,0.21,1.96
1759,2004-02-10,4.96,5.0,4.82,4.98,16873,10237925.0,3.73,3.32,0.16,3.18
1760,2004-02-11,5.02,5.06,4.85,4.88,18755,11447911.0,4.22,-2.01,-0.1,3.54
1761,2004-02-12,4.87,4.98,4.83,4.96,9258,5642452.0,3.07,1.64,0.08,1.75
1762,2004-02-13,4.95,5.01,4.82,4.83,6981,4232137.5,3.83,-2.62,-0.13,1.32
1763,2004-02-16,4.82,4.92,4.77,4.92,5540,3325285.25,3.11,1.86,0.09,1.04
1764,2004-02-17,4.92,5.09,4.85,5.08,17549,10765050.0,4.88,3.25,0.16,3.31
1765,2004-02-18,5.05,5.15,5.01,5.08,12782,8000757.0,2.76,0.0,0.0,2.41
1766,2004-02-19,5.12,5.23,5.06,5.22,13757,8742525.0,3.35,2.76,0.14,2.59
1767,2004-02-20,5.21,5.28,5.12,5.27,8404,5401645.5,3.07,0.96,0.05,1.59
1768,2004-02-23,5.27,5.32,5.13,5.13,9266,5952484.0,3.61,-2.66,-0.14,1.75
1769,2004-02-24,5.09,5.11,4.86,4.97,7444,4552739.5,4.87,-3.12,-0.16,1.4
1770,2004-02-25,4.97,5.03,4.86,4.88,6897,4205191.0,3.42,-1.81,-0.09,1.3
1771,2004-02-26,4.88,4.94,4.64,4.69,6326,3728144.0,6.15,-3.89,-0.19,1.19
1772,2004-02-27,4.68,4.79,4.68,4.78,3012,1767692.25,2.35,1.92,0.09,0.57
1773,2004-03-01,4.78,4.88,4.71,4.88,3039,1813941.88,3.56,2.09,0.1,0.57
1774,2004-03-02,4.88,4.9,4.78,4.85,3357,2010190.0,2.46,-0.61,-0.03,0.63
1775,2004-03-03,4.84,4.89,4.77,4.88,4460,2669756.25,2.47,0.62,0.03,0.84
1776,2004-03-04,4.86,4.99,4.82,4.99,4644,2802829.5,3.48,2.25,0.11,0.88
1777,2004-03-05,5.0,5.17,4.92,5.11,11447,7146049.5,5.01,2.4,0.12,2.16
1778,2004-03-08,5.11,5.19,5.02,5.18,13747,8626703.0,3.33,1.37,0.07,2.59
1779,2004-03-09,5.15,5.46,5.11,5.29,41426,26985272.0,6.76,2.12,0.11,7.81
1780,2004-03-10,5.27,5.41,5.19,5.34,28376,18626104.0,4.16,0.95,0.05,5.35
1781,2004-03-11,5.39,5.43,5.03,5.17,25911,16595602.0,7.49,-3.18,-0.17,4.89
1782,2004-03-12,5.07,5.18,5.0,5.01,12875,8031200.0,3.48,-3.09,-0.16,2.43
1783,2004-03-15,5.01,5.1,5.01,5.08,7605,4737880.0,1.8,1.4,0.07,1.43
1784,2004-03-16,5.09,5.16,5.0,5.1,9823,6136514.5,3.15,0.39,0.02,1.85
1785,2004-03-17,5.1,5.28,5.05,5.21,12792,8169899.0,4.51,2.16,0.11,2.41
1786,2004-03-18,5.18,5.19,5.02,5.05,7049,4445318.5,3.26,-3.07,-0.16,1.33
1787,2004-03-19,5.04,5.13,5.02,5.1,5988,3748839.25,2.18,0.99,0.05,1.13
1788,2004-03-22,5.1,5.18,5.08,5.17,6392,4048442.75,1.96,1.37,0.07,1.21
1789,2004-03-23,5.19,5.34,5.09,5.32,15486,10032121.0,4.84,2.9,0.15,2.92
1790,2004-03-24,5.32,5.35,5.19,5.22,7530,4883213.0,3.01,-1.88,-0.1,1.42
1791,2004-03-25,5.22,5.26,5.13,5.17,4190,2679258.5,2.49,-0.96,-0.05,0.79
1792,2004-03-26,5.16,5.17,5.11,5.15,4634,2935987.75,1.16,-0.39,-0.02,0.87
1793,2004-03-29,5.17,5.26,5.15,5.2,3931,2529292.75,2.14,0.97,0.05,0.74
1794,2004-03-30,5.21,5.26,5.11,5.14,4600,2932490.0,2.88,-1.15,-0.06,0.87
1795,2004-03-31,5.15,5.31,5.15,5.28,7658,4951622.5,3.11,2.72,0.14,1.44
1796,2004-04-01,5.28,5.33,5.23,5.31,9368,6108726.0,1.89,0.57,0.03,1.77
1797,2004-04-02,5.32,5.43,5.31,5.4,10855,7190617.5,2.26,1.69,0.09,2.05
1798,2004-04-05,5.44,5.53,5.37,5.49,11108,7442575.5,2.96,1.67,0.09,2.1
1799,2004-04-06,5.5,5.68,5.44,5.62,15189,10412023.0,4.37,2.37,0.13,2.86
1800,2004-04-07,5.64,5.66,5.45,5.45,13708,9317740.0,3.74,-3.02,-0.17,2.59
1801,2004-04-08,5.45,5.57,5.45,5.46,8771,5951221.0,2.2,0.18,0.01,1.65
1802,2004-04-09,5.46,5.56,5.25,5.31,11046,7326701.5,5.68,-2.75,-0.15,2.08
1803,2004-04-12,5.28,5.41,5.22,5.36,5286,3460966.25,3.58,0.94,0.05,1.0
1804,2004-04-13,5.37,5.38,5.23,5.26,4822,3144631.75,2.8,-1.87,-0.1,0.91
1805,2004-04-14,5.31,5.58,5.13,5.49,18907,12564477.0,8.56,4.37,0.23,3.57
1806,2004-04-15,5.49,5.55,5.32,5.36,10012,6703484.0,4.19,-2.37,-0.13,1.89
1807,2004-04-16,5.34,5.45,4.93,5.34,10201,6646286.0,9.7,-0.37,-0.02,1.92
1808,2004-04-19,5.32,5.57,5.29,5.54,16039,10812328.0,5.24,3.75,0.2,3.03
1809,2004-04-20,5.53,5.84,5.44,5.69,32223,22385070.0,7.22,2.71,0.15,6.08
1810,2004-04-21,5.65,5.69,5.42,5.5,18625,12698485.0,4.75,-3.34,-0.19,3.51
1811,2004-04-22,5.4,5.5,5.11,5.32,13717,8900030.0,7.09,-3.27,-0.18,2.59
1812,2004-04-23,5.18,5.18,4.81,4.82,19714,12022374.0,6.95,-9.4,-0.5,3.72
1813,2004-04-26,4.85,4.97,4.85,4.94,7134,4328580.0,2.49,2.49,0.12,1.35
1814,2004-04-27,4.96,4.99,4.73,4.75,6625,3964961.5,5.26,-3.85,-0.19,1.25
1815,2004-04-28,4.75,4.9,4.75,4.88,5133,3067294.0,3.16,2.74,0.13,0.97
1816,2004-04-29,4.85,4.96,4.82,4.83,3786,2281820.5,2.87,-1.02,-0.05,0.71
1817,2004-04-30,4.92,4.92,4.72,4.79,3654,2175161.5,4.14,-0.83,-0.04,0.69
1818,2004-05-10,4.94,4.94,4.51,4.63,2638,1543026.5,8.98,-3.34,-0.16,0.5
1819,2004-05-11,4.61,4.66,4.51,4.52,4187,2373954.0,3.24,-2.38,-0.11,0.79
1820,2004-05-12,4.56,4.71,4.49,4.7,4336,2474225.25,4.87,3.98,0.18,0.82
1821,2004-05-13,4.67,4.67,4.58,4.65,3137,1797863.75,1.91,-1.06,-0.05,0.59
1822,2004-05-14,4.61,4.63,4.48,4.49,3940,2212655.0,3.23,-3.44,-0.16,0.74
1823,2004-05-17,4.48,4.56,4.45,4.53,1528,853751.0,2.45,0.89,0.04,0.29
1824,2004-05-18,4.55,4.65,4.52,4.63,1862,1058480.38,2.87,2.21,0.1,0.35
1825,2004-05-19,4.63,4.73,4.58,4.66,4130,2397636.25,3.24,0.65,0.03,0.78
1826,2004-05-20,4.68,4.73,4.59,4.6,2183,1258881.12,3.0,-1.29,-0.06,0.41
1827,2004-05-21,4.59,4.71,4.59,4.68,1964,1131890.12,2.61,1.74,0.08,0.37
1828,2004-05-24,4.64,4.79,4.59,4.64,3064,1776911.62,4.27,-0.85,-0.04,0.58
1829,2004-05-25,4.64,4.64,4.48,4.52,2203,1241867.12,3.45,-2.59,-0.12,0.42
1830,2004-05-26,4.55,4.55,4.48,4.51,1464,819200.06,1.55,-0.22,-0.01,0.28
1831,2004-05-27,4.51,4.63,4.41,4.62,2889,1628172.0,4.88,2.44,0.11,0.54
1832,2004-05-28,4.62,4.62,4.54,4.54,1762,999445.62,1.73,-1.73,-0.08,0.33
1833,2004-05-31,4.55,4.62,4.5,4.61,1465,828330.62,2.64,1.54,0.07,0.28
1834,2004-06-01,4.54,4.68,4.54,4.68,2648,1519998.38,3.04,1.52,0.07,0.5
1835,2004-06-02,4.66,4.73,4.61,4.71,3108,1802546.5,2.56,0.64,0.03,0.59
1836,2004-06-03,4.71,4.75,4.57,4.57,2224,1270467.0,3.82,-2.97,-0.14,0.42
1837,2004-06-04,4.54,4.6,4.52,4.54,1483,838830.38,1.75,-0.66,-0.03,0.28
1838,2004-06-07,4.49,4.51,4.3,4.33,4014,2192902.25,4.63,-4.63,-0.21,0.76
1839,2004-06-08,4.3,4.38,4.3,4.33,2037,1099799.5,1.85,0.0,0.0,0.38
1840,2004-06-09,4.31,4.38,4.09,4.23,3625,1915752.0,6.7,-2.31,-0.1,0.68
1841,2004-06-10,4.21,4.25,4.15,4.21,1518,792934.19,2.36,-0.47,-0.02,0.29
1842,2004-06-11,4.23,4.38,4.21,4.36,4360,2335345.75,4.04,3.56,0.15,0.82
1843,2004-06-14,4.36,4.38,4.09,4.14,3088,1601633.25,6.65,-5.05,-0.22,0.58
1844,2004-06-15,4.08,4.29,4.08,4.21,1666,870142.25,5.07,1.69,0.07,0.31
1845,2004-06-16,4.24,4.3,4.15,4.25,1474,781475.88,3.56,0.95,0.04,0.28
1846,2004-06-17,4.18,4.34,4.13,4.3,2927,1556620.38,4.94,1.18,0.05,0.55
1847,2004-06-18,4.16,4.3,4.16,4.27,986,519940.0,3.26,-0.7,-0.03,0.19
1848,2004-06-21,4.27,4.31,4.22,4.31,1323,704071.5,2.11,0.94,0.04,0.25
1849,2004-06-22,4.36,4.36,4.31,4.34,2921,1577552.75,1.16,0.7,0.03,0.55
1850,2004-06-23,4.34,4.35,4.21,4.23,1193,631204.0,3.23,-2.53,-0.11,0.23
1851,2004-06-24,4.24,4.27,4.17,4.22,1249,658521.19,2.36,-0.24,-0.01,0.24
1852,2004-06-25,4.09,4.25,4.08,4.11,1303,673071.0,4.03,-2.61,-0.11,0.25
1853,2004-06-28,4.05,4.13,4.05,4.05,1476,750102.0,1.95,-1.46,-0.06,0.28
1854,2004-06-30,4.09,4.12,4.0,4.0,2180,1110006.0,2.96,-1.23,-0.05,0.41
1855,2004-07-01,3.98,4.14,3.96,4.14,2710,1386585.75,4.5,3.5,0.14,0.51
1856,2004-07-02,4.13,4.19,4.1,4.17,1549,800458.25,2.17,0.72,0.03,0.29
1857,2004-07-05,4.15,4.19,4.1,4.19,941,488321.44,2.16,0.48,0.02,0.18
1858,2004-07-06,4.21,4.25,4.19,4.21,1708,898293.62,1.43,0.48,0.02,0.32
1859,2004-07-07,4.17,4.17,4.09,4.15,1063,549746.25,1.9,-1.43,-0.06,0.2
1860,2004-07-08,4.15,4.19,4.12,4.19,877,453931.59,1.69,0.96,0.04,0.17
1861,2004-07-09,4.2,4.22,4.15,4.19,1467,765875.75,1.67,0.0,0.0,0.28
1862,2004-07-12,4.16,4.16,4.05,4.1,1275,650999.19,2.63,-2.15,-0.09,0.24
1863,2004-07-13,4.13,4.13,4.07,4.09,706,360777.44,1.46,-0.24,-0.01,0.13
1864,2004-07-14,4.09,4.13,3.91,4.02,2170,1086857.88,5.38,-1.71,-0.07,0.41
1865,2004-07-15,4.08,4.18,4.02,4.14,1613,818521.31,3.98,2.99,0.12,0.3
1866,2004-07-16,4.17,4.28,4.13,4.28,4318,2270402.25,3.62,3.38,0.14,0.81
1867,2004-07-19,4.28,4.31,4.18,4.23,3015,1587402.5,3.04,-1.17,-0.05,0.57
1868,2004-07-20,4.2,4.23,4.17,4.22,2011,1050937.38,1.42,-0.24,-0.01,0.38
1869,2004-07-21,4.19,4.21,4.11,4.13,1833,948644.5,2.37,-2.13,-0.09,0.35
1870,2004-07-22,4.13,4.17,4.03,4.04,1636,833669.0,3.39,-2.18,-0.09,0.31
1871,2004-07-23,4.02,4.07,4.01,4.07,1399,705114.06,1.49,0.74,0.03,0.26
1872,2004-07-26,4.04,4.04,4.0,4.02,1200,601863.88,0.98,-1.23,-0.05,0.23
1873,2004-07-27,4.0,4.02,3.96,3.99,1651,824564.75,1.49,-0.75,-0.03,0.31
1874,2004-07-28,4.0,4.08,3.98,4.03,1595,798937.25,2.51,1.0,0.04,0.3
1875,2004-07-29,4.03,4.09,4.02,4.08,790,398452.78,1.74,1.24,0.05,0.15
1876,2004-07-30,4.09,4.09,4.02,4.04,1308,659614.0,1.72,-0.98,-0.04,0.25
1877,2004-08-02,4.02,4.04,3.96,4.01,1363,679304.56,1.98,-0.74,-0.03,0.26
1878,2004-08-03,4.01,4.06,4.0,4.02,650,325011.44,1.5,0.25,0.01,0.12
1879,2004-08-04,4.02,4.15,4.02,4.12,2558,1304058.62,3.23,2.49,0.1,0.48
1880,2004-08-05,4.12,4.14,4.07,4.09,1125,574430.44,1.7,-0.73,-0.03,0.21
1881,2004-08-06,4.08,4.24,4.07,4.18,3789,1959209.12,4.16,2.2,0.09,0.71
1882,2004-08-09,4.16,4.17,4.06,4.15,708,364068.62,2.63,-0.72,-0.03,0.13
1883,2004-08-10,4.14,4.23,4.11,4.22,1812,937814.06,2.89,1.69,0.07,0.34
1884,2004-08-11,4.23,4.23,4.12,4.13,1536,795556.5,2.61,-2.13,-0.09,0.29
1885,2004-08-12,4.07,4.1,3.95,4.03,2737,1367571.0,3.63,-2.42,-0.1,0.52
1886,2004-08-13,3.99,4.08,3.99,4.08,1104,556798.88,2.23,1.24,0.05,0.21
1887,2004-08-16,4.02,4.06,3.98,4.02,1142,570045.0,1.96,-1.47,-0.06,0.22
1888,2004-08-17,3.98,4.08,3.98,4.04,1052,526553.0,2.49,0.5,0.02,0.2
1889,2004-08-18,4.02,4.06,4.0,4.02,1155,577624.0,1.49,-0.5,-0.02,0.22
1890,2004-08-19,4.02,4.02,3.88,3.89,1913,939284.06,3.48,-3.23,-0.13,0.36
1891,2004-08-20,3.88,4.08,3.77,3.9,1610,779403.0,7.97,0.26,0.01,0.3
1892,2004-08-23,3.9,3.9,3.79,3.85,902,431382.0,2.82,-1.28,-0.05,0.17
1893,2004-08-24,3.85,4.04,3.85,4.01,1655,816014.56,4.94,4.16,0.16,0.31
1894,2004-08-25,4.01,4.06,4.0,4.01,2742,1374105.88,1.5,0.0,0.0,0.52
1895,2004-08-26,3.95,4.01,3.91,3.95,473,233256.0,2.49,-1.5,-0.06,0.09
1896,2004-08-27,3.95,4.05,3.86,3.9,1105,539683.88,4.81,-1.27,-0.05,0.21
1897,2004-08-30,3.95,3.95,3.85,3.94,943,459350.5,2.56,1.03,0.04,0.18
1898,2004-08-31,4.02,4.11,4.0,4.03,2268,1144019.5,2.79,2.28,0.09,0.43
1899,2004-09-01,3.97,4.02,3.97,3.97,792,394171.31,1.24,-1.49,-0.06,0.15
1900,2004-09-02,4.02,4.18,4.02,4.12,8806,4520196.0,4.03,3.78,0.15,1.66
1901,2004-09-03,4.12,4.16,4.07,4.16,3380,1729923.0,2.18,0.97,0.04,0.64
1902,2004-09-06,4.14,4.2,4.13,4.17,2919,1509418.62,1.68,0.24,0.01,0.55
1903,2004-09-07,4.2,4.2,4.12,4.15,2200,1133173.88,1.92,-0.48,-0.02,0.41
1904,2004-09-08,4.19,4.25,4.16,4.16,6125,3195251.5,2.17,0.24,0.01,1.16
1905,2004-09-09,4.14,4.14,3.95,3.99,4782,2398685.0,4.57,-4.09,-0.17,0.9
1906,2004-09-10,3.96,4.05,3.93,4.04,1680,836752.19,3.01,1.25,0.05,0.32
1907,2004-09-13,3.97,4.02,3.85,3.89,1737,850076.88,4.21,-3.71,-0.15,0.33
1908,2004-09-14,3.99,4.09,3.93,4.03,2573,1284281.88,4.11,3.6,0.14,0.49
1909,2004-09-15,4.02,4.3,3.97,4.22,8990,4687210.5,8.19,4.71,0.19,1.7
1910,2004-09-16,4.26,4.47,4.23,4.37,17767,9632797.0,5.69,3.55,0.15,3.35
1911,2004-09-17,4.36,4.43,4.31,4.43,9692,5259451.0,2.75,1.37,0.06,1.83
1912,2004-09-20,4.43,4.59,4.38,4.57,12952,7161919.0,4.74,3.16,0.14,2.44
1913,2004-09-21,4.57,4.81,4.44,4.59,15012,8561543.0,8.1,0.44,0.02,2.83
1914,2004-09-22,4.56,4.65,4.4,4.41,9575,5319498.0,5.45,-3.92,-0.18,1.81
1915,2004-09-23,4.44,4.54,4.41,4.54,6635,3681825.25,2.95,2.95,0.13,1.25
1916,2004-09-24,4.57,4.58,4.32,4.33,10950,6058363.0,5.73,-4.63,-0.21,2.07
1917,2004-09-27,4.4,4.44,4.2,4.24,4768,2534429.25,5.54,-2.08,-0.09,0.9
1918,2004-09-28,4.27,4.31,4.21,4.28,3456,1823050.62,2.36,0.94,0.04,0.65
1919,2004-09-29,4.28,4.28,4.19,4.2,3114,1632085.0,2.1,-1.87,-0.08,0.59
1920,2004-09-30,4.2,4.26,4.02,4.03,5381,2746321.5,5.71,-4.05,-0.17,1.01
1921,2004-10-08,4.09,4.16,3.95,4.15,3507,1757713.62,5.21,2.98,0.12,0.66
1922,2004-10-11,4.17,4.36,4.17,4.23,8758,4637186.5,4.58,1.93,0.08,1.65
1923,2004-10-12,4.19,4.22,4.09,4.11,2955,1520914.75,3.07,-2.84,-0.12,0.56
1924,2004-10-13,4.1,4.14,4.0,4.06,3810,1923611.0,3.41,-1.22,-0.05,0.72
1925,2004-10-14,4.06,4.06,3.85,3.9,3700,1826649.12,5.17,-3.94,-0.16,0.7
1926,2004-10-15,3.89,3.92,3.81,3.88,2887,1392686.75,2.82,-0.51,-0.02,0.54
1927,2004-10-18,3.97,3.99,3.86,3.97,4224,2071901.62,3.35,2.32,0.09,0.8
1928,2004-10-19,3.97,4.04,3.9,3.96,3324,1648316.5,3.53,-0.25,-0.01,0.63
1929,2004-10-20,3.97,4.03,3.92,4.02,3056,1505893.5,2.78,1.52,0.06,0.58
1930,2004-10-21,4.06,4.1,3.96,3.99,6573,3298037.5,3.48,-0.75,-0.03,1.24
1931,2004-10-22,3.96,4.07,3.89,4.06,5387,2680800.5,4.51,1.75,0.07,1.02
1932,2004-10-25,4.14,4.2,4.08,4.08,11282,5800097.5,2.96,0.49,0.02,2.13
1933,2004-10-26,4.04,4.19,4.04,4.18,6520,3330955.25,3.68,2.45,0.1,1.23
1934,2004-10-27,4.13,4.24,4.1,4.23,6846,3542372.5,3.35,1.2,0.05,1.29
1935,2004-10-28,4.21,4.23,4.08,4.1,4244,2186528.75,3.55,-3.07,-0.13,0.8
1936,2004-10-29,4.02,4.06,3.93,4.02,4161,2081399.0,3.17,-1.95,-0.08,0.78
1937,2004-11-01,3.97,4.02,3.93,3.93,2181,1073400.5,2.24,-2.24,-0.09,0.41
1938,2004-11-02,3.92,3.99,3.9,3.96,1128,553585.38,2.29,0.76,0.03,0.21
1939,2004-11-03,4.0,4.03,3.94,4.03,1516,751677.94,2.27,1.77,0.07,0.29
1940,2004-11-04,4.02,4.02,3.81,3.93,3542,1751603.5,5.21,-2.48,-0.1,0.67
1941,2004-11-05,3.93,3.96,3.89,3.9,731,358051.31,1.78,-0.76,-0.03,0.14
1942,2004-11-08,3.9,3.91,3.83,3.9,1587,764955.75,2.05,0.0,0.0,0.3
1943,2004-11-09,3.89,3.94,3.89,3.94,1717,836643.31,1.28,1.03,0.04,0.32
1944,2004-11-10,3.93,4.08,3.9,4.08,3303,1651940.62,4.57,3.55,0.14,0.62
1945,2004-11-11,4.1,4.12,4.01,4.02,4993,2534195.5,2.7,-1.47,-0.06,0.94
1946,2004-11-12,4.0,4.15,4.0,4.12,6925,3525491.75,3.73,2.49,0.1,1.31
1947,2004-11-15,4.16,4.22,4.13,4.21,11549,5984240.0,2.18,2.18,0.09,2.18
1948,2004-11-16,4.21,4.21,4.12,4.18,4382,2261581.25,2.14,-0.71,-0.03,0.83
1949,2004-11-17,4.17,4.17,4.08,4.1,2038,1040427.75,2.15,-1.91,-0.08,0.38
1950,2004-11-18,4.06,4.23,4.06,4.2,4775,2482303.75,4.15,2.44,0.1,0.9
1951,2004-11-19,4.21,4.23,4.15,4.19,3235,1680185.88,1.9,-0.24,-0.01,0.61
1952,2004-11-22,4.18,4.26,4.14,4.2,3848,2015510.12,2.86,0.24,0.01,0.73
1953,2004-11-23,4.2,4.31,4.14,4.28,6737,3558122.5,4.05,1.9,0.08,1.27
1954,2004-11-24,4.28,4.28,4.15,4.18,2893,1510880.12,3.04,-2.34,-0.1,0.55
1955,2004-11-25,4.14,4.25,4.14,4.19,2452,1279184.88,2.63,0.24,0.01,0.46
1956,2004-11-26,4.23,4.26,4.19,4.23,2065,1083716.0,1.67,0.95,0.04,0.39
1957,2004-11-30,4.17,4.17,4.02,4.13,3489,1772598.88,3.55,-2.36,-0.1,0.66
1958,2004-12-01,4.11,4.13,4.06,4.08,1407,717188.0,1.69,-1.21,-0.05,0.27
1959,2004-12-02,4.06,4.14,4.04,4.13,1966,1003669.25,2.45,1.23,0.05,0.37
1960,2004-12-03,4.14,4.21,4.14,4.19,2600,1351217.12,1.69,1.45,0.06,0.49
1961,2004-12-06,4.19,4.23,4.16,4.21,2024,1053031.75,1.67,0.48,0.02,0.38
1962,2004-12-07,4.25,4.25,4.15,4.19,2247,1167660.62,2.38,-0.48,-0.02,0.42
1963,2004-12-08,4.17,4.25,4.15,4.18,1164,603808.0,2.39,-0.24,-0.01,0.22
1964,2004-12-09,4.18,4.25,4.15,4.23,2702,1416579.88,2.39,1.2,0.05,0.51
1965,2004-12-10,4.2,4.2,4.07,4.16,2652,1365059.75,3.07,-1.65,-0.07,0.5
1966,2004-12-13,4.11,4.13,4.02,4.04,2684,1352599.38,2.64,-2.88,-0.12,0.51
1967,2004-12-14,4.03,4.08,3.94,3.96,1751,874338.0,3.47,-1.98,-0.08,0.33
1968,2004-12-15,3.96,4.04,3.92,4.02,2216,1095292.0,3.03,1.52,0.06,0.42
1969,2004-12-16,3.96,4.04,3.96,3.98,566,281895.0,1.99,-1.0,-0.04,0.11
1970,2004-12-17,3.96,4.06,3.96,3.98,1068,533118.38,2.51,0.0,0.0,0.2
1971,2004-12-20,4.02,4.02,3.92,3.94,1034,508981.75,2.51,-1.01,-0.04,0.2
1972,2004-12-21,3.94,4.02,3.94,3.96,496,246461.12,2.03,0.51,0.02,0.09
1973,2004-12-22,4.01,4.1,3.98,4.1,1371,690373.62,3.03,3.54,0.14,0.26
1974,2004-12-23,4.1,4.12,3.97,3.98,1574,788123.75,3.66,-2.93,-0.12,0.3
1975,2004-12-24,3.99,4.05,3.95,4.04,1218,606301.0,2.51,1.51,0.06,0.23
1976,2004-12-27,4.1,4.16,4.04,4.08,1477,751015.94,2.97,0.99,0.04,0.28
1977,2004-12-28,4.04,4.09,4.01,4.06,847,427393.78,1.96,-0.49,-0.02,0.16
1978,2004-12-29,4.04,4.08,4.02,4.07,1065,537424.0,1.48,0.25,0.01,0.2
1979,2004-12-30,4.04,4.04,3.97,4.02,1126,562116.62,1.72,-1.23,-0.05,0.21
1980,2004-12-31,3.99,4.06,3.85,3.96,2333,1146734.0,5.22,-1.49,-0.06,0.44
1981,2005-01-04,4.18,4.18,3.93,3.97,1640,815872.0,6.31,0.25,0.01,0.31
1982,2005-01-05,3.93,4.04,3.89,4.03,1667,826836.06,3.78,1.51,0.06,0.31
1983,2005-01-06,4.02,4.02,3.93,3.97,1029,509246.0,2.23,-1.49,-0.06,0.19
1984,2005-01-07,3.97,4.05,3.91,4.05,1842,922167.5,3.53,2.02,0.08,0.35
1985,2005-01-10,4.04,4.11,4.03,4.1,1750,885652.0,1.98,1.23,0.05,0.33
1986,2005-01-11,4.09,4.13,4.07,4.1,1899,968326.06,1.46,0.0,0.0,0.36
1987,2005-01-12,4.08,4.11,4.04,4.1,1137,575954.0,1.71,0.0,0.0,0.21
1988,2005-01-13,4.1,4.23,4.08,4.19,5902,3065864.25,3.66,2.2,0.09,1.11
1989,2005-01-14,4.14,4.22,4.08,4.08,1960,1009150.88,3.34,-2.63,-0.11,0.37
1990,2005-01-17,4.04,4.05,3.94,4.02,2137,1063512.25,2.7,-1.47,-0.06,0.4
1991,2005-01-18,3.99,4.1,3.98,4.09,1913,959389.0,2.99,1.74,0.07,0.36
1992,2005-01-19,4.06,4.2,4.06,4.17,5040,2603640.0,3.42,1.96,0.08,0.95
1993,2005-01-20,4.14,4.29,4.08,4.21,13438,7004412.0,5.04,0.96,0.04,2.53
1994,2005-01-21,4.2,4.38,4.12,4.34,14958,7930627.0,6.18,3.09,0.13,2.82
1995,2005-01-24,4.41,4.44,4.29,4.35,11489,6196389.0,3.46,0.23,0.01,2.17
1996,2005-01-25,4.35,4.35,4.22,4.32,6928,3677434.25,2.99,-0.69,-0.03,1.31
1997,2005-01-26,4.32,4.34,4.24,4.34,5092,2717452.0,2.31,0.46,0.02,0.96
1998,2005-01-27,4.32,4.42,4.25,4.25,10505,5673202.0,3.92,-2.07,-0.09,1.98
1999,2005-01-28,4.24,4.24,4.1,4.13,6406,3311959.0,3.29,-2.82,-0.12,1.21
2000,2005-01-31,4.02,4.02,3.69,3.69,11791,5564866.5,7.99,-10.65,-0.44,2.22
2001,2005-02-01,3.66,3.72,3.55,3.56,6434,2898863.5,4.61,-3.52,-0.13,1.21
2002,2005-02-02,3.61,3.83,3.57,3.77,7041,3254048.0,7.3,5.9,0.21,1.33
2003,2005-02-03,3.77,3.79,3.63,3.63,5917,2731371.0,4.24,-3.71,-0.14,1.12
2004,2005-02-04,3.62,3.74,3.55,3.71,5747,2639271.5,5.23,2.2,0.08,1.08
2005,2005-02-16,3.79,3.83,3.66,3.76,3192,1495787.5,4.58,1.35,0.05,0.6
2006,2005-02-17,3.75,3.79,3.7,3.78,2788,1302228.0,2.39,0.53,0.02,0.53
2007,2005-02-18,3.78,3.8,3.72,3.8,3052,1436339.0,2.12,0.53,0.02,0.58
2008,2005-02-21,3.79,3.96,3.79,3.91,7835,3794971.25,4.47,2.89,0.11,1.48
2009,2005-02-22,3.93,3.97,3.87,3.96,5592,2738537.0,2.56,1.28,0.05,1.05
2010,2005-02-23,3.95,4.1,3.89,4.03,10686,5316560.5,5.3,1.77,0.07,2.02
2011,2005-02-24,3.97,4.02,3.92,3.96,6216,3061805.5,2.48,-1.74,-0.07,1.17
2012,2005-02-25,3.97,4.0,3.92,3.93,4801,2370161.25,2.02,-0.76,-0.03,0.91
2013,2005-02-28,3.93,3.96,3.89,3.96,2833,1385481.0,1.78,0.76,0.03,0.53
2014,2005-03-01,3.93,3.99,3.91,3.98,2505,1233416.0,2.02,0.51,0.02,0.47
2015,2005-03-02,3.99,4.03,3.89,3.9,3731,1834202.75,3.52,-2.01,-0.08,0.7
2016,2005-03-03,3.89,3.97,3.86,3.91,2339,1139457.88,2.82,0.26,0.01,0.44
2017,2005-03-04,3.9,3.96,3.9,3.91,1817,889141.0,1.53,0.0,0.0,0.34
2018,2005-03-07,3.89,3.94,3.85,3.9,1708,829804.12,2.3,-0.26,-0.01,0.32
2019,2005-03-08,3.9,3.96,3.85,3.96,3563,1743034.62,2.82,1.54,0.06,0.67
2020,2005-03-09,3.96,4.02,3.93,4.0,5718,2827173.0,2.27,1.01,0.04,1.08
2021,2005-03-10,3.99,4.02,3.82,3.83,3592,1756809.25,5.0,-4.25,-0.17,0.68
2022,2005-03-11,3.84,3.87,3.77,3.81,2476,1180932.75,2.61,-0.52,-0.02,0.47
2023,2005-03-14,3.81,3.86,3.72,3.8,2590,1223615.25,3.67,-0.26,-0.01,0.49
2024,2005-03-15,3.84,3.89,3.77,3.89,3372,1619158.5,3.16,2.37,0.09,0.64
2025,2005-03-16,3.84,3.87,3.76,3.8,1514,719633.5,2.83,-2.31,-0.09,0.29
2026,2005-03-17,3.8,3.9,3.68,3.82,2949,1399278.88,5.79,0.53,0.02,0.56
2027,2005-03-18,3.82,3.87,3.72,3.75,1774,839646.0,3.93,-1.83,-0.07,0.33
2028,2005-03-21,3.73,3.76,3.64,3.67,1723,794066.19,3.2,-2.13,-0.08,0.32
2029,2005-03-22,3.7,3.7,3.59,3.6,2850,1290491.88,3.0,-1.91,-0.07,0.54
2030,2005-03-23,3.57,3.67,3.55,3.6,2549,1155316.0,3.33,0.0,0.0,0.48
2031,2005-03-24,3.57,3.64,3.55,3.61,2342,1053108.75,2.5,0.28,0.01,0.44
2032,2005-03-25,3.61,3.64,3.56,3.59,2649,1193657.0,2.22,-0.55,-0.02,0.5
2033,2005-03-29,3.59,3.67,3.56,3.62,2834,1286423.75,3.06,0.84,0.03,0.53
2034,2005-03-30,3.62,3.62,3.32,3.38,3991,1752137.0,8.29,-6.63,-0.24,0.75
2035,2005-03-31,3.38,3.44,3.32,3.44,1579,671259.88,3.55,1.78,0.06,0.3
2036,2005-04-01,3.44,3.57,3.35,3.52,2588,1129970.0,6.4,2.33,0.08,0.49
2037,2005-04-04,3.46,3.67,3.36,3.53,3381,1516643.88,8.81,0.28,0.01,0.64
2038,2005-04-05,3.61,3.87,3.61,3.67,12764,5957111.5,7.37,3.97,0.14,2.41
2039,2005-04-06,3.59,3.75,3.57,3.74,5774,2669355.5,4.9,1.91,0.07,1.09
2040,2005-04-07,3.74,3.78,3.68,3.71,5764,2689469.5,2.67,-0.8,-0.03,1.09
2041,2005-04-08,3.67,3.76,3.67,3.75,3992,1856157.75,2.43,1.08,0.04,0.75
2042,2005-04-11,3.72,3.75,3.66,3.67,3591,1665308.5,2.4,-2.13,-0.08,0.68
2043,2005-04-12,3.65,3.66,3.59,3.59,2575,1165701.88,1.91,-2.18,-0.08,0.49
2044,2005-04-13,3.59,3.74,3.59,3.68,3891,1799347.75,4.18,2.51,0.09,0.73
2045,2005-04-14,3.66,3.74,3.66,3.67,2891,1336678.5,2.17,-0.27,-0.01,0.55
2046,2005-04-15,3.62,3.85,3.59,3.81,11018,5188590.5,7.08,3.81,0.14,2.08
2047,2005-04-18,3.77,3.82,3.66,3.74,6112,2852069.25,4.2,-1.84,-0.07,1.15
2048,2005-04-19,3.74,3.78,3.6,3.67,3615,1650643.0,4.81,-1.87,-0.07,0.68
2049,2005-04-20,3.65,3.66,3.44,3.57,5347,2359865.25,5.99,-2.72,-0.1,1.01
2050,2005-04-21,3.59,3.62,3.39,3.43,4235,1836709.0,6.44,-3.92,-0.14,0.8
2051,2005-04-22,3.42,3.46,3.06,3.16,6966,2825183.0,11.66,-7.87,-0.27,1.31
2052,2005-04-25,3.14,3.14,2.87,3.06,4315,1650260.0,8.54,-3.16,-0.1,0.81
2053,2005-04-26,2.99,3.24,2.99,3.16,3781,1501088.25,8.17,3.27,0.1,0.71
2054,2005-04-27,3.12,3.14,3.01,3.03,2258,877838.94,4.11,-4.11,-0.13,0.43
2055,2005-04-28,3.03,3.19,2.95,3.19,3638,1432404.88,7.92,5.28,0.16,0.69
2056,2005-04-29,3.12,3.2,3.09,3.12,2375,942318.38,3.45,-2.19,-0.07,0.45
2057,2005-05-09,3.12,3.13,2.87,2.9,2783,1036412.81,8.33,-7.05,-0.22,0.52
2058,2005-05-10,2.75,2.84,2.58,2.7,4004,1376054.75,8.97,-6.9,-0.2,0.76
2059,2005-05-11,2.64,2.71,2.6,2.61,2742,934790.69,4.07,-3.33,-0.09,0.52
2060,2005-05-12,2.58,2.7,2.58,2.68,3618,1226646.12,4.6,2.68,0.07,0.68
2061,2005-05-13,2.74,2.97,2.74,2.97,8285,3067293.75,8.58,10.82,0.29,1.56
2062,2005-05-16,2.98,2.98,2.74,2.86,6354,2319209.75,8.08,-3.7,-0.11,1.2
2063,2005-05-17,2.75,2.87,2.75,2.87,3638,1317822.88,4.2,0.35,0.01,0.69
2064,2005-05-18,2.85,2.87,2.79,2.87,2953,1066091.38,2.79,0.0,0.0,0.56
2065,2005-05-19,2.87,2.87,2.78,2.84,1770,638535.62,3.14,-1.05,-0.03,0.33
2066,2005-05-20,2.83,2.87,2.79,2.81,1864,673599.19,2.82,-1.06,-0.03,0.35
2067,2005-05-24,2.57,2.82,2.57,2.81,4029,1396030.75,8.9,0.0,0.0,0.76
2068,2005-05-25,2.81,2.87,2.75,2.83,4211,1517632.25,4.27,0.71,0.02,0.79
2069,2005-05-26,2.87,2.88,2.78,2.78,2684,965834.0,3.53,-1.77,-0.05,0.51
2070,2005-05-27,2.75,2.9,2.75,2.81,5325,1927552.0,5.4,1.08,0.03,1.0
2071,2005-05-30,2.79,2.86,2.75,2.84,1761,632358.44,3.91,1.07,0.03,0.33
2072,2005-05-31,2.84,2.88,2.81,2.85,2685,973983.88,2.46,0.35,0.01,0.51
2073,2005-06-01,2.86,2.91,2.8,2.89,3630,1320592.62,3.86,1.4,0.04,0.68
2074,2005-06-02,2.93,3.1,2.93,2.95,21394,8174359.5,5.88,2.08,0.06,4.04
2075,2005-06-03,2.89,2.93,2.74,2.84,6674,2407682.5,6.44,-3.73,-0.11,1.26
2076,2005-06-06,2.78,2.86,2.75,2.85,3008,1073586.5,3.87,0.35,0.01,0.57
2077,2005-06-07,2.86,2.93,2.8,2.93,5840,2140228.25,4.56,2.81,0.08,1.1
2078,2005-06-08,2.93,3.16,2.89,3.14,12502,4850690.5,9.22,7.17,0.21,2.36
2079,2005-06-09,3.12,3.43,3.04,3.38,25388,10512399.0,12.42,7.64,0.24,4.79
2080,2005-06-10,3.28,3.3,3.15,3.16,13750,5580996.5,4.44,-6.51,-0.22,2.59
2081,2005-06-13,3.16,3.21,3.06,3.15,4003,1590514.5,4.75,-0.32,-0.01,0.76
2082,2005-06-14,3.19,3.2,3.04,3.06,3849,1517191.88,5.08,-2.86,-0.09,0.73
2083,2005-06-15,3.04,3.04,2.9,2.91,3459,1302149.12,4.58,-4.9,-0.15,0.65
2084,2005-06-16,2.95,2.99,2.91,2.98,2231,834821.69,2.75,2.41,0.07,0.42
2085,2005-06-17,2.98,3.01,2.93,2.98,1908,718492.12,2.68,0.0,0.0,0.36
2086,2005-06-20,2.98,3.04,2.82,3.02,4107,1539783.38,7.38,1.34,0.04,0.77
2087,2005-06-21,3.02,3.06,2.96,3.02,2620,1002246.0,3.31,0.0,0.0,0.49
2088,2005-06-22,3.03,3.06,2.98,3.02,2299,877105.38,2.65,0.0,0.0,0.43
2089,2005-06-23,2.98,3.03,2.98,2.98,1930,735039.69,1.66,-1.32,-0.04,0.36
2090,2005-06-24,2.95,2.99,2.94,2.98,2261,852796.0,1.68,0.0,0.0,0.43
2091,2005-06-27,3.04,3.1,3.02,3.09,4246,1652589.5,2.68,3.69,0.11,0.8
2092,2005-06-28,3.04,3.04,2.96,2.97,2130,806965.62,2.59,-3.88,-0.12,0.4
2093,2005-06-29,3.0,3.0,2.94,2.95,1276,480648.0,2.02,-0.67,-0.02,0.24
2094,2005-06-30,2.91,2.94,2.78,2.79,3024,1094734.0,5.42,-5.42,-0.16,0.57
2095,2005-07-01,2.79,2.79,2.59,2.61,3800,1309195.0,7.17,-6.45,-0.18,0.72
2096,2005-07-04,2.58,2.64,2.53,2.63,2716,896465.56,4.21,0.77,0.02,0.51
2097,2005-07-05,2.64,2.66,2.58,2.63,1503,505570.31,3.04,0.0,0.0,0.28
2098,2005-07-06,2.61,2.67,2.61,2.65,1541,521101.0,2.28,0.76,0.02,0.29
2099,2005-07-07,2.65,2.68,2.61,2.67,1284,435558.81,2.64,0.75,0.02,0.24
2100,2005-07-08,2.64,2.64,2.48,2.49,1790,586094.0,5.99,-6.74,-0.18,0.34
2101,2005-07-11,2.45,2.63,2.44,2.44,1799,580064.0,7.63,-2.01,-0.05,0.34
2102,2005-07-12,2.43,2.53,2.41,2.52,2352,750209.31,4.92,3.28,0.08,0.44
2103,2005-07-13,2.52,2.52,2.45,2.48,1280,409305.69,2.78,-1.59,-0.04,0.24
2104,2005-07-14,2.49,2.52,2.47,2.52,2916,938297.62,2.02,1.61,0.04,0.55
2105,2005-07-15,2.48,2.53,2.38,2.41,2951,933515.94,5.95,-4.37,-0.11,0.56
2106,2005-07-18,2.41,2.42,2.26,2.28,2587,756694.62,6.64,-5.39,-0.13,0.49
2107,2005-07-19,2.28,2.39,2.28,2.35,1631,479161.75,4.82,3.07,0.07,0.31
2108,2005-07-20,2.34,2.38,2.31,2.38,2505,744995.0,2.98,1.28,0.03,0.47
2109,2005-07-21,2.39,2.42,2.36,2.38,2706,813515.0,2.52,0.0,0.0,0.51
2110,2005-07-22,2.38,2.47,2.38,2.45,4092,1256182.88,3.78,2.94,0.07,0.77
2111,2005-07-25,2.42,2.46,2.42,2.46,1371,420415.78,1.63,0.41,0.01,0.26
2112,2005-07-26,2.46,2.52,2.45,2.51,3269,1026244.88,2.85,2.03,0.05,0.62
2113,2005-07-27,2.52,2.54,2.43,2.53,3328,1042263.94,4.38,0.8,0.02,0.63
2114,2005-07-28,2.49,2.66,2.49,2.64,6964,2256261.5,6.72,4.35,0.11,1.31
2115,2005-07-29,2.62,2.62,2.52,2.55,4494,1443050.5,3.79,-3.41,-0.09,0.85
2116,2005-08-01,2.56,2.63,2.53,2.62,4169,1347274.88,3.92,2.75,0.07,0.79
2117,2005-08-02,2.68,2.7,2.64,2.68,7989,2673894.0,2.29,2.29,0.06,1.51
2118,2005-08-03,2.67,2.78,2.65,2.72,9609,3268430.75,4.85,1.49,0.04,1.81
2119,2005-08-04,2.72,2.72,2.67,2.7,3939,1322848.38,1.84,-0.74,-0.02,0.74
2120,2005-08-05,2.7,2.81,2.7,2.8,6753,2334556.25,4.07,3.7,0.1,1.27
2121,2005-08-08,2.81,2.89,2.81,2.84,9058,3215843.75,2.86,1.43,0.04,1.71
2122,2005-08-09,2.82,2.89,2.79,2.89,7609,2699572.25,3.52,1.76,0.05,1.44
2123,2005-08-10,2.89,2.96,2.85,2.95,8203,2962492.25,3.81,2.08,0.06,1.55
2124,2005-08-11,2.94,2.96,2.9,2.96,7011,2563945.75,2.03,0.34,0.01,1.32
2125,2005-08-12,2.93,2.97,2.81,2.87,8756,3154412.75,5.41,-3.04,-0.09,1.65
2126,2005-08-15,2.84,3.01,2.84,2.99,7466,2745727.75,5.92,4.18,0.12,1.41
2127,2005-08-16,3.02,3.02,2.93,2.97,5860,2163816.25,3.01,-0.67,-0.02,1.11
2128,2005-08-17,2.98,3.08,2.92,3.05,8424,3138959.5,5.39,2.69,0.08,1.59
2129,2005-08-18,3.05,3.17,2.93,2.93,12127,4628619.5,7.87,-3.93,-0.12,2.29
2130,2005-08-19,2.93,3.08,2.89,3.02,10740,3987155.0,6.48,3.07,0.09,2.03
2131,2005-08-22,3.07,3.25,3.06,3.24,22413,8716550.0,6.29,7.28,0.22,4.23
2132,2005-08-23,3.23,3.23,3.07,3.1,12396,4809332.5,4.94,-4.32,-0.14,2.34
2133,2005-08-24,3.1,3.18,3.1,3.12,6305,2448228.75,2.58,0.65,0.02,1.19
2134,2005-08-25,3.16,3.16,3.1,3.16,6394,2479253.75,1.92,1.28,0.04,1.21
2135,2005-08-26,3.16,3.27,3.16,3.22,10161,4054917.5,3.48,1.9,0.06,1.92
2136,2005-08-29,3.24,3.27,3.16,3.18,7814,3097631.25,3.42,-1.24,-0.04,1.47
2137,2005-08-30,3.18,3.34,3.15,3.25,10488,4239557.5,5.97,2.2,0.07,1.98
2138,2005-08-31,3.25,3.34,3.2,3.32,9384,3794367.0,4.31,2.15,0.07,1.77
2139,2005-09-01,3.33,3.53,3.32,3.42,22343,9458539.0,6.33,3.01,0.1,4.21
2140,2005-09-02,3.49,3.53,3.39,3.5,15020,6428434.5,4.09,2.34,0.08,2.83
2141,2005-09-05,3.53,3.55,3.47,3.53,9691,4193830.25,2.29,0.86,0.03,1.83
2142,2005-09-06,3.54,3.54,3.35,3.38,13100,5597824.0,5.38,-4.25,-0.15,2.47
2143,2005-09-07,3.37,3.66,3.36,3.65,22085,9616239.0,8.88,7.99,0.27,4.17
2144,2005-09-08,3.65,3.7,3.54,3.62,13975,6222562.5,4.38,-0.82,-0.03,2.64
2145,2005-09-09,3.62,3.66,3.58,3.6,8945,3979022.75,2.21,-0.55,-0.02,1.69
2146,2005-09-12,3.6,3.71,3.57,3.66,6823,3063733.25,3.89,1.67,0.06,1.29
2147,2005-09-13,3.66,3.72,3.64,3.72,11137,5047609.0,2.19,1.64,0.06,2.1
2148,2005-09-14,3.74,3.76,3.67,3.73,12459,5674896.0,2.42,0.27,0.01,2.35
2149,2005-09-15,3.72,3.72,3.65,3.67,10437,4721251.5,1.88,-1.61,-0.06,1.97
2150,2005-09-16,3.66,3.72,3.63,3.7,8491,3839292.5,2.45,0.82,0.03,1.6
2151,2005-09-19,3.7,3.76,3.63,3.75,12112,5491222.0,3.51,1.35,0.05,2.28
2152,2005-09-20,3.73,3.75,3.63,3.67,10602,4791751.0,3.2,-2.13,-0.08,2.0
2153,2005-09-21,3.67,3.67,3.5,3.52,12229,5366021.0,4.63,-4.09,-0.15,2.31
2154,2005-09-22,3.51,3.58,3.26,3.41,12877,5481041.0,9.09,-3.13,-0.11,2.43
2155,2005-09-23,3.4,3.55,3.37,3.51,12943,5546253.0,5.28,2.93,0.1,2.44
2156,2005-09-26,3.47,3.56,3.47,3.54,7375,3200017.75,2.56,0.85,0.03,1.39
2157,2005-09-27,3.54,3.9,3.36,3.76,46390,21118848.0,15.25,6.21,0.22,8.75
2158,2005-09-28,3.73,3.86,3.67,3.74,39670,18373400.0,5.05,-0.53,-0.02,7.48
2159,2005-09-29,3.74,3.85,3.7,3.8,33855,15763408.0,4.01,1.6,0.06,6.39
2160,2005-09-30,3.8,3.81,3.56,3.58,20349,9142384.0,6.58,-5.79,-0.22,3.84
2161,2005-10-10,3.54,3.54,3.25,3.27,14472,5958731.0,8.1,-8.66,-0.31,2.73
2162,2005-10-11,3.23,3.39,3.23,3.37,10116,4120940.25,4.89,3.06,0.1,1.91
2163,2005-10-12,3.36,3.4,3.31,3.37,9611,3980938.25,2.67,0.0,0.0,1.81
2164,2005-10-13,3.37,3.44,3.36,3.38,9719,4080350.5,2.37,0.3,0.01,1.83
2165,2005-10-14,3.38,3.38,3.28,3.31,6148,2532922.75,2.96,-2.07,-0.07,1.16
2166,2005-10-17,3.32,3.4,3.23,3.39,6073,2487156.75,5.14,2.42,0.08,1.15
2167,2005-10-18,3.39,3.44,3.34,3.42,10749,4513102.5,2.95,0.88,0.03,2.03
2168,2005-10-19,3.4,3.45,3.33,3.34,8761,3672153.0,3.51,-2.34,-0.08,1.65
2169,2005-10-20,3.34,3.42,3.29,3.42,7420,3070696.0,3.89,2.4,0.08,1.4
2170,2005-10-21,3.41,3.45,3.39,3.39,7088,2983975.25,1.75,-0.88,-0.03,1.34
2171,2005-10-24,3.39,3.43,3.38,3.4,7706,3236180.25,1.47,0.29,0.01,1.45
2172,2005-10-25,3.4,3.42,3.3,3.32,7417,3050335.25,3.53,-2.35,-0.08,1.4
2173,2005-10-26,3.31,3.33,3.11,3.12,9438,3741863.75,6.63,-6.02,-0.2,1.78
2174,2005-10-27,3.1,3.15,3.04,3.11,6197,2371765.25,3.53,-0.32,-0.01,1.17
2175,2005-10-28,3.13,3.15,2.78,2.91,12938,4684817.0,11.9,-6.43,-0.2,2.44
2176,2005-10-31,2.85,2.9,2.81,2.87,7557,2687526.5,3.09,-1.37,-0.04,1.43
2177,2005-11-01,2.87,2.87,2.72,2.81,7989,2762314.75,5.23,-2.09,-0.06,1.51
2178,2005-11-02,2.81,2.91,2.75,2.88,8894,3169835.25,5.69,2.49,0.07,1.68
2179,2005-11-03,2.88,2.95,2.85,2.94,11413,4135819.25,3.47,2.08,0.06,2.15
2180,2005-11-04,2.94,3.08,2.91,3.02,14969,5577000.0,5.78,2.72,0.08,2.82
2181,2005-11-07,3.0,3.0,2.91,2.98,4295,1576239.88,2.98,-1.32,-0.04,0.81
2182,2005-11-08,2.98,3.08,2.93,3.06,9316,3494994.0,5.03,2.68,0.08,1.76
2183,2005-11-09,3.02,3.05,2.98,2.98,4122,1543259.38,2.29,-2.61,-0.08,0.78
2184,2005-11-10,3.04,3.04,2.92,2.93,9003,3320275.5,4.03,-1.68,-0.05,1.7
2185,2005-11-11,2.97,2.98,2.9,2.98,4988,1834364.0,2.73,1.71,0.05,0.94
2186,2005-11-14,3.13,3.17,3.03,3.04,28300,10857897.0,4.7,2.01,0.06,5.34
2187,2005-11-15,2.98,3.05,2.89,2.9,9277,3419282.5,5.26,-4.61,-0.14,1.75
2188,2005-11-16,2.9,3.0,2.87,3.0,5147,1868739.62,4.48,3.45,0.1,0.97
2189,2005-11-17,3.0,3.04,2.98,3.0,4399,1645893.75,2.0,0.0,0.0,0.83
2190,2005-11-18,2.97,3.07,2.94,3.05,7424,2797597.5,4.33,1.67,0.05,1.4
2191,2005-11-21,3.05,3.08,3.02,3.05,4328,1639103.0,1.97,0.0,0.0,0.82
2192,2005-11-22,3.03,3.04,2.95,2.95,3316,1230612.62,2.95,-3.28,-0.1,0.63
2193,2005-11-23,2.93,2.98,2.92,2.97,4062,1490369.5,2.03,0.68,0.02,0.77
2194,2005-11-24,2.98,2.99,2.93,2.96,2676,986947.0,2.02,-0.34,-0.01,0.5
2195,2005-11-25,2.96,3.0,2.96,2.98,2288,846257.25,1.35,0.68,0.02,0.43
2196,2005-12-19,3.05,3.13,3.0,3.12,17781,6813039.5,4.36,4.7,0.14,3.35
2197,2005-12-20,3.13,3.13,3.09,3.12,6511,2506138.5,1.28,0.0,0.0,1.23
2198,2005-12-21,3.12,3.18,3.11,3.16,9289,3619774.75,2.24,1.28,0.04,1.75
2199,2005-12-22,3.15,3.18,3.12,3.14,4990,1946290.12,1.9,-0.63,-0.02,0.94
2200,2005-12-23,3.14,3.21,3.14,3.21,5928,2334178.5,2.23,2.23,0.07,1.12
2201,2005-12-26,3.21,3.22,3.16,3.21,5138,2036877.12,1.87,0.0,0.0,0.97
2202,2005-12-27,3.21,3.25,3.2,3.22,5164,2058877.75,1.56,0.31,0.01,0.97
2203,2005-12-28,3.23,3.25,3.2,3.25,6263,2499854.5,1.55,0.93,0.03,1.18
2204,2005-12-29,3.24,3.36,3.23,3.34,17274,7059247.5,4.0,2.77,0.09,3.26
2205,2005-12-30,3.34,3.43,3.33,3.39,20050,8358416.0,2.99,1.5,0.05,3.78
2206,2006-02-14,2.6,2.72,2.57,2.68,49323,16291858.0,4.42,-20.94,-0.71,7.05
2207,2006-02-16,2.68,2.68,2.56,2.58,20691,6739965.5,4.48,-3.73,-0.1,2.96
2208,2006-02-17,2.58,2.63,2.48,2.49,15947,5068945.5,5.81,-3.49,-0.09,2.28
2209,2006-02-20,2.51,2.59,2.46,2.52,14309,4511914.0,5.22,1.2,0.03,2.05
2210,2006-02-21,2.52,2.53,2.46,2.52,8503,2665489.25,2.78,0.0,0.0,1.22
2211,2006-02-22,2.53,2.57,2.51,2.56,9523,3047281.0,2.38,1.59,0.04,1.36
2212,2006-02-23,2.55,2.57,2.51,2.55,4497,1429322.62,2.34,-0.39,-0.01,0.64
2213,2006-02-24,2.55,2.58,2.53,2.58,6615,2128916.5,1.96,1.18,0.03,0.95
2214,2006-02-27,2.58,2.59,2.55,2.56,5269,1695888.38,1.55,-0.78,-0.02,0.75
2215,2006-02-28,2.56,2.56,2.47,2.53,6793,2136194.75,3.52,-1.17,-0.03,0.97
2216,2006-03-01,2.57,2.58,2.5,2.55,6505,2065674.25,3.16,0.79,0.02,0.93
2217,2006-03-02,2.53,2.53,2.47,2.49,8967,2815807.25,2.35,-2.35,-0.06,1.28
2218,2006-03-03,2.47,2.52,2.47,2.51,4537,1419122.75,2.01,0.8,0.02,0.65
2219,2006-03-06,2.48,2.52,2.48,2.52,4335,1363205.25,1.59,0.4,0.01,0.62
2220,2006-03-07,2.52,2.52,2.46,2.47,6197,1936829.88,2.38,-1.98,-0.05,0.89
2221,2006-03-08,2.47,2.49,2.4,2.45,6767,2072278.0,3.64,-0.81,-0.02,0.97
2222,2006-03-09,2.44,2.5,2.43,2.49,6558,2045032.62,2.86,1.63,0.04,0.94
2223,2006-03-10,2.48,2.52,2.47,2.52,6201,1943167.88,2.01,1.2,0.03,0.89
2224,2006-03-13,2.54,2.57,2.52,2.54,11668,3716572.25,1.98,0.79,0.02,1.67
2225,2006-03-14,2.55,2.56,2.5,2.52,4403,1393908.12,2.36,-0.79,-0.02,0.63
2226,2006-03-15,2.52,2.54,2.51,2.53,4365,1383796.62,1.19,0.4,0.01,0.62
2227,2006-03-16,2.52,2.54,2.5,2.53,3638,1150966.0,1.58,0.0,0.0,0.52
2228,2006-03-17,2.52,2.58,2.51,2.57,11504,3694658.75,2.77,1.58,0.04,1.64
2229,2006-03-20,2.57,2.64,2.55,2.62,16586,5415250.5,3.5,1.95,0.05,2.37
2230,2006-03-21,2.63,2.64,2.58,2.58,10544,3444572.0,2.29,-1.53,-0.04,1.51
2231,2006-03-22,2.58,2.67,2.58,2.67,12966,4293261.0,3.49,3.49,0.09,1.85
2232,2006-03-23,2.68,2.71,2.65,2.7,14136,4761025.5,2.25,1.12,0.03,2.02
2233,2006-03-24,2.7,2.7,2.64,2.65,9656,3232834.5,2.22,-1.85,-0.05,1.38
2234,2006-03-27,2.65,2.7,2.6,2.7,8262,2738128.75,3.77,1.89,0.05,1.18
2235,2006-03-28,2.7,2.71,2.67,2.7,8203,2759783.75,1.48,0.0,0.0,1.17
2236,2006-03-29,2.7,2.72,2.66,2.69,12092,4083438.0,2.22,-0.37,-0.01,1.73
2237,2006-03-30,2.67,2.83,2.66,2.75,29946,10283959.0,6.32,2.23,0.06,4.28
2238,2006-03-31,2.72,2.83,2.7,2.83,25797,8957320.0,4.73,2.91,0.08,3.69
2239,2006-04-03,2.83,2.98,2.83,2.96,35360,12814542.0,5.3,4.59,0.13,5.05
2240,2006-04-04,2.93,2.98,2.87,2.96,24480,8904017.0,3.72,0.0,0.0,3.5
2241,2006-04-05,2.95,2.96,2.89,2.93,15637,5680244.5,2.36,-1.01,-0.03,2.23
2242,2006-04-06,2.93,3.04,2.84,2.94,26959,9838471.0,6.83,0.34,0.01,3.85
2243,2006-04-07,2.92,3.1,2.9,3.1,37802,14166595.0,6.8,5.44,0.16,5.4
2244,2006-04-10,3.12,3.23,3.07,3.17,34331,13412027.0,5.16,2.26,0.07,4.91
2245,2006-04-11,3.2,3.2,3.08,3.14,22069,8534652.0,3.79,-0.95,-0.03,3.15
2246,2006-04-12,3.1,3.11,3.03,3.04,17521,6676214.5,2.55,-3.18,-0.1,2.5
2247,2006-04-13,3.02,3.13,2.9,2.91,20972,7856517.0,7.57,-4.28,-0.13,3.0
2248,2006-04-14,2.9,2.99,2.88,2.99,14565,5329124.0,3.78,2.75,0.08,2.08
2249,2006-04-17,2.98,3.1,2.96,3.09,22615,8542832.0,4.68,3.34,0.1,3.23
2250,2006-04-18,3.1,3.1,2.96,2.98,15279,5704959.5,4.53,-3.56,-0.11,2.18
2251,2006-04-19,2.97,3.12,2.83,3.1,38303,14253401.0,9.73,4.03,0.12,5.47
2252,2006-04-20,3.08,3.08,2.91,2.93,21110,7856449.0,5.48,-5.48,-0.17,3.02
2253,2006-04-21,2.93,2.97,2.82,2.87,17694,6394331.5,5.12,-2.05,-0.06,2.53
2254,2006-04-24,2.87,2.94,2.85,2.87,17221,6199709.0,3.14,0.0,0.0,2.46
2255,2006-04-25,2.87,2.87,2.71,2.76,16796,5783348.0,5.57,-3.83,-0.11,2.4
2256,2006-04-26,2.76,2.92,2.7,2.85,22619,7939803.5,7.97,3.26,0.09,3.23
2257,2006-04-27,2.82,2.9,2.73,2.9,27011,9468335.0,5.96,1.75,0.05,3.86
2258,2006-04-28,2.92,3.02,2.87,2.92,49048,17949984.0,5.17,0.69,0.02,7.01
2259,2006-05-08,2.89,2.93,2.74,2.87,24215,8545699.0,6.51,-1.71,-0.05,3.46
2260,2006-05-09,2.86,3.03,2.8,2.98,39881,14456066.0,8.01,3.83,0.11,5.7
2261,2006-05-10,2.96,3.0,2.89,2.93,34462,12620374.0,3.69,-1.68,-0.05,4.93
2262,2006-05-11,2.92,3.05,2.85,2.85,35369,13103044.0,6.83,-2.73,-0.08,5.06
2263,2006-05-12,2.81,2.95,2.79,2.94,25702,9258030.0,5.61,3.16,0.09,3.67
2264,2006-05-15,3.05,3.26,3.05,3.26,81422,32260078.0,7.14,10.88,0.32,11.64
2265,2006-05-16,3.42,3.58,3.27,3.33,79450,33459444.0,9.51,2.15,0.07,11.36
2266,2006-05-17,3.33,3.41,3.19,3.29,36031,14624503.0,6.61,-1.2,-0.04,5.15
2267,2006-05-19,3.24,3.35,3.23,3.33,28469,11615210.0,3.65,1.22,0.04,4.07
2268,2006-05-22,3.34,3.41,3.29,3.33,27638,11427834.0,3.6,0.0,0.0,3.95
2269,2006-05-23,3.3,3.32,3.06,3.06,23871,9409697.0,7.81,-8.11,-0.27,3.41
2270,2006-05-24,3.04,3.19,2.93,3.04,16947,6409591.5,8.5,-0.65,-0.02,2.42
2271,2006-05-25,3.15,3.37,3.11,3.35,56756,23149944.0,8.55,10.2,0.31,8.11
2272,2006-05-26,3.36,3.4,3.27,3.33,21386,8779204.0,3.88,-0.6,-0.02,3.06
2273,2006-05-29,3.33,3.37,3.25,3.35,22558,9260529.0,3.6,0.6,0.02,3.22
2274,2006-05-30,3.35,3.49,3.33,3.42,32236,13539729.0,4.78,2.09,0.07,4.61
2275,2006-05-31,3.4,3.42,3.27,3.3,21680,8908138.0,4.39,-3.51,-0.12,3.1
2276,2006-06-01,3.27,3.41,3.27,3.39,31345,13008495.0,4.24,2.73,0.09,4.48
2277,2006-06-02,3.39,3.55,3.3,3.46,44062,18585212.0,7.37,2.06,0.07,6.3
2278,2006-06-05,3.44,3.51,3.39,3.49,26091,11079639.0,3.47,0.87,0.03,3.73
2279,2006-06-06,3.48,3.5,3.36,3.37,20341,8587117.0,4.01,-3.44,-0.12,2.91
2280,2006-06-07,3.36,3.36,3.01,3.02,22432,8816076.0,10.39,-10.39,-0.35,3.21
2281,2006-06-08,3.01,3.11,2.96,3.09,15380,5813943.5,4.97,2.32,0.07,2.2
2282,2006-06-09,3.23,3.35,3.13,3.15,32581,13077156.0,7.12,1.94,0.06,4.66
2283,2006-06-12,3.1,3.15,2.98,3.1,8893,3388724.0,5.4,-1.59,-0.05,1.27
2284,2006-06-13,3.06,3.16,3.04,3.09,6611,2540201.5,3.87,-0.32,-0.01,0.94
2285,2006-06-14,3.09,3.14,3.04,3.12,6666,2555768.5,3.24,0.97,0.03,0.95
2286,2006-06-15,3.12,3.17,3.11,3.13,4700,1828053.38,1.92,0.32,0.01,0.67
2287,2006-06-16,3.13,3.21,3.13,3.2,8914,3497681.75,2.56,2.24,0.07,1.27
2288,2006-06-19,3.19,3.27,3.13,3.23,10031,4011623.25,4.38,0.94,0.03,1.43
2289,2006-06-20,3.23,3.27,3.16,3.27,9499,3797011.75,3.41,1.24,0.04,1.36
2290,2006-06-21,3.27,3.34,3.24,3.3,18724,7627638.0,3.06,0.92,0.03,2.68
2291,2006-06-22,3.3,3.31,3.19,3.22,10025,4023780.5,3.64,-2.42,-0.08,1.43
2292,2006-06-23,3.2,3.29,3.17,3.29,10436,4175831.75,3.73,2.17,0.07,1.49
2293,2006-06-26,3.33,3.6,3.3,3.48,38464,16477984.0,9.12,5.78,0.19,5.5
2294,2006-06-27,3.46,3.54,3.4,3.49,22467,9616189.0,4.02,0.29,0.01,3.21
2295,2006-06-28,3.48,3.64,3.43,3.55,28464,12463537.0,6.02,1.72,0.06,4.07
2296,2006-06-29,3.55,3.61,3.51,3.56,23393,10221982.0,2.82,0.28,0.01,3.34
2297,2006-06-30,3.56,3.61,3.42,3.44,23880,10250248.0,5.34,-3.37,-0.12,3.41
2298,2006-07-03,3.46,3.55,3.44,3.5,20187,8708572.0,3.2,1.74,0.06,2.89
2299,2006-07-04,3.49,3.61,3.45,3.59,30213,13177557.0,4.57,2.57,0.09,4.32
2300,2006-07-05,3.57,3.57,3.41,3.48,13600,5848405.0,4.46,-3.06,-0.11,1.94
2301,2006-07-06,3.47,3.66,3.44,3.64,37122,16419791.0,6.32,4.6,0.16,5.31
2302,2006-07-07,3.65,3.69,3.55,3.56,18237,8074411.0,3.85,-2.2,-0.08,2.61
2303,2006-07-10,3.63,3.78,3.59,3.73,35701,16183934.0,5.34,4.78,0.17,5.1
2304,2006-07-11,3.72,3.81,3.66,3.76,27849,12813448.0,4.02,0.8,0.03,3.98
2305,2006-07-12,3.72,3.78,3.62,3.62,26687,12067328.0,4.26,-3.72,-0.14,3.81
2306,2006-07-13,3.6,3.65,3.33,3.33,26196,11110906.0,8.84,-8.01,-0.29,3.74
2307,2006-07-14,3.33,3.55,3.33,3.44,20145,8498561.0,6.61,3.3,0.11,2.88
2308,2006-07-17,3.42,3.47,3.37,3.47,11962,5021291.0,2.91,0.87,0.03,1.71
2309,2006-07-18,3.5,3.5,3.39,3.49,9740,4111816.5,3.17,0.58,0.02,1.39
2310,2006-07-19,3.5,3.66,3.44,3.6,42238,18527660.0,6.3,3.15,0.11,6.04
2311,2006-07-20,3.61,3.67,3.5,3.61,28255,12454435.0,4.72,0.28,0.01,4.04
2312,2006-07-21,3.61,3.67,3.57,3.63,22127,9861499.0,2.77,0.55,0.02,3.16
2313,2006-07-24,3.59,3.67,3.36,3.66,13772,6001950.5,8.54,0.83,0.03,1.97
2314,2006-07-25,3.66,3.67,3.6,3.62,16159,7208629.0,1.91,-1.09,-0.04,2.31
2315,2006-07-26,3.61,3.62,3.54,3.55,11882,5196019.5,2.21,-1.93,-0.07,1.7
2316,2006-07-27,3.52,3.6,3.49,3.53,9215,3997460.5,3.1,-0.56,-0.02,1.32
2317,2006-07-28,3.5,3.57,3.39,3.44,12131,5134856.5,5.1,-2.55,-0.09,1.73
2318,2006-07-31,3.44,3.44,3.25,3.25,13743,5598897.0,5.52,-5.52,-0.19,1.96
2319,2006-08-01,3.27,3.33,3.25,3.27,8059,3258668.75,2.46,0.62,0.02,1.15
2320,2006-08-02,3.29,3.32,3.21,3.27,6150,2463503.5,3.36,0.0,0.0,0.88
2321,2006-08-03,3.25,3.31,3.25,3.28,5558,2243956.75,1.83,0.31,0.01,0.79
2322,2006-08-04,3.33,3.33,3.13,3.15,6093,2440984.5,6.1,-3.96,-0.13,0.87
2323,2006-08-07,3.12,3.12,2.94,2.96,9391,3529221.25,5.71,-6.03,-0.19,1.34
2324,2006-08-08,2.99,3.15,2.99,3.1,7585,2854376.5,5.41,4.73,0.14,1.08
2325,2006-08-09,3.1,3.1,3.02,3.04,5863,2204775.25,2.58,-1.94,-0.06,0.84
2326,2006-08-10,3.04,3.12,3.0,3.1,5804,2210245.75,3.95,1.97,0.06,0.83
2327,2006-08-11,3.08,3.15,3.06,3.13,4993,1915377.38,2.9,0.97,0.03,0.71
2328,2006-08-14,3.12,3.13,3.01,3.02,6204,2347603.75,3.83,-3.51,-0.11,0.89
2329,2006-08-15,3.05,3.08,2.99,3.08,6195,2330622.0,2.98,1.99,0.06,0.89
2330,2006-08-16,3.08,3.18,3.05,3.16,10197,3926630.25,4.22,2.6,0.08,1.46
2331,2006-08-17,3.16,3.22,3.11,3.2,15079,5909005.0,3.48,1.27,0.04,2.16
2332,2006-08-18,3.22,3.27,3.15,3.15,9798,3870916.0,3.75,-1.56,-0.05,1.4
2333,2006-08-21,3.03,3.24,3.0,3.23,9840,3834539.25,7.62,2.54,0.08,1.41
2334,2006-08-22,3.25,3.31,3.21,3.27,11707,4709003.0,3.1,1.24,0.04,1.67
2335,2006-08-23,3.3,3.31,3.22,3.23,8259,3321139.0,2.75,-1.22,-0.04,1.18
2336,2006-08-24,3.22,3.27,3.21,3.26,4379,1746807.62,1.86,0.93,0.03,0.63
2337,2006-08-25,3.26,3.3,3.22,3.23,5907,2368636.75,2.45,-0.92,-0.03,0.84
2338,2006-08-28,3.27,3.34,3.23,3.33,16148,6538490.0,3.41,3.1,0.1,2.31
2339,2006-08-29,3.38,3.38,3.3,3.3,12020,4930544.0,2.4,-0.9,-0.03,1.72
2340,2006-08-30,3.29,3.44,3.28,3.4,14314,5931115.0,4.85,3.03,0.1,2.05
2341,2006-08-31,3.41,3.59,3.39,3.55,38443,16613399.0,5.88,4.41,0.15,5.49
2342,2006-09-01,3.56,3.57,3.42,3.44,19143,8204542.5,4.23,-3.1,-0.11,2.74
2343,2006-09-04,3.44,3.67,3.44,3.66,35784,15864468.0,6.69,6.4,0.22,5.11
2344,2006-09-05,3.69,3.71,3.57,3.64,21673,9633244.0,3.83,-0.55,-0.02,3.1
2345,2006-09-06,3.64,3.66,3.5,3.58,20077,8772954.0,4.4,-1.65,-0.06,2.87
2346,2006-09-07,3.59,3.61,3.43,3.49,15607,6715079.5,5.03,-2.51,-0.09,2.23
2347,2006-09-08,3.47,3.55,3.43,3.45,12097,5186603.5,3.44,-1.15,-0.04,1.73
2348,2006-09-11,3.46,3.54,3.44,3.53,11020,4730269.5,2.9,2.32,0.08,1.58
2349,2006-09-12,3.52,3.54,3.47,3.49,10100,4327590.5,1.98,-1.13,-0.04,1.44
2350,2006-09-13,3.49,3.51,3.38,3.39,11684,4935866.0,3.72,-2.87,-0.1,1.67
2351,2006-09-14,3.39,3.43,3.33,3.38,12622,5217987.5,2.95,-0.29,-0.01,1.8
2352,2006-09-15,3.41,3.47,3.39,3.46,13163,5551796.5,2.37,2.37,0.08,1.88
2353,2006-09-18,3.5,3.6,3.5,3.56,22626,9881735.0,2.89,2.89,0.1,3.23
2354,2006-09-19,3.56,3.58,3.5,3.54,13884,6012031.0,2.25,-0.56,-0.02,1.98
2355,2006-09-20,3.52,3.53,3.46,3.5,13882,5948281.5,1.98,-1.13,-0.04,1.98
2356,2006-09-21,3.52,3.65,3.5,3.58,26964,11855451.0,4.29,2.29,0.08,3.85
2357,2006-09-22,3.56,3.62,3.5,3.56,21234,9276116.0,3.35,-0.56,-0.02,3.03
2358,2006-09-25,3.5,3.59,3.5,3.56,12865,5587247.5,2.53,0.0,0.0,1.84
2359,2006-09-26,3.55,3.67,3.51,3.64,34566,15270188.0,4.49,2.25,0.08,4.94
2360,2006-09-27,3.65,3.65,3.54,3.57,15648,6874473.5,3.02,-1.92,-0.07,2.24
2361,2006-09-28,3.57,3.59,3.47,3.5,19033,8193914.0,3.36,-1.96,-0.07,2.72
2362,2006-09-29,3.5,3.52,3.46,3.5,15094,6463925.0,1.71,0.0,0.0,2.16
2363,2006-10-09,3.5,3.56,3.46,3.51,15810,6817535.0,2.86,0.29,0.01,2.26
2364,2006-10-10,3.55,3.56,3.47,3.51,16937,7277427.5,2.56,0.0,0.0,2.42
2365,2006-10-11,3.5,3.51,3.42,3.43,15727,6671348.5,2.56,-2.28,-0.08,2.25
2366,2006-10-12,3.43,3.46,3.39,3.42,12064,5082202.5,2.04,-0.29,-0.01,1.72
2367,2006-10-13,3.42,3.55,3.42,3.55,21727,9354747.0,3.8,3.8,0.13,3.11
2368,2006-10-16,3.67,3.73,3.56,3.61,54290,24250682.0,4.79,1.69,0.06,7.76
2369,2006-10-17,3.57,3.7,3.54,3.57,27417,12197116.0,4.43,-1.11,-0.04,3.92
2370,2006-10-18,3.58,3.95,3.51,3.86,88688,40708980.0,12.32,8.12,0.29,12.68
2371,2006-10-19,3.8,3.92,3.78,3.86,41246,19315498.0,3.63,0.0,0.0,5.9
2372,2006-10-20,3.85,3.87,3.73,3.79,26822,12411923.0,3.63,-1.81,-0.07,3.83
2373,2006-10-23,3.76,3.79,3.52,3.55,23686,10502225.0,7.12,-6.33,-0.24,3.39
2374,2006-10-24,3.54,3.67,3.54,3.63,18662,8236443.0,3.66,2.25,0.08,2.67
2375,2006-10-25,3.61,3.62,3.45,3.51,16374,7087323.0,4.68,-3.31,-0.12,2.34
2376,2006-10-26,3.51,3.55,3.48,3.49,9369,4040281.25,1.99,-0.57,-0.02,1.34
2377,2006-10-27,3.49,3.55,3.43,3.52,10096,4318060.5,3.44,0.86,0.03,1.44
2378,2006-10-30,3.5,3.5,3.39,3.45,8312,3502389.25,3.13,-1.99,-0.07,1.19
2379,2006-11-01,3.5,3.5,3.44,3.49,8042,3421095.75,1.74,1.16,0.04,1.15
2380,2006-11-02,3.5,3.5,3.38,3.4,13145,5496356.0,3.44,-2.58,-0.09,1.88
2381,2006-11-03,3.4,3.44,3.39,3.39,10302,4320056.5,1.47,-0.29,-0.01,1.47
2382,2006-11-06,3.39,3.41,3.33,3.35,13072,5401040.0,2.36,-1.18,-0.04,1.87
2383,2006-11-07,3.36,3.39,3.27,3.35,16135,6570196.0,3.58,0.0,0.0,2.31
2384,2006-11-08,3.34,3.41,3.31,3.38,10755,4461857.0,2.99,0.9,0.03,1.54
2385,2006-11-09,3.34,3.43,3.34,3.43,8487,3559849.75,2.66,1.48,0.05,1.21
2386,2006-11-10,3.43,3.48,3.36,3.39,12117,5094525.5,3.5,-1.17,-0.04,1.73
2387,2006-11-13,3.54,3.62,3.4,3.49,48723,21090866.0,6.49,2.95,0.1,6.96
2388,2006-11-14,3.44,3.6,3.42,3.6,45994,19950128.0,5.16,3.15,0.11,6.57
2389,2006-11-15,3.58,3.68,3.54,3.62,48422,21573640.0,3.89,0.56,0.02,6.92
2390,2006-11-16,3.63,3.7,3.49,3.56,32619,14491167.0,5.8,-1.66,-0.06,4.66
2391,2006-11-17,3.51,3.69,3.51,3.66,51708,23075166.0,5.06,2.81,0.1,7.39
2392,2006-11-20,3.69,3.73,3.61,3.65,49678,22363460.0,3.28,-0.27,-0.01,7.1
2393,2006-11-21,3.63,3.66,3.48,3.5,15442,6662964.5,4.93,-4.11,-0.15,2.21
2394,2006-11-22,3.5,3.62,3.43,3.53,29945,13087030.0,5.43,0.86,0.03,4.28
2395,2006-11-23,3.5,3.59,3.44,3.52,10796,4646207.0,4.25,-0.28,-0.01,1.54
2396,2006-11-24,3.51,3.62,3.39,3.61,42071,18420418.0,6.53,2.56,0.09,6.01
2397,2006-11-27,3.59,3.75,3.55,3.74,54926,24828344.0,5.54,3.6,0.13,7.85
2398,2006-11-28,3.76,3.81,3.64,3.75,36976,16922230.0,4.55,0.27,0.01,5.28
2399,2006-11-29,3.71,3.83,3.66,3.82,38086,17627192.0,4.53,1.87,0.07,5.44
2400,2006-11-30,3.79,3.9,3.77,3.84,46456,21780250.0,3.4,0.52,0.02,6.64
2401,2006-12-01,3.84,3.88,3.71,3.81,34425,15974177.0,4.43,-0.78,-0.03,4.92
2402,2006-12-04,3.79,3.89,3.72,3.85,51660,24126638.0,4.46,1.05,0.04,7.38
2403,2006-12-05,3.86,3.97,3.79,3.88,53187,25337856.0,4.68,0.78,0.03,7.6
2404,2006-12-06,3.88,3.88,3.62,3.69,31363,14357473.0,6.7,-4.9,-0.19,4.48
2405,2006-12-07,3.72,3.74,3.58,3.59,28611,12825420.0,4.34,-2.71,-0.1,4.09
2406,2006-12-08,3.55,3.66,3.49,3.5,30179,13265937.0,4.74,-2.51,-0.09,4.31
2407,2006-12-11,3.51,3.62,3.5,3.62,10231,4467573.0,3.43,3.43,0.12,1.46
2408,2006-12-12,3.62,3.79,3.52,3.69,44570,20101584.0,7.46,1.93,0.07,6.37
2409,2006-12-13,3.71,3.79,3.66,3.73,45725,20921246.0,3.52,1.08,0.04,6.54
2410,2006-12-14,3.7,3.85,3.67,3.78,50921,23650052.0,4.83,1.34,0.05,7.28
2411,2006-12-15,3.75,3.84,3.73,3.77,27599,12775188.0,2.91,-0.26,-0.01,3.94
2412,2006-12-18,3.76,3.89,3.72,3.83,47714,22255598.0,4.51,1.59,0.06,6.82
2413,2006-12-19,3.85,3.88,3.67,3.74,24840,11406733.0,5.48,-2.35,-0.09,3.55
2414,2006-12-20,3.72,3.96,3.67,3.94,54184,25671004.0,7.75,5.35,0.2,7.74
2415,2006-12-21,3.91,4.07,3.79,3.79,45017,21591278.0,7.11,-3.81,-0.15,6.43
2416,2006-12-22,3.76,3.85,3.67,3.84,37303,17164168.0,4.75,1.32,0.05,5.33
2417,2006-12-25,3.83,3.91,3.75,3.77,25583,12030857.0,4.17,-1.82,-0.07,3.66
2418,2006-12-26,3.78,3.79,3.65,3.67,21379,9690449.0,3.71,-2.65,-0.1,3.06
2419,2006-12-27,3.67,3.74,3.63,3.69,18278,8268456.0,3.0,0.54,0.02,2.61
2420,2006-12-28,3.71,3.71,3.55,3.57,20336,8993136.0,4.34,-3.25,-0.12,2.91
2421,2006-12-29,3.58,3.66,3.57,3.61,13888,6156548.5,2.52,1.12,0.04,1.98
2422,2007-01-04,3.61,3.62,3.5,3.56,21511,9381792.0,3.32,-1.39,-0.05,3.07
2423,2007-01-05,3.5,3.63,3.5,3.63,15403,6760013.0,3.65,1.97,0.07,2.2
2424,2007-01-08,3.62,3.8,3.61,3.77,24523,11143904.0,5.23,3.86,0.14,3.5
2425,2007-01-09,3.77,3.8,3.73,3.78,28004,12926500.0,1.86,0.27,0.01,4.0
2426,2007-01-10,3.79,3.94,3.74,3.94,60934,28770978.0,5.29,4.23,0.16,8.71
2427,2007-01-11,4.1,4.35,4.08,4.35,47790,24895228.0,6.85,10.41,0.41,6.83
2428,2007-01-12,4.8,4.8,4.43,4.53,175889,98690392.0,8.51,4.14,0.18,25.14
2429,2007-01-15,4.28,4.6,4.06,4.53,88084,46518488.0,11.92,0.0,0.0,12.59
2430,2007-01-16,4.48,4.68,4.36,4.57,56375,30915556.0,7.06,0.88,0.04,8.06
2431,2007-01-17,4.51,5.01,4.44,4.77,81079,46848756.0,12.47,4.38,0.2,11.59
2432,2007-01-18,4.68,4.95,4.61,4.88,51330,30101316.0,7.13,2.31,0.11,7.34
2433,2007-01-19,4.86,5.04,4.68,4.84,61466,36152544.0,7.38,-0.82,-0.04,8.79
2434,2007-01-22,4.82,5.12,4.77,5.01,61216,36355056.0,7.23,3.51,0.17,8.75
2435,2007-01-23,4.95,4.97,4.63,4.83,47524,27739812.0,6.79,-3.59,-0.18,6.79
2436,2007-01-24,4.78,5.03,4.72,4.89,51743,30708718.0,6.42,1.24,0.06,7.4
2437,2007-01-25,4.87,4.87,4.55,4.56,34877,19945170.0,6.54,-6.75,-0.33,4.98
2438,2007-01-26,4.48,4.56,4.24,4.47,32701,17503270.0,7.02,-1.97,-0.09,4.67
2439,2007-01-29,4.53,4.66,4.48,4.63,23876,13264730.0,4.03,3.58,0.16,3.41
2440,2007-01-30,4.6,4.87,4.6,4.71,30847,17762412.0,5.83,1.73,0.08,4.41
2441,2007-01-31,4.53,4.59,4.28,4.33,37218,20120898.0,6.58,-8.07,-0.38,5.32
2442,2007-02-01,4.19,4.31,4.13,4.23,25281,12986194.0,4.16,-2.31,-0.1,3.61
2443,2007-02-02,4.25,4.42,4.13,4.13,21274,11127923.0,6.86,-2.36,-0.1,3.04
2444,2007-02-05,4.1,4.24,4.1,4.19,11992,6104674.0,3.39,1.45,0.06,1.71
2445,2007-02-06,4.31,4.54,4.31,4.51,36129,19596298.0,5.49,7.64,0.32,5.16
2446,2007-02-07,4.45,4.53,4.42,4.49,25461,13824218.0,2.44,-0.44,-0.02,3.64
2447,2007-02-08,4.49,4.65,4.39,4.54,31889,17581102.0,5.79,1.11,0.05,4.56
2448,2007-02-09,4.57,4.57,4.44,4.48,19647,10726584.0,2.86,-1.32,-0.06,2.81
2449,2007-02-12,4.51,4.62,4.47,4.61,20010,11086136.0,3.35,2.9,0.13,2.86
2450,2007-02-13,4.64,4.65,4.54,4.65,23460,13114254.0,2.39,0.87,0.04,3.35
2451,2007-02-14,4.66,4.8,4.65,4.73,28592,16375236.0,3.23,1.72,0.08,4.09
2452,2007-02-15,4.74,4.84,4.73,4.8,26572,15394627.0,2.33,1.48,0.07,3.8
2453,2007-02-16,4.83,5.0,4.8,4.89,45772,27222346.0,4.17,1.88,0.09,6.54
2454,2007-02-26,4.93,5.15,4.81,5.11,44145,26717344.0,6.95,4.5,0.22,4.55
2455,2007-02-27,5.12,5.38,4.59,4.59,59431,36209320.0,15.46,-10.18,-0.52,6.12
2456,2007-02-28,4.54,4.93,4.54,4.89,34107,19686994.0,8.5,6.54,0.3,3.51
2457,2007-03-01,4.91,4.95,4.6,4.71,31199,18016400.0,7.16,-3.68,-0.18,3.21
2458,2007-03-02,4.81,5.19,4.77,5.19,65773,40662932.0,8.92,10.19,0.48,6.78
2459,2007-03-05,5.26,5.38,4.89,5.12,70356,43683404.0,9.44,-1.35,-0.07,7.25
2460,2007-03-06,5.1,5.1,4.95,5.02,23088,14028003.0,2.93,-1.95,-0.1,2.38
2461,2007-03-07,5.02,5.23,5.02,5.17,33666,20984328.0,4.18,2.99,0.15,3.47
2462,2007-03-08,5.17,5.32,5.09,5.27,42392,26850900.0,4.45,1.93,0.1,4.37
2463,2007-03-09,5.27,5.28,5.09,5.19,28808,18064988.0,3.61,-1.52,-0.08,2.97
2464,2007-03-12,5.19,5.38,5.04,5.32,38781,24458724.0,6.55,2.5,0.13,4.0
2465,2007-03-13,5.46,5.55,5.32,5.46,49588,32534404.0,4.32,2.63,0.14,5.11
2466,2007-03-14,5.38,5.76,5.08,5.59,58992,39468108.0,12.45,2.38,0.13,6.08
2467,2007-03-15,5.58,5.92,5.58,5.79,53990,37418976.0,6.08,3.58,0.2,5.56
2468,2007-03-16,5.79,5.91,5.4,5.57,48745,33310576.0,8.81,-3.8,-0.22,5.02
2469,2007-03-19,5.42,5.71,5.32,5.57,31865,21403138.0,7.0,0.0,0.0,3.28
2470,2007-03-20,5.61,5.8,5.56,5.8,31584,21796144.0,4.31,4.13,0.23,3.25
2471,2007-03-21,5.82,5.88,5.76,5.88,31390,22042916.0,2.07,1.38,0.08,3.23
2472,2007-03-22,5.88,6.06,5.77,5.83,37018,26436062.0,4.93,-0.85,-0.05,3.81
2473,2007-03-23,5.83,6.1,5.8,6.1,48687,34863504.0,5.15,4.63,0.27,5.02
2474,2007-03-26,6.1,6.72,6.06,6.59,71824,56085772.0,10.82,8.03,0.49,7.4
2475,2007-03-27,6.57,6.75,6.46,6.64,60653,48064788.0,4.4,0.76,0.05,6.25
2476,2007-03-28,6.61,6.61,6.15,6.37,55483,42642304.0,6.93,-4.07,-0.27,5.72
2477,2007-03-29,6.37,6.39,5.96,5.97,48886,36208196.0,6.75,-6.28,-0.4,5.04
2478,2007-03-30,5.89,6.09,5.8,6.02,25495,18370676.0,4.86,0.84,0.05,2.63
2479,2007-04-02,6.02,6.27,6.02,6.27,33326,24833458.0,4.15,4.15,0.25,3.43
2480,2007-04-03,6.27,6.38,6.19,6.29,21429,16184305.0,3.03,0.32,0.02,2.21
2481,2007-04-04,6.3,6.41,6.2,6.4,36002,27380838.0,3.34,1.75,0.11,3.71
2482,2007-04-05,6.39,6.45,6.33,6.43,29241,22511658.0,1.88,0.47,0.03,3.01
2483,2007-04-06,6.36,6.55,6.33,6.51,37261,29049610.0,3.42,1.24,0.08,3.84
2484,2007-04-09,6.53,6.7,6.5,6.66,50041,39534060.0,3.07,2.3,0.15,5.16
2485,2007-04-10,6.66,6.69,6.35,6.58,46506,36646744.0,5.11,-1.2,-0.08,4.79
2486,2007-04-11,6.61,6.83,6.59,6.79,57207,46255504.0,3.65,3.19,0.21,5.89
2487,2007-04-12,6.79,6.96,6.73,6.93,56959,46836112.0,3.39,2.06,0.14,5.87
2488,2007-04-13,6.91,7.21,6.86,6.91,76936,65129996.0,5.05,-0.29,-0.02,7.93
2489,2007-04-16,6.93,7.42,6.93,7.41,70321,61153840.0,7.09,7.24,0.5,7.24
2490,2007-04-17,7.41,7.63,7.1,7.55,65840,57956092.0,7.15,1.89,0.14,6.78
2491,2007-04-18,7.53,7.67,7.34,7.62,57290,51768300.0,4.37,0.93,0.07,5.9
2492,2007-04-19,7.59,8.36,7.3,7.84,120365,113250112.0,13.91,2.89,0.22,12.4
2493,2007-04-20,7.94,8.63,7.94,8.56,111159,109504136.0,8.8,9.18,0.72,11.45
2494,2007-04-23,8.71,9.1,8.67,8.9,101128,107565144.0,5.02,3.97,0.34,10.42
2495,2007-04-24,8.9,8.9,8.56,8.63,81105,84279520.0,3.82,-3.03,-0.27,8.36
2496,2007-04-25,8.6,8.7,8.02,8.5,60756,60897116.0,7.88,-1.51,-0.13,6.26
2497,2007-04-27,8.5,8.7,8.27,8.33,46866,47380628.0,5.06,-2.0,-0.17,4.83
2498,2007-04-30,8.3,8.31,8.02,8.18,54245,52985964.0,3.48,-1.8,-0.15,5.59
2499,2007-05-08,8.28,8.53,8.19,8.53,63192,63294876.0,4.16,4.28,0.35,6.51
2500,2007-05-09,8.51,9.11,8.27,9.1,120597,124653000.0,9.85,6.68,0.57,12.42
2501,2007-05-10,9.02,9.07,8.77,8.9,108683,115983040.0,3.3,-2.2,-0.2,11.2
2502,2007-05-11,8.7,8.79,8.47,8.56,49772,51341116.0,3.6,-3.82,-0.34,5.13
2503,2007-05-14,8.36,8.62,8.24,8.44,43546,44026488.0,4.44,-1.4,-0.12,4.49
2504,2007-05-15,8.45,8.53,8.02,8.06,39257,39136480.0,6.04,-4.5,-0.38,4.04
2505,2007-05-16,8.02,8.22,7.84,8.16,37278,35784768.0,4.71,1.24,0.1,3.84
2506,2007-05-17,8.19,8.4,8.16,8.35,39620,39405768.0,2.94,2.33,0.19,4.08
2507,2007-05-18,8.37,8.6,8.3,8.39,40991,41467252.0,3.59,0.48,0.04,4.22
2508,2007-05-21,8.14,8.62,8.07,8.56,55879,56450708.0,6.56,2.03,0.17,5.76
2509,2007-05-22,8.61,8.83,8.57,8.62,73492,76312016.0,3.04,0.7,0.06,7.57
2510,2007-05-23,8.65,9.0,8.65,8.99,85411,90543760.0,4.06,4.29,0.37,8.8
2511,2007-05-24,9.12,9.2,8.54,8.79,78187,82151464.0,7.34,-2.22,-0.2,8.06
2512,2007-05-25,8.79,9.13,8.62,9.06,91666,97958608.0,5.8,3.07,0.27,9.44
2513,2007-05-28,9.24,9.55,9.22,9.33,98885,110996304.0,3.64,2.98,0.27,10.19
2514,2007-05-29,9.3,9.55,9.19,9.45,70839,79469848.0,3.86,1.29,0.12,7.3
2515,2007-05-30,8.79,9.2,8.49,8.49,80385,84502824.0,7.51,-10.16,-0.96,8.28
2516,2007-05-31,8.27,8.4,7.63,7.7,66974,62598376.0,9.07,-9.31,-0.79,6.9
2517,2007-06-01,7.6,7.95,6.91,6.93,80519,69686712.0,13.51,-10.0,-0.77,8.3
2518,2007-06-04,7.04,7.18,6.22,6.22,59759,46276628.0,13.85,-10.25,-0.71,6.16
2519,2007-06-05,5.89,6.52,5.58,6.49,65208,46961536.0,15.11,4.34,0.27,6.72
2520,2007-06-06,6.23,6.66,6.23,6.52,51602,40403500.0,6.63,0.46,0.03,5.32
2521,2007-06-07,6.5,6.8,6.46,6.78,38755,31096486.0,5.21,3.99,0.26,3.99
2522,2007-06-08,6.78,6.91,6.72,6.79,41190,33723032.0,2.8,0.15,0.01,4.24
2523,2007-06-11,6.9,7.0,6.81,6.84,42209,35013192.0,2.8,0.74,0.05,4.35
2524,2007-06-12,6.88,7.12,6.36,7.04,56241,45809352.0,11.11,2.92,0.2,5.79
2525,2007-06-13,7.15,7.66,7.04,7.65,69824,61574092.0,8.81,8.66,0.61,7.19
2526,2007-06-14,7.61,7.91,7.26,7.64,81830,75249440.0,8.5,-0.13,-0.01,8.43
2527,2007-06-15,7.51,7.75,7.39,7.52,41133,37207024.0,4.71,-1.57,-0.12,4.24
2528,2007-06-18,7.68,8.09,7.66,7.97,54774,51781416.0,5.72,5.98,0.45,5.64
2529,2007-06-19,7.85,8.45,7.82,8.4,60464,59396092.0,7.9,5.4,0.43,6.23
2530,2007-06-20,8.41,8.49,7.9,7.99,65074,64313456.0,7.02,-4.88,-0.41,6.7
2531,2007-06-22,7.76,7.87,7.17,7.17,52983,47243092.0,8.76,-10.26,-0.82,5.46
2532,2007-06-25,6.98,7.22,6.43,6.43,38620,31162256.0,11.02,-10.32,-0.74,3.98
2533,2007-06-26,6.15,6.66,6.06,6.65,34151,26235222.0,9.33,3.42,0.22,3.52
2534,2007-06-27,6.66,6.84,6.55,6.74,22822,18363168.0,4.36,1.35,0.09,2.35
2535,2007-06-28,6.68,6.8,6.05,6.05,27006,20828388.0,11.13,-10.24,-0.69,2.78
2536,2007-06-29,5.8,6.0,5.49,5.68,29026,20164914.0,8.43,-6.12,-0.37,2.99
2537,2007-07-02,5.96,6.2,5.8,6.15,36095,26399686.0,7.04,8.27,0.47,3.72
2538,2007-07-03,6.32,6.37,6.09,6.33,27935,20962150.0,4.55,2.93,0.18,2.88
2539,2007-07-04,6.3,6.48,6.15,6.17,28741,21838734.0,5.21,-2.53,-0.16,2.96
2540,2007-07-05,6.02,6.1,5.64,5.64,23823,14420380.0,7.46,-8.59,-0.53,2.09
2541,2007-07-06,5.56,6.16,5.56,6.14,22307,13444045.0,10.64,8.87,0.5,1.96
2542,2007-07-09,6.2,6.77,6.2,6.56,46795,31294046.0,9.28,6.84,0.42,4.11
2543,2007-07-10,6.63,6.66,6.15,6.15,35199,23049888.0,7.77,-6.25,-0.41,3.09
2544,2007-07-11,6.3,6.44,6.1,6.28,15599,10001934.0,5.53,2.11,0.13,1.37
2545,2007-07-12,6.26,6.31,6.15,6.3,16057,10261391.0,2.55,0.32,0.02,1.41
2546,2007-07-13,6.33,6.33,6.11,6.23,11355,7201177.5,3.49,-1.11,-0.07,1.0
2547,2007-07-16,6.2,6.23,5.9,5.96,13908,8585483.0,5.3,-4.33,-0.27,1.22
2548,2007-07-17,5.91,6.17,5.91,6.14,11941,7432456.0,4.36,3.02,0.18,1.05
2549,2007-07-18,6.15,6.22,6.0,6.1,13486,8478441.0,3.58,-0.65,-0.04,1.18
2550,2007-07-19,6.1,6.19,6.01,6.14,6545,4093180.75,2.95,0.66,0.04,0.57
2551,2007-07-20,6.14,6.37,6.14,6.35,22504,14531815.0,3.75,3.42,0.21,1.97
2552,2007-07-23,6.45,6.7,6.36,6.66,35753,24092360.0,5.35,4.88,0.31,3.14
2553,2007-07-24,6.7,6.97,6.66,6.69,39382,27396442.0,4.65,0.45,0.03,3.46
2554,2007-07-25,6.7,6.95,6.69,6.87,27244,18983822.0,3.89,2.69,0.18,2.39
2555,2007-07-26,6.9,7.14,6.79,7.05,38489,27414302.0,5.09,2.62,0.18,3.38
2556,2007-07-27,7.0,7.2,6.88,7.15,36148,26193204.0,4.54,1.42,0.1,3.17
2557,2007-07-30,7.2,7.88,7.16,7.88,72864,57189688.0,10.07,10.21,0.73,6.39
2558,2007-07-31,8.05,8.34,7.95,8.0,121407,100257712.0,4.95,1.52,0.12,10.65
2559,2007-08-01,7.99,8.13,7.3,7.45,74652,58984560.0,10.38,-6.88,-0.55,6.55
2560,2007-08-02,7.5,8.2,7.5,8.19,80242,64365608.0,9.4,9.93,0.74,7.04
2561,2007-08-03,8.26,8.85,8.21,8.62,137973,120031840.0,7.81,5.25,0.43,12.11
2562,2007-08-06,8.65,8.73,8.36,8.52,70882,61373288.0,4.29,-1.16,-0.1,6.22
2563,2007-08-07,8.52,8.59,8.16,8.35,63539,53700868.0,5.05,-2.0,-0.17,5.58
2564,2007-08-08,8.27,8.52,7.92,8.12,43456,36236452.0,7.19,-2.75,-0.23,3.81
2565,2007-08-09,8.15,8.23,8.03,8.1,34181,28209398.0,2.46,-0.25,-0.02,3.0
2566,2007-08-10,8.1,8.37,7.85,8.02,38230,31560472.0,6.42,-0.99,-0.08,3.35
2567,2007-08-13,8.05,8.44,7.9,8.1,54124,45138440.0,6.73,1.0,0.08,4.75
2568,2007-08-14,8.1,8.25,7.93,8.2,30922,25682130.0,3.95,1.23,0.1,2.71
2569,2007-08-15,8.19,8.24,7.77,7.99,37103,30094848.0,5.73,-2.56,-0.21,3.26
2570,2007-08-16,7.91,8.1,7.85,8.03,24416,19848850.0,3.13,0.5,0.04,2.14
2571,2007-08-17,7.95,8.13,7.94,7.95,21028,17194206.0,2.37,-1.0,-0.08,1.85
2572,2007-08-20,8.14,8.24,8.06,8.21,37712,31348536.0,2.26,3.27,0.26,3.31
2573,2007-08-21,8.23,8.35,8.16,8.21,37867,31759768.0,2.31,0.0,0.0,3.32
2574,2007-08-22,8.14,8.44,8.06,8.31,50126,42268652.0,4.63,1.22,0.1,4.4
2575,2007-08-23,8.35,8.41,8.19,8.3,35120,29617350.0,2.65,-0.12,-0.01,3.08
2576,2007-08-24,8.29,8.44,8.27,8.32,42679,36214216.0,2.05,0.24,0.02,3.75
2577,2007-08-27,8.36,8.75,8.13,8.74,84547,72793848.0,7.45,5.05,0.42,7.42
2578,2007-08-28,8.6,8.63,8.35,8.4,45293,39164272.0,3.2,-3.89,-0.34,3.97
2579,2007-08-29,8.25,8.35,7.97,8.03,39095,32375270.0,4.52,-4.4,-0.37,3.43
2580,2007-08-30,8.09,8.47,8.05,8.35,36221,30553478.0,5.23,3.99,0.32,3.18
2581,2007-08-31,8.41,8.63,8.41,8.45,46592,40333428.0,2.63,1.2,0.1,4.09
2582,2007-09-03,8.56,8.84,8.56,8.75,69907,62174608.0,3.31,3.55,0.3,6.13
2583,2007-09-04,8.85,9.1,8.73,8.79,69962,63459552.0,4.23,0.46,0.04,6.14
2584,2007-09-05,8.8,9.09,8.55,8.87,48152,43342608.0,6.14,0.91,0.08,4.23
2585,2007-09-06,8.95,9.08,8.86,8.95,52207,47636788.0,2.48,0.9,0.08,4.58
2586,2007-09-07,8.85,9.65,8.6,9.23,124001,115988048.0,11.73,3.13,0.28,10.88
2587,2007-09-10,9.13,10.17,8.98,10.17,168813,167246112.0,12.89,10.18,0.94,14.81
2588,2007-09-11,10.2,10.3,9.14,9.14,140610,140328576.0,11.41,-10.13,-1.03,12.34
2589,2007-09-12,9.09,9.31,8.35,8.85,82377,73710344.0,10.5,-3.17,-0.29,7.23
2590,2007-09-13,8.85,8.97,8.65,8.92,46472,41638984.0,3.62,0.79,0.07,4.08
2591,2007-09-14,8.93,9.2,8.7,9.12,52916,47890016.0,5.61,2.24,0.2,4.64
2592,2007-09-18,9.44,9.8,9.27,9.53,85607,83127160.0,5.81,4.5,0.41,7.51
2593,2007-09-19,9.51,9.52,9.05,9.1,48341,45283696.0,4.93,-4.51,-0.43,4.24
2594,2007-09-20,9.16,9.3,8.96,9.23,36508,33782396.0,3.74,1.43,0.13,3.2
2595,2007-09-21,9.27,9.3,8.81,9.04,37906,34834316.0,5.31,-2.06,-0.19,3.33
2596,2007-09-24,9.27,9.82,9.17,9.54,96151,93117632.0,7.19,5.53,0.5,8.44
2597,2007-09-25,9.53,9.54,9.1,9.22,41617,39149200.0,4.61,-3.35,-0.32,3.65
2598,2007-09-26,9.14,9.3,8.75,8.88,34337,31506734.0,5.97,-3.69,-0.34,3.01
2599,2007-09-27,8.95,9.05,8.78,8.92,24668,22224094.0,3.04,0.45,0.04,2.16
2600,2007-09-28,9.01,9.07,8.88,8.96,41049,37413496.0,2.13,0.45,0.04,3.6
2601,2007-10-08,9.05,9.12,8.45,8.47,50120,43958900.0,7.48,-5.47,-0.49,4.4
2602,2007-10-09,8.35,8.64,8.33,8.63,31740,27270338.0,3.66,1.89,0.16,2.79
2603,2007-10-10,8.65,8.65,8.42,8.5,33783,29152232.0,2.67,-1.51,-0.13,2.96
2604,2007-10-11,8.5,8.56,8.34,8.52,36920,31758656.0,2.59,0.24,0.02,3.24
2605,2007-10-12,8.52,8.59,7.65,8.0,53770,44081268.0,11.03,-6.1,-0.52,4.72
2606,2007-10-15,7.9,7.95,7.38,7.74,35243,27418130.0,7.13,-3.25,-0.26,3.09
2607,2007-10-16,7.74,7.84,7.51,7.79,24595,19234464.0,4.26,0.65,0.05,2.16
2608,2007-10-17,7.75,7.9,7.66,7.87,22001,17541280.0,3.08,1.03,0.08,1.93
2609,2007-10-18,7.86,7.86,7.47,7.48,23729,18577458.0,4.96,-4.96,-0.39,2.08
2610,2007-10-19,7.55,7.79,7.55,7.67,19187,15051620.0,3.21,2.54,0.19,1.68
2611,2007-10-22,7.66,7.66,7.35,7.35,12940,9853024.0,4.04,-4.17,-0.32,1.14
2612,2007-10-23,7.35,7.41,6.96,7.2,14832,10838624.0,6.12,-2.04,-0.15,1.3
2613,2007-10-24,7.22,7.36,7.21,7.27,18119,13449855.0,2.08,0.97,0.07,1.59
2614,2007-10-25,7.25,7.25,6.53,6.53,23203,15929290.0,9.9,-10.18,-0.74,2.04
2615,2007-10-26,6.63,6.7,6.43,6.58,13181,8864731.0,4.13,0.77,0.05,1.16
2616,2007-10-29,6.58,6.68,6.52,6.65,11930,8045121.0,2.43,1.06,0.07,1.05
2617,2007-10-30,6.66,6.92,6.66,6.87,11234,7791795.5,3.91,3.31,0.22,0.99
2618,2007-10-31,6.9,7.25,6.88,7.12,24300,17532372.0,5.39,3.64,0.25,2.13
2619,2007-11-01,7.12,7.15,6.96,6.96,15524,11077693.0,2.67,-2.25,-0.16,1.36
2620,2007-11-02,6.87,6.87,6.67,6.73,14644,10115456.0,2.87,-3.3,-0.23,1.29
2621,2007-11-05,6.58,6.98,6.58,6.94,13573,9520478.0,5.94,3.12,0.21,1.19
2622,2007-11-06,6.96,7.08,6.9,7.01,11414,8155709.0,2.59,1.01,0.07,1.0
2623,2007-11-07,7.02,7.03,6.73,6.83,8927,6254443.5,4.28,-2.57,-0.18,0.78
2624,2007-11-08,6.85,6.94,6.65,6.66,11234,7824996.0,4.25,-2.49,-0.17,0.99
2625,2007-11-09,6.66,6.77,6.62,6.7,8083,5520267.5,2.25,0.6,0.04,0.71
2626,2007-11-12,6.7,6.75,6.58,6.69,11452,7772833.5,2.54,-0.15,-0.01,1.0
2627,2007-11-13,6.71,6.95,6.71,6.85,16830,11738599.0,3.59,2.39,0.16,1.48
2628,2007-11-14,6.85,7.12,6.85,7.12,20376,14629629.0,3.94,3.94,0.27,1.79
2629,2007-11-15,7.13,7.2,7.03,7.16,25222,18316324.0,2.39,0.56,0.04,2.21
2630,2007-11-16,7.05,7.17,7.03,7.14,9638,6988371.5,1.96,-0.28,-0.02,0.85
2631,2007-11-19,7.16,7.5,7.16,7.45,28611,21522508.0,4.76,4.34,0.31,2.51
2632,2007-11-20,7.45,7.57,7.36,7.48,26396,20098308.0,2.82,0.4,0.03,2.32
2633,2007-11-21,7.47,7.5,7.31,7.31,15615,11734111.0,2.54,-2.27,-0.17,1.37
2634,2007-11-22,7.21,7.21,6.88,6.9,11922,8575094.0,4.51,-5.61,-0.41,1.05
2635,2007-11-23,6.85,7.13,6.84,7.13,7773,5556637.5,4.2,3.33,0.23,0.68
2636,2007-11-26,7.2,7.3,6.98,6.99,6852,5021344.0,4.49,-1.96,-0.14,0.6
2637,2007-11-27,6.93,7.15,6.9,7.0,5729,4130617.5,3.58,0.14,0.01,0.5
2638,2007-11-28,7.35,7.35,7.03,7.08,9950,7279508.0,4.57,1.14,0.08,0.87
2639,2007-11-29,7.08,7.24,7.08,7.21,8787,6440838.5,2.26,1.84,0.13,0.77
2640,2007-11-30,7.34,7.35,7.17,7.3,19484,14448239.0,2.5,1.25,0.09,1.71
2641,2007-12-03,7.33,7.5,7.23,7.4,22751,17187976.0,3.7,1.37,0.1,2.0
2642,2007-12-04,7.4,7.45,7.26,7.28,8413,6288562.5,2.57,-1.62,-0.12,0.74
2643,2007-12-05,7.27,7.33,7.21,7.33,11783,8756736.0,1.65,0.69,0.05,1.03
2644,2007-12-06,7.37,7.4,7.25,7.33,8928,6654060.5,2.05,0.0,0.0,0.78
2645,2007-12-07,7.33,7.54,7.31,7.51,18127,13778444.0,3.14,2.46,0.18,1.59
2646,2007-12-10,7.42,7.79,7.4,7.71,33103,25691068.0,5.19,2.66,0.2,2.9
2647,2007-12-11,7.8,7.88,7.61,7.78,60842,48236820.0,3.5,0.91,0.07,5.34
2648,2007-12-12,7.75,8.04,7.68,7.95,41045,33046924.0,4.63,2.19,0.17,3.6
2649,2007-12-13,8.08,8.28,7.73,7.8,63951,52696376.0,6.92,-1.89,-0.15,5.61
2650,2007-12-14,7.65,8.02,7.55,8.0,26724,21205798.0,6.03,2.56,0.2,2.35
2651,2007-12-17,8.01,8.25,8.0,8.05,34624,28747444.0,3.13,0.63,0.05,3.04
2652,2007-12-18,8.04,8.08,7.81,7.84,20868,16788556.0,3.35,-2.61,-0.21,1.83
2653,2007-12-19,7.9,8.08,7.9,8.05,18977,15436588.0,2.3,2.68,0.21,1.67
2654,2007-12-20,8.13,8.26,8.11,8.21,39693,33156364.0,1.86,1.99,0.16,3.48
2655,2007-12-21,8.14,8.35,8.11,8.23,21394,17925386.0,2.92,0.24,0.02,1.88
2656,2007-12-24,8.25,8.39,8.21,8.28,32136,27208210.0,2.19,0.61,0.05,2.82
2657,2007-12-25,8.25,8.31,8.18,8.24,19797,16590921.0,1.57,-0.48,-0.04,1.74
2658,2007-12-26,8.3,8.48,8.23,8.48,33538,28649480.0,3.03,2.91,0.24,2.89
2659,2007-12-27,8.51,8.57,8.35,8.41,28200,24327988.0,2.59,-0.83,-0.07,2.43
2660,2007-12-28,8.43,8.54,8.36,8.53,30548,26277532.0,2.14,1.43,0.12,2.63
2661,2008-01-02,8.6,9.07,8.55,8.95,59087,53435152.0,6.1,4.92,0.42,5.09
2662,2008-01-03,8.9,9.2,8.83,9.09,41509,38291168.0,4.13,1.56,0.14,3.58
2663,2008-01-04,9.13,9.13,8.8,8.97,29793,27113388.0,3.63,-1.32,-0.12,2.57
2664,2008-01-07,8.94,9.1,8.81,9.02,31530,28843072.0,3.23,0.56,0.05,2.72
2665,2008-01-08,9.03,9.11,8.63,8.75,37478,33938800.0,5.32,-2.99,-0.27,3.23
2666,2008-01-09,8.7,9.01,8.65,8.97,23793,21361516.0,4.11,2.51,0.22,2.05
2667,2008-01-10,8.98,9.22,8.93,9.04,35612,32947002.0,3.23,0.78,0.07,3.07
2668,2008-01-11,9.01,9.08,8.75,8.92,20716,18780788.0,3.65,-1.33,-0.12,1.78
2669,2008-01-14,8.91,9.24,8.9,9.18,35055,32557254.0,3.81,2.91,0.26,3.02
2670,2008-01-15,9.2,9.3,9.1,9.25,28288,26488916.0,2.18,0.76,0.07,2.44
2671,2008-01-16,9.2,9.5,8.85,9.2,36807,34694212.0,7.03,-0.54,-0.05,3.17
2672,2008-01-17,9.2,9.41,8.55,8.85,45728,41740404.0,9.35,-3.8,-0.35,3.94
2673,2008-01-18,8.85,9.01,8.77,9.0,24138,21875490.0,2.71,1.69,0.15,2.08
2674,2008-01-21,9.06,9.13,8.75,8.99,32828,29883122.0,4.22,-0.11,-0.01,2.83
2675,2008-01-22,8.8,8.8,8.08,8.08,31555,26340924.0,8.01,-10.12,-0.91,2.72
2676,2008-01-23,7.85,8.59,7.84,8.53,50794,43122336.0,9.28,5.57,0.45,4.37
2677,2008-01-24,8.5,8.99,8.49,8.95,57218,51065812.0,5.86,4.92,0.42,4.93
2678,2008-01-25,8.85,9.0,8.67,8.75,28314,25535546.0,3.69,-2.23,-0.2,2.44
2679,2008-01-28,8.62,8.62,7.93,8.0,24735,20776130.0,7.89,-8.57,-0.75,2.13
2680,2008-01-29,8.13,8.73,8.01,8.55,29313,25353388.0,9.0,6.88,0.55,2.52
2681,2008-01-30,8.57,8.73,8.23,8.45,16637,14420215.0,5.85,-1.17,-0.1,1.43
2682,2008-01-31,8.35,8.54,8.06,8.1,12378,10481174.0,5.68,-4.14,-0.35,1.07
2683,2008-02-01,8.2,8.25,7.3,7.59,20862,16362546.0,11.73,-6.3,-0.51,1.8
2684,2008-02-04,7.84,8.23,7.8,8.23,16638,13673756.0,5.67,8.43,0.64,1.43
2685,2008-02-05,8.13,8.41,7.97,8.31,14227,11924499.0,5.35,0.97,0.08,1.23
2686,2008-02-13,8.37,8.58,8.12,8.34,15878,13512829.0,5.54,0.36,0.03,1.37
2687,2008-02-14,8.35,8.63,8.35,8.45,11880,10274013.0,3.36,1.32,0.11,1.02
2688,2008-02-15,8.39,8.53,8.16,8.51,13783,11722792.0,4.38,0.71,0.06,1.19
2689,2008-02-18,8.51,8.73,8.51,8.64,20332,17876894.0,2.59,1.53,0.13,1.75
2690,2008-02-19,8.58,9.04,8.57,8.9,36212,32775358.0,5.44,3.01,0.26,3.12
2691,2008-02-20,8.86,9.02,8.76,8.82,27319,24642044.0,2.92,-0.9,-0.08,2.35
2692,2008-02-21,8.85,8.97,8.7,8.9,24249,21885518.0,3.06,0.91,0.08,2.09
2693,2008-02-22,8.8,8.92,8.45,8.55,20520,18055628.0,5.28,-3.93,-0.35,1.77
2694,2008-02-25,8.6,9.03,8.49,8.7,40848,36663176.0,6.32,1.75,0.15,3.52
2695,2008-02-26,8.85,8.94,8.35,8.63,22111,19500474.0,6.78,-0.8,-0.07,1.9
2696,2008-02-27,8.62,8.89,8.6,8.85,15828,14165090.0,3.36,2.55,0.22,1.36
2697,2008-02-28,8.89,9.1,8.76,8.94,38085,34722560.0,3.84,1.02,0.09,3.28
2698,2008-02-29,8.85,9.25,8.8,9.12,48354,44808988.0,5.03,2.01,0.18,4.16
2699,2008-03-03,9.1,9.4,9.01,9.35,49845,46936624.0,4.28,2.52,0.23,4.29
2700,2008-03-04,9.34,9.4,9.15,9.15,37602,35400720.0,2.67,-2.14,-0.2,3.24
2701,2008-03-05,9.15,9.29,8.91,9.09,31225,28726068.0,4.15,-0.66,-0.06,2.69
2702,2008-03-06,9.11,9.5,9.11,9.44,55376,52763124.0,4.29,3.85,0.35,4.77
2703,2008-03-07,9.43,9.6,9.1,9.17,38933,36994440.0,5.3,-2.86,-0.27,3.35
2704,2008-03-10,9.13,9.13,8.75,8.75,26532,24079472.0,4.14,-4.58,-0.42,2.29
2705,2008-03-11,8.72,8.92,8.51,8.9,20284,18003620.0,4.69,1.71,0.15,1.75
2706,2008-03-12,8.98,9.1,8.65,8.69,17782,16011818.0,5.06,-2.36,-0.21,1.29
2707,2008-03-13,8.56,8.78,8.14,8.34,22129,19112200.0,7.36,-4.03,-0.35,1.6
2708,2008-03-14,8.35,8.52,8.27,8.43,11418,9783750.0,3.0,1.08,0.09,0.83
2709,2008-03-17,8.43,8.5,7.73,7.76,20682,16896814.0,9.13,-7.95,-0.67,1.5
2710,2008-03-18,7.74,7.85,6.97,7.18,18052,13574749.0,11.34,-7.47,-0.58,1.31
2711,2008-03-19,7.35,7.7,7.23,7.54,14817,11300520.0,6.55,5.01,0.36,1.07
2712,2008-03-20,7.45,8.16,7.15,7.97,26790,21169878.0,13.4,5.7,0.43,1.94
2713,2008-03-21,7.94,8.29,7.85,8.1,21530,17805678.0,5.52,1.63,0.13,1.56
2714,2008-03-24,8.15,8.25,7.85,7.85,13069,10768476.0,4.94,-3.09,-0.25,0.95
2715,2008-03-25,7.74,8.1,7.65,8.06,12163,9837190.0,5.73,2.68,0.21,0.88
2716,2008-03-26,8.05,8.47,8.03,8.13,15262,12806220.0,5.46,0.87,0.07,1.1
2717,2008-03-27,8.01,8.2,7.7,7.75,16112,13007722.0,6.15,-4.67,-0.38,1.17
2718,2008-03-28,7.85,8.07,7.36,8.03,13293,10620562.0,9.16,3.61,0.28,0.96
2719,2008-03-31,7.74,8.0,7.59,7.59,8751,6920766.0,5.11,-5.48,-0.44,0.63
2720,2008-04-01,7.58,7.74,6.82,6.87,17328,12533822.0,12.12,-9.49,-0.72,1.25
2721,2008-04-02,6.97,7.09,6.35,6.43,12493,8585090.0,10.77,-6.4,-0.44,0.9
2722,2008-04-03,6.43,6.71,6.26,6.62,9677,6431706.5,7.0,2.95,0.19,0.7
2723,2008-04-07,6.55,7.1,6.4,6.99,11450,8010084.5,10.57,5.59,0.37,0.83
2724,2008-04-08,6.95,7.23,6.95,7.07,11606,8415494.0,4.01,1.14,0.08,0.84
2725,2008-04-09,7.04,7.33,6.73,6.75,10912,7834580.0,8.49,-4.53,-0.32,0.79
2726,2008-04-10,6.75,6.95,6.63,6.95,8485,5911387.5,4.74,2.96,0.2,0.61
2727,2008-04-11,7.0,7.18,6.98,7.1,8194,5927175.5,2.88,2.16,0.15,0.59
2728,2008-04-14,6.95,6.95,6.56,6.6,7685,5311947.0,5.49,-7.04,-0.5,0.56
2729,2008-04-15,6.61,6.93,6.47,6.89,8017,5464421.5,6.97,4.39,0.29,0.58
2730,2008-04-16,6.75,6.83,6.4,6.5,12506,8378870.0,6.24,-5.66,-0.39,0.9
2731,2008-04-17,6.41,6.61,6.06,6.1,11304,7322559.5,8.46,-6.15,-0.4,0.82
2732,2008-04-18,6.0,6.2,5.75,5.77,10226,6261083.5,7.38,-5.41,-0.33,0.74
2733,2008-04-21,6.24,6.32,5.8,5.84,12358,7579042.5,9.01,1.21,0.07,0.89
2734,2008-04-22,5.75,5.75,5.25,5.54,15546,8692042.0,8.56,-5.14,-0.3,1.12
2735,2008-04-23,5.5,5.87,5.35,5.82,16652,9677655.0,9.39,5.05,0.28,1.2
2736,2008-04-24,6.35,6.42,6.08,6.41,37508,24247696.0,5.84,10.14,0.59,2.71
2737,2008-04-25,6.28,6.6,6.23,6.4,29803,19601066.0,5.77,-0.16,-0.01,2.16
2738,2008-04-28,6.35,6.6,6.2,6.54,17901,11853410.0,6.25,2.19,0.14,1.3
2739,2008-04-29,6.54,6.64,6.45,6.59,15007,10027347.0,2.91,0.76,0.05,1.09
2740,2008-04-30,6.61,7.0,6.53,6.99,42279,29272328.0,7.13,6.07,0.4,3.06
2741,2008-05-05,7.08,7.18,6.85,7.1,41936,30033436.0,4.72,1.57,0.11,3.03
2742,2008-05-06,7.05,7.05,6.85,6.93,26925,19125398.0,2.82,-2.39,-0.17,1.95
2743,2008-05-07,6.89,6.97,6.45,6.51,20311,14020757.0,7.5,-6.06,-0.42,1.47
2744,2008-05-08,6.35,6.75,6.35,6.75,16456,11034555.0,6.14,3.69,0.24,1.19
2745,2008-05-09,6.79,6.8,6.44,6.57,19781,13336585.0,5.33,-2.67,-0.18,1.43
2746,2008-05-12,6.49,6.73,6.35,6.67,11692,7819214.5,5.78,1.52,0.1,0.85
2747,2008-05-13,6.4,7.11,6.25,7.01,48256,33249908.0,12.89,5.1,0.34,3.49
2748,2008-05-14,7.05,7.23,6.81,7.05,46193,32937368.0,5.99,0.57,0.04,3.34
2749,2008-05-16,6.85,6.99,6.63,6.76,17920,12461794.0,5.11,-4.11,-0.29,1.3
2750,2008-05-19,6.75,6.91,6.65,6.76,9218,6345266.0,3.85,0.0,0.0,0.67
2751,2008-05-20,6.7,6.79,6.07,6.16,12278,8166244.5,10.65,-8.88,-0.6,0.89
2752,2008-05-21,6.16,6.33,5.87,6.25,15864,9799682.0,7.47,1.46,0.09,1.15
2753,2008-05-22,6.16,6.37,6.12,6.17,13609,8707976.0,4.0,-1.28,-0.08,0.98
2754,2008-05-23,6.17,6.29,5.96,6.16,8856,5577588.0,5.35,-0.16,-0.01,0.64
2755,2008-05-26,6.07,6.17,5.96,6.01,5973,3694848.25,3.41,-2.44,-0.15,0.43
2756,2008-05-27,5.95,6.09,5.95,6.01,5212,3204984.25,2.33,0.0,0.0,0.38
2757,2008-05-28,5.99,6.23,5.97,6.18,7490,4696297.5,4.33,2.83,0.17,0.54
2758,2008-05-29,6.18,6.24,6.03,6.04,9216,5816891.0,3.4,-2.27,-0.14,0.67
2759,2008-05-30,6.1,6.37,6.1,6.3,17245,10998497.0,4.47,4.3,0.26,1.25
2760,2008-06-02,6.28,6.45,6.11,6.45,21799,14055294.0,5.4,2.38,0.15,1.58
2761,2008-06-03,6.48,6.69,6.39,6.55,39145,26241718.0,4.65,1.55,0.1,2.83
2762,2008-06-04,6.54,6.54,6.16,6.27,15688,10053640.0,5.8,-4.27,-0.28,1.14
2763,2008-06-05,6.25,6.28,6.11,6.18,7721,4885293.5,2.71,-1.44,-0.09,0.56
2764,2008-06-06,6.18,6.25,6.12,6.22,5463,3464153.0,2.1,0.65,0.04,0.4
2765,2008-06-10,5.98,6.03,5.58,5.58,11142,6569095.0,7.23,-10.29,-0.64,0.81
2766,2008-06-11,5.5,5.58,5.32,5.43,8275,4613941.5,4.66,-2.69,-0.15,0.6
2767,2008-06-12,5.4,5.53,5.27,5.4,8355,4621490.0,4.79,-0.55,-0.03,0.6
2768,2008-06-13,5.45,5.49,4.96,5.01,6815,3667905.0,9.81,-7.22,-0.39,0.49
2769,2008-06-16,4.96,5.11,4.81,4.91,7489,3843083.25,5.99,-2.0,-0.1,0.54
2770,2008-06-17,4.95,5.02,4.81,4.81,16196,8204332.5,4.28,-2.04,-0.1,1.17
2771,2008-06-18,4.78,5.14,4.65,5.13,14360,7317223.0,10.19,6.65,0.32,1.04
2772,2008-06-19,5.14,5.41,4.6,4.6,25259,13013202.0,15.79,-10.33,-0.53,1.83
2773,2008-06-20,4.6,4.94,4.46,4.76,12987,6323880.5,10.43,3.48,0.16,0.94
2774,2008-06-23,4.75,4.82,4.61,4.63,6666,3245491.75,4.41,-2.73,-0.13,0.48
2775,2008-06-24,4.6,4.89,4.6,4.85,10952,5408965.5,6.26,4.75,0.22,0.79
2776,2008-06-25,4.85,5.21,4.8,5.13,16121,8424495.0,8.45,5.77,0.28,1.17
2777,2008-06-26,5.19,5.27,5.03,5.13,15052,7970009.5,4.68,0.0,0.0,1.09
2778,2008-06-27,4.99,4.99,4.63,4.7,11916,5872589.0,7.02,-8.38,-0.43,0.86
2779,2008-06-30,4.75,5.03,4.65,5.01,17117,8685000.0,8.09,6.6,0.31,1.24
2780,2008-07-01,4.95,5.21,4.78,5.08,20061,10396062.0,8.58,1.4,0.07,1.45
2781,2008-07-02,5.04,5.19,4.98,5.07,16156,8441583.0,4.13,-0.2,-0.01,1.17
2782,2008-07-03,4.93,5.28,4.85,5.21,20633,10942377.0,8.48,2.76,0.14,1.49
2783,2008-07-04,5.15,5.75,5.1,5.75,62669,35969740.0,12.48,10.36,0.54,4.53
2784,2008-07-07,5.89,6.34,5.89,6.34,36251,23182016.0,7.83,10.26,0.59,2.62
2785,2008-07-08,6.81,6.99,6.33,6.83,171512,116464720.0,10.41,7.73,0.49,12.41
2786,2008-07-09,6.83,6.99,6.52,6.65,114544,78858464.0,6.88,-2.64,-0.18,8.29
2787,2008-07-10,6.58,7.34,6.55,6.96,177834,129719744.0,11.88,4.66,0.31,12.87
2788,2008-07-11,6.69,6.86,6.26,6.49,110802,73011512.0,8.62,-6.75,-0.47,8.02
2789,2008-07-14,6.48,6.68,6.24,6.56,54635,36213484.0,6.78,1.08,0.07,3.95
2790,2008-07-15,6.48,7.08,6.26,6.77,99000,67429128.0,12.5,3.2,0.21,7.16
2791,2008-07-16,6.48,6.75,6.08,6.08,62734,40385132.0,9.9,-10.19,-0.69,4.54
2792,2008-07-17,6.13,6.27,5.79,5.82,37198,22864144.0,7.89,-4.28,-0.26,2.69
2793,2008-07-18,5.84,6.19,5.72,6.11,36805,22326200.0,8.08,4.98,0.29,2.66
2794,2008-07-21,5.94,6.46,5.93,6.35,45360,29129260.0,8.67,3.93,0.24,3.28
2795,2008-07-22,6.33,6.73,6.26,6.48,54493,36533344.0,7.4,2.05,0.13,3.94
2796,2008-07-23,6.48,6.73,6.33,6.38,40179,26541174.0,6.17,-1.54,-0.1,2.91
2797,2008-07-24,6.44,6.52,6.28,6.48,33421,21935442.0,3.76,1.57,0.1,2.42
2798,2008-07-25,6.46,6.63,6.26,6.51,34274,22644114.0,5.71,0.46,0.03,2.48
2799,2008-07-28,6.54,6.62,6.39,6.44,29421,19417676.0,3.53,-1.08,-0.07,2.13
2800,2008-07-29,6.38,6.38,6.13,6.18,24239,15349452.0,3.88,-4.04,-0.26,1.75
2801,2008-07-30,6.24,6.31,6.01,6.1,19267,12034170.0,4.85,-1.29,-0.08,1.39
2802,2008-07-31,6.1,6.15,5.82,5.83,16701,10138119.0,5.41,-4.43,-0.27,1.21
2803,2008-08-01,5.78,6.43,5.74,6.43,59420,37837616.0,11.84,10.29,0.6,4.3
2804,2008-08-04,6.42,6.97,6.41,6.82,137726,95108904.0,8.71,6.07,0.39,9.97
2805,2008-08-05,6.67,6.74,6.13,6.18,60513,39621364.0,8.94,-9.38,-0.64,4.38
2806,2008-08-06,6.21,6.6,6.16,6.38,53199,34761592.0,7.12,3.24,0.2,3.85
2807,2008-08-07,6.33,6.83,6.1,6.72,67044,44182336.0,11.44,5.33,0.34,4.85
2808,2008-08-08,6.68,6.98,6.08,6.1,80038,53542752.0,13.39,-9.23,-0.62,5.79
2809,2008-08-11,5.98,5.98,5.48,5.48,14799,8374475.0,8.2,-10.16,-0.62,1.07
2810,2008-08-12,4.92,5.27,4.92,4.92,46435,23572566.0,6.39,-10.22,-0.56,3.36
2811,2008-08-13,4.83,4.85,4.42,4.7,48000,22413332.0,8.74,-4.47,-0.22,3.47
2812,2008-08-14,4.58,4.77,4.44,4.54,28320,13314685.0,7.02,-3.4,-0.16,2.05
2813,2008-08-15,4.52,4.79,4.48,4.61,30135,14405156.0,6.83,1.54,0.07,2.18
2814,2008-08-18,4.62,4.66,4.14,4.14,30668,13668421.0,11.28,-10.2,-0.47,2.22
2815,2008-08-19,3.99,4.26,3.96,4.17,24400,10398766.0,7.25,0.72,0.03,1.77
2816,2008-08-20,4.11,4.59,4.04,4.53,45919,20706122.0,13.19,8.63,0.36,3.32
2817,2008-08-21,4.42,4.52,4.13,4.13,32969,14575320.0,8.61,-8.83,-0.4,2.39
2818,2008-08-22,4.07,4.37,3.87,4.24,42696,18036586.0,12.11,2.66,0.11,3.09
2819,2008-08-25,4.13,4.33,4.03,4.09,22628,9660840.0,7.08,-3.54,-0.15,1.64
2820,2008-08-26,4.0,4.09,3.81,3.83,23629,9576381.0,6.85,-6.36,-0.26,1.71
2821,2008-08-27,3.83,3.96,3.72,3.86,18661,7430927.5,6.27,0.78,0.03,1.35
2822,2008-08-28,3.89,4.15,3.88,4.08,40199,16746364.0,6.99,5.7,0.22,2.91
2823,2008-08-29,4.05,4.21,3.97,4.08,29054,12225369.0,5.88,0.0,0.0,2.1
2824,2008-09-01,4.05,4.22,3.98,4.17,33015,13956969.0,5.88,2.21,0.09,2.39
2825,2008-09-02,4.09,4.31,4.05,4.18,26069,11205745.0,6.24,0.24,0.01,1.89
2826,2008-09-03,4.16,4.33,4.11,4.27,31267,13610827.0,5.26,2.15,0.09,2.26
2827,2008-09-04,4.27,4.3,4.2,4.23,16400,7165309.0,2.34,-0.94,-0.04,1.19
2828,2008-09-05,4.06,4.08,3.85,3.88,27458,11183518.0,5.44,-8.27,-0.35,1.99
2829,2008-09-08,3.84,3.96,3.69,3.69,21215,8287321.0,6.96,-4.9,-0.19,1.54
2830,2008-09-09,3.69,3.82,3.69,3.82,10260,3975838.25,3.52,3.52,0.13,0.74
2831,2008-09-10,3.84,4.08,3.74,4.04,29647,12268703.0,8.9,5.76,0.22,2.15
2832,2008-09-11,3.98,4.07,3.93,3.98,18524,7628587.0,3.47,-1.49,-0.06,1.34
2833,2008-09-12,3.96,4.04,3.91,3.94,11546,4744847.5,3.27,-1.01,-0.04,0.84
2834,2008-10-16,3.94,3.98,3.53,3.53,23960,8895781.0,11.42,-10.41,-0.41,1.73
2835,2008-10-17,3.27,3.38,3.17,3.2,34296,11541719.0,5.95,-9.35,-0.33,2.48
2836,2008-10-20,3.17,3.26,3.02,3.21,24428,7927945.5,7.5,0.31,0.01,1.77
2837,2008-10-21,3.18,3.26,3.14,3.15,21000,6980579.5,3.74,-1.87,-0.06,1.52
2838,2008-10-22,3.08,3.15,3.03,3.03,15487,4961679.0,3.81,-3.81,-0.12,1.12
2839,2008-10-23,2.97,3.31,2.93,3.2,35976,11936457.0,12.54,5.61,0.17,2.6
2840,2008-10-24,3.1,3.2,2.99,3.03,18204,5826390.5,6.56,-5.31,-0.17,1.32
2841,2008-10-27,2.95,2.95,2.72,2.72,20671,6094499.5,7.59,-10.23,-0.31,1.5
2842,2008-10-28,2.66,2.81,2.6,2.74,13796,3916247.25,7.72,0.74,0.02,1.0
2843,2008-10-29,2.78,2.81,2.63,2.63,9271,2650340.75,6.57,-4.01,-0.11,0.67
2844,2008-10-30,2.65,2.74,2.54,2.62,15180,4202791.5,7.6,-0.38,-0.01,1.1
2845,2008-10-31,2.64,2.68,2.53,2.56,9409,2558290.75,5.73,-2.29,-0.06,0.68
2846,2008-11-03,2.56,2.57,2.3,2.54,16063,4211331.0,10.55,-0.78,-0.02,1.16
2847,2008-11-04,2.54,2.54,2.32,2.42,18682,4738042.0,8.66,-4.72,-0.12,1.35
2848,2008-11-05,2.43,2.53,2.42,2.48,23149,6049516.5,4.55,2.48,0.06,1.68
2849,2008-11-06,2.45,2.45,2.34,2.43,12766,3223699.25,4.44,-2.02,-0.05,0.92
2850,2008-11-07,2.31,2.53,2.31,2.48,16186,4156390.5,9.05,2.06,0.05,1.17
2851,2008-11-10,2.52,2.73,2.5,2.69,31560,8656255.0,9.27,8.47,0.21,2.28
2852,2008-11-11,2.67,2.86,2.63,2.78,49546,14212966.0,8.55,3.35,0.09,3.59
2853,2008-11-12,2.8,2.89,2.68,2.83,55309,16124586.0,7.55,1.8,0.05,4.0
2854,2008-11-13,2.76,2.98,2.73,2.94,53429,16108551.0,8.83,3.89,0.11,3.87
2855,2008-11-14,2.94,3.07,2.87,3.05,59678,18380388.0,6.8,3.74,0.11,4.32
2856,2008-11-17,3.05,3.22,3.01,3.21,51358,16711015.0,6.89,5.25,0.16,3.72
2857,2008-11-18,3.18,3.28,2.88,2.88,50538,16028694.0,12.46,-10.28,-0.33,3.66
2858,2008-11-19,2.85,3.09,2.73,3.07,43068,13285392.0,12.5,6.6,0.19,3.12
2859,2008-11-20,3.38,3.39,3.1,3.39,88734,30272602.0,9.45,10.42,0.32,6.42
2860,2008-11-21,3.33,3.57,3.19,3.29,104566,36645320.0,11.21,-2.95,-0.1,7.57
2861,2008-11-24,3.26,3.27,2.99,3.02,50331,16256983.0,8.51,-8.21,-0.27,3.64
2862,2008-11-25,3.06,3.1,2.89,2.97,25190,7840178.5,6.95,-1.66,-0.05,1.82
2863,2008-11-26,2.98,3.04,2.93,2.98,14823,4601828.5,3.7,0.34,0.01,1.07
2864,2008-11-27,3.21,3.22,3.0,3.01,32641,10525598.0,7.38,1.01,0.03,2.36
2865,2008-11-28,3.0,3.04,2.9,2.95,25219,7777210.5,4.65,-1.99,-0.06,1.82
2866,2008-12-01,2.94,3.19,2.87,3.16,37767,11988436.0,10.85,7.12,0.21,2.72
2867,2008-12-02,3.1,3.36,3.08,3.26,70721,23774714.0,8.86,3.16,0.1,5.1
2868,2008-12-03,3.24,3.39,3.2,3.38,58631,20102096.0,5.83,3.68,0.12,4.23
2869,2008-12-04,3.4,3.45,3.28,3.3,63971,22396912.0,5.03,-2.37,-0.08,4.61
2870,2008-12-05,3.3,3.4,3.28,3.39,32822,11380440.0,3.64,2.73,0.09,2.37
2871,2008-12-08,3.44,3.62,3.41,3.6,59869,21722412.0,6.19,6.19,0.21,4.32
2872,2008-12-09,3.58,3.67,3.42,3.46,46842,17126324.0,6.94,-3.89,-0.14,3.38
2873,2008-12-10,3.45,3.62,3.44,3.62,37319,13668125.0,5.2,4.62,0.16,2.69
2874,2008-12-11,3.59,3.73,3.44,3.62,66957,24853150.0,8.01,0.0,0.0,4.83
2875,2008-12-12,3.5,3.6,3.32,3.43,35444,12736636.0,7.73,-5.25,-0.19,2.55
2876,2008-12-15,3.49,3.59,3.39,3.58,29903,10823120.0,5.83,4.37,0.15,2.16
2877,2008-12-16,3.59,3.84,3.58,3.7,82486,31515262.0,7.26,3.35,0.12,5.95
2878,2008-12-17,3.71,3.74,3.56,3.7,56861,21504078.0,4.86,0.0,0.0,4.1
2879,2008-12-18,3.68,3.95,3.64,3.92,78762,30885008.0,8.38,5.95,0.22,5.68
2880,2008-12-19,3.88,4.15,3.82,3.91,111349,45742124.0,8.42,-0.26,-0.01,8.03
2881,2008-12-22,3.91,4.08,3.86,3.98,65788,26746014.0,5.63,1.79,0.07,4.74
2882,2008-12-23,4.02,4.02,3.57,3.57,62863,24462020.0,11.31,-10.3,-0.41,4.53
2883,2008-12-24,3.49,3.6,3.36,3.42,36324,12942320.0,6.72,-4.2,-0.15,2.62
2884,2008-12-25,3.46,3.5,3.28,3.4,23525,8270920.0,6.43,-0.58,-0.02,1.7
2885,2008-12-26,3.35,3.47,3.32,3.35,20463,7173075.5,4.41,-1.47,-0.05,1.47
2886,2008-12-29,3.35,3.36,3.1,3.23,25620,8511956.0,7.76,-3.58,-0.12,1.85
2887,2008-12-30,3.22,3.29,3.18,3.2,16232,5453111.5,3.41,-0.93,-0.03,1.17
2888,2008-12-31,3.31,3.31,3.14,3.14,19703,6580472.5,5.31,-1.88,-0.06,1.42
2889,2009-01-05,3.19,3.27,3.18,3.26,14098,4726948.0,2.87,3.82,0.12,1.02
2890,2009-01-06,3.24,3.43,3.13,3.4,25925,9009819.0,9.2,4.29,0.14,1.87
2891,2009-01-07,3.36,3.59,3.36,3.58,43366,15600039.0,6.76,5.29,0.18,3.13
2892,2009-01-08,3.48,3.6,3.44,3.54,37198,13532180.0,4.47,-1.12,-0.04,2.68
2893,2009-01-09,3.56,3.63,3.55,3.61,25851,9587410.0,2.26,1.98,0.07,1.86
2894,2009-01-12,3.61,3.66,3.56,3.58,28385,10587440.0,2.77,-0.83,-0.03,2.05
2895,2009-01-13,3.58,3.68,3.44,3.44,44639,16489537.0,6.7,-3.91,-0.14,3.22
2896,2009-01-14,3.42,3.6,3.41,3.59,25017,9095605.0,5.52,4.36,0.15,1.8
2897,2009-01-15,3.56,3.72,3.54,3.63,43003,16220772.0,5.01,1.11,0.04,3.1
2898,2009-01-16,3.85,4.01,3.78,4.01,127275,52423960.0,6.34,10.47,0.38,9.17
2899,2009-01-19,4.04,4.05,3.78,3.87,84585,33957024.0,6.73,-3.49,-0.14,6.1
2900,2009-01-20,3.81,3.85,3.72,3.8,36485,14205534.0,3.36,-1.81,-0.07,2.63
2901,2009-01-21,3.73,3.81,3.68,3.74,31945,12389086.0,3.42,-1.58,-0.06,2.3
2902,2009-01-22,3.79,3.81,3.72,3.79,28001,10884503.0,2.41,1.34,0.05,2.02
2903,2009-01-23,3.81,3.81,3.73,3.74,22850,8885876.0,2.11,-1.32,-0.05,1.65
2904,2009-02-02,3.78,3.87,3.7,3.85,33449,13117464.0,4.55,2.94,0.11,2.41
2905,2009-02-03,3.84,4.13,3.79,4.05,70178,28728346.0,8.83,5.19,0.2,5.06
2906,2009-02-04,4.03,4.23,4.0,4.21,86002,36348864.0,5.68,3.95,0.16,6.2
2907,2009-02-05,4.15,4.33,4.08,4.15,90741,39211032.0,5.94,-1.43,-0.06,6.54
2908,2009-02-06,4.14,4.45,4.09,4.37,129515,56949396.0,8.67,5.3,0.22,9.33
2909,2009-02-09,4.38,4.75,4.25,4.61,124819,57664860.0,11.44,5.49,0.24,9.0
2910,2009-02-10,4.57,5.03,4.47,4.9,95730,46666196.0,12.15,6.29,0.29,6.9
2911,2009-02-11,4.78,5.08,4.68,4.77,98671,49513184.0,8.16,-2.65,-0.13,7.11
2912,2009-02-12,4.77,4.86,4.6,4.74,45758,22051084.0,5.45,-0.63,-0.03,3.3
2913,2009-02-13,4.8,4.98,4.71,4.97,55099,27518216.0,5.7,4.85,0.23,3.97
2914,2009-02-16,5.04,5.11,4.83,5.11,69172,35234892.0,5.63,2.82,0.14,4.99
2915,2009-02-17,5.63,5.63,5.5,5.59,145610,83616760.0,2.54,9.39,0.48,10.49
2916,2009-02-18,5.33,5.59,5.09,5.11,119208,64974276.0,8.94,-8.59,-0.48,8.59
2917,2009-02-19,5.22,5.35,4.85,5.02,77159,39412084.0,9.78,-1.76,-0.09,5.56
2918,2009-02-20,4.96,5.08,4.9,5.08,62665,32178072.0,3.59,1.2,0.06,4.52
2919,2009-02-23,5.08,5.25,4.93,5.22,59771,31237782.0,6.3,2.76,0.14,4.31
2920,2009-02-24,5.11,5.18,4.83,4.87,72649,37153660.0,6.7,-6.7,-0.35,5.24
2921,2009-02-25,4.9,4.97,4.68,4.82,44122,21632540.0,5.95,-1.03,-0.05,3.18
2922,2009-02-26,4.81,4.97,4.35,4.41,42560,20638890.0,12.86,-8.51,-0.41,3.07
2923,2009-02-27,4.41,4.42,3.98,4.09,34668,14681228.0,9.98,-7.26,-0.32,2.5
2924,2009-03-02,4.06,4.22,4.0,4.17,23880,10166586.0,5.38,1.96,0.08,1.72
2925,2009-03-03,4.06,4.55,3.97,4.39,44841,19980656.0,13.91,5.28,0.22,3.23
2926,2009-03-04,4.42,4.84,4.4,4.84,91943,44627164.0,10.02,10.25,0.45,6.63
2927,2009-03-05,5.02,5.02,4.63,4.8,101520,49862836.0,8.06,-0.83,-0.04,7.32
2928,2009-03-06,4.68,4.98,4.59,4.86,72732,36065500.0,8.13,1.25,0.06,5.24
2929,2009-03-09,4.89,4.91,4.65,4.76,46256,22465098.0,5.35,-2.06,-0.1,3.33
2930,2009-03-10,4.72,5.24,4.64,5.19,115934,59512200.0,12.61,9.03,0.43,8.36
2931,2009-03-11,5.33,5.33,4.95,5.0,98429,50955996.0,7.32,-3.66,-0.19,7.09
2932,2009-03-12,4.96,5.07,4.84,5.0,62611,31737658.0,4.6,0.0,0.0,4.51
2933,2009-03-13,4.98,5.04,4.89,4.97,51761,26304706.0,3.0,-0.6,-0.03,3.73
2934,2009-03-16,4.92,5.0,4.72,4.94,47994,23900950.0,5.63,-0.6,-0.03,3.46
2935,2009-03-17,4.94,5.03,4.76,4.99,72782,36783796.0,5.47,1.01,0.05,5.25
2936,2009-03-18,5.04,5.17,4.98,5.05,96691,50360224.0,3.81,1.2,0.06,6.97
2937,2009-03-19,5.04,5.2,5.03,5.15,67531,35466372.0,3.37,1.98,0.1,4.87
2938,2009-03-20,5.13,5.46,5.09,5.32,141419,76961664.0,7.18,3.3,0.17,10.19
2939,2009-03-23,5.41,5.58,5.26,5.42,143103,79359432.0,6.02,1.88,0.1,10.31
2940,2009-03-24,5.42,5.44,5.28,5.36,68616,37582952.0,2.95,-1.11,-0.06,4.95
2941,2009-03-25,5.32,5.57,5.29,5.31,72102,40207632.0,5.22,-0.93,-0.05,5.2
2942,2009-03-26,5.24,5.39,5.1,5.39,54861,29605352.0,5.46,1.51,0.08,3.95
2943,2009-03-27,5.36,5.38,5.18,5.33,52968,28619346.0,3.71,-1.11,-0.06,3.82
2944,2009-03-30,5.32,5.32,5.19,5.23,39591,21198336.0,2.44,-1.88,-0.1,2.85
2945,2009-03-31,5.08,5.21,5.03,5.21,30937,16230652.0,3.44,-0.38,-0.02,2.23
2946,2009-04-01,5.22,5.32,5.21,5.27,42180,22747464.0,2.11,1.15,0.06,3.04
2947,2009-04-02,5.23,5.32,5.16,5.28,56573,30404934.0,3.04,0.19,0.01,4.08
2948,2009-04-03,5.29,5.31,5.08,5.12,38010,20114580.0,4.36,-3.03,-0.16,2.74
2949,2009-04-07,5.1,5.25,5.07,5.25,29478,15666708.0,3.52,2.54,0.13,2.12
2950,2009-04-08,5.28,5.54,5.28,5.34,132692,73510992.0,4.95,1.71,0.09,9.56
2951,2009-04-09,5.28,5.73,5.09,5.71,167968,94879632.0,11.99,6.93,0.37,12.11
2952,2009-04-10,5.71,5.75,5.48,5.74,152066,87615000.0,4.73,0.53,0.03,7.88
2953,2009-04-13,5.73,5.73,5.58,5.63,87577,50431140.0,2.61,-1.92,-0.11,4.54
2954,2009-04-14,5.63,5.63,5.44,5.54,69670,39315556.0,3.37,-1.6,-0.09,3.61
2955,2009-04-15,5.51,5.58,5.39,5.58,59070,33185474.0,3.43,0.72,0.04,3.06
2956,2009-04-16,5.53,5.63,5.43,5.59,69657,39630368.0,3.58,0.18,0.01,3.61
2957,2009-04-17,5.57,5.68,5.49,5.65,66881,38198176.0,3.4,1.07,0.06,3.47
2958,2009-04-20,5.66,5.94,5.54,5.83,127127,74806312.0,7.08,3.19,0.18,6.59
2959,2009-04-21,5.72,6.03,5.68,5.88,107878,64681636.0,6.0,0.86,0.05,5.59
2960,2009-04-22,5.83,6.02,5.38,5.46,115626,68390072.0,10.88,-7.14,-0.42,5.99
2961,2009-04-23,5.45,5.45,5.1,5.31,55944,30011200.0,6.41,-2.75,-0.15,2.9
2962,2009-04-24,5.3,5.37,5.19,5.3,41358,22353042.0,3.39,-0.19,-0.01,2.14
2963,2009-04-27,5.25,5.28,4.96,4.96,39524,20651408.0,6.04,-6.42,-0.34,2.05
2964,2009-04-28,4.89,4.97,4.68,4.88,49591,24513098.0,5.85,-1.61,-0.08,2.57
2965,2009-04-29,4.87,5.09,4.81,5.05,42949,21857856.0,5.74,3.48,0.17,2.23
2966,2009-04-30,5.07,5.15,4.99,5.13,47171,24504132.0,3.17,1.58,0.08,2.44
2967,2009-05-04,5.1,5.28,5.04,5.24,53610,28455618.0,4.68,2.14,0.11,2.78
2968,2009-05-05,5.23,5.44,5.16,5.39,67861,36772264.0,5.34,2.86,0.15,3.52
2969,2009-05-06,5.33,5.92,5.3,5.86,133694,76986848.0,11.5,8.72,0.47,6.93
2970,2009-05-07,6.01,6.01,5.62,5.97,235848,141326160.0,6.66,1.88,0.11,12.22
2971,2009-05-08,5.96,6.36,5.78,6.25,223419,137224096.0,9.72,4.69,0.28,11.58
2972,2009-05-11,6.28,6.35,6.03,6.14,223164,140155248.0,5.12,-1.76,-0.11,11.56
2973,2009-05-12,6.16,6.31,5.8,6.08,198621,121960272.0,8.31,-0.98,-0.06,10.29
2974,2009-05-13,5.93,6.12,5.8,5.95,146698,89165992.0,5.26,-2.14,-0.13,7.6
2975,2009-05-14,5.98,5.98,5.78,5.88,76406,45578332.0,3.36,-1.18,-0.07,3.96
2976,2009-05-18,5.82,6.03,5.71,5.92,76286,45545668.0,5.44,0.68,0.04,3.95
2977,2009-05-19,5.93,6.06,5.8,6.02,162155,98428616.0,4.39,1.69,0.1,8.4
2978,2009-05-20,5.98,5.98,5.8,5.8,91281,54679608.0,2.99,-3.65,-0.22,4.73
2979,2009-05-21,5.76,5.82,5.63,5.76,63461,37006828.0,3.28,-0.69,-0.04,3.29
2980,2009-05-22,5.73,5.8,5.63,5.74,43029,25118790.0,2.95,-0.35,-0.02,2.23
2981,2009-05-25,5.5,5.84,5.43,5.74,54798,31386176.0,7.14,0.0,0.0,2.84
2982,2009-05-26,5.74,5.77,5.59,5.6,47825,27758044.0,3.14,-2.44,-0.14,2.48
2983,2009-05-27,5.67,5.67,5.46,5.52,31698,17977626.0,3.75,-1.43,-0.08,1.64
2984,2009-06-01,5.58,5.62,5.49,5.58,37741,21453688.0,2.36,1.09,0.06,1.96
2985,2009-06-02,5.59,5.68,5.51,5.65,39965,22902828.0,3.05,1.25,0.07,2.07
2986,2009-06-03,5.62,5.75,5.6,5.72,51228,29780642.0,2.65,1.24,0.07,2.65
2987,2009-06-04,5.73,5.73,5.55,5.6,35136,20178160.0,3.15,-2.1,-0.12,1.82
2988,2009-06-05,5.63,5.65,5.48,5.49,36408,20657044.0,3.04,-1.96,-0.11,1.89
2989,2009-06-08,5.51,5.72,5.5,5.68,57655,33261420.0,4.01,3.46,0.19,2.99
2990,2009-06-09,5.68,5.9,5.61,5.87,95588,56344620.0,5.11,3.35,0.19,4.95
2991,2009-06-10,5.88,5.89,5.75,5.83,59940,35514932.0,2.39,-0.68,-0.04,3.11
2992,2009-06-11,5.82,6.06,5.79,5.89,89878,54608764.0,4.63,1.03,0.06,4.66
2993,2009-06-12,5.91,5.91,5.53,5.63,43120,25169974.0,6.45,-4.41,-0.26,2.23
2994,2009-06-15,5.67,5.85,5.64,5.85,37687,22161412.0,3.73,3.91,0.22,1.95
2995,2009-06-16,5.75,6.37,5.74,6.05,140555,87545848.0,10.77,3.42,0.2,7.28
2996,2009-06-17,5.91,6.19,5.9,6.07,68522,42136488.0,4.79,0.33,0.02,3.55
2997,2009-06-18,6.08,6.12,5.93,6.04,53348,32683156.0,3.13,-0.49,-0.03,2.76
2998,2009-06-19,6.04,6.11,5.97,6.04,54945,33883652.0,2.32,0.0,0.0,2.85
2999,2009-06-22,6.04,6.15,5.91,5.94,54444,33565600.0,3.97,-1.66,-0.1,2.82
3000,2009-06-23,5.83,6.33,5.78,6.18,92217,57362192.0,9.26,4.04,0.24,4.78
3001,2009-06-24,6.22,6.77,6.14,6.65,157399,103560864.0,10.19,7.61,0.47,8.16
3002,2009-06-25,6.64,7.33,6.48,7.24,222312,159266864.0,12.78,8.87,0.59,11.52
3003,2009-06-26,7.19,7.35,6.93,7.1,114161,83031600.0,5.8,-1.93,-0.14,5.92
3004,2009-06-29,7.05,7.31,6.88,7.18,98509,71424064.0,6.06,1.13,0.08,5.1
3005,2009-06-30,7.18,7.23,6.81,6.81,71944,51090028.0,5.85,-5.15,-0.37,3.73
3006,2009-07-01,6.78,6.96,6.62,6.78,67879,46858640.0,4.99,-0.44,-0.03,3.52
3007,2009-07-02,6.78,7.47,6.78,7.47,130607,95680280.0,10.18,10.18,0.69,6.77
3008,2009-07-03,7.47,7.76,7.28,7.67,128758,98222464.0,6.43,2.68,0.2,6.67
3009,2009-07-06,7.56,7.72,7.33,7.48,64314,49260508.0,5.08,-2.48,-0.19,3.33
3010,2009-07-07,7.43,8.24,7.29,8.04,127204,101240264.0,12.7,7.49,0.56,6.59
3011,2009-07-08,7.88,8.24,7.88,8.05,75611,61854580.0,4.48,0.12,0.01,3.92
3012,2009-07-09,7.68,8.08,7.49,7.86,194562,152240720.0,7.33,-2.36,-0.19,10.08
3013,2009-07-10,7.76,7.85,7.58,7.71,76550,59890136.0,3.44,-1.91,-0.15,3.97
3014,2009-07-13,7.68,7.84,7.58,7.63,70152,55106092.0,3.37,-1.04,-0.08,3.63
3015,2009-07-14,7.66,7.7,7.56,7.68,58884,45750268.0,1.83,0.66,0.05,3.05
3016,2009-07-15,7.68,7.68,7.5,7.64,72316,55623224.0,2.34,-0.52,-0.04,3.75
3017,2009-07-16,7.6,7.63,7.47,7.51,58192,44594760.0,2.09,-1.7,-0.13,3.02
3018,2009-07-17,7.57,7.78,7.54,7.67,71379,55527780.0,3.2,2.13,0.16,3.7
3019,2009-07-20,7.69,7.72,7.52,7.6,49625,38221528.0,2.61,-0.91,-0.07,2.57
3020,2009-07-21,7.63,7.73,7.54,7.59,60120,46659600.0,2.5,-0.13,-0.01,3.12
3021,2009-07-22,7.58,7.65,7.49,7.59,38790,29817548.0,2.11,0.0,0.0,2.01
3022,2009-07-23,7.59,7.98,7.5,7.91,76872,60403232.0,6.32,4.22,0.32,3.98
3023,2009-07-24,7.91,8.01,7.2,7.57,89404,70060136.0,10.24,-4.3,-0.34,4.63
3024,2009-07-27,7.51,7.73,7.36,7.63,58747,44621372.0,4.89,0.79,0.06,3.04
3025,2009-07-28,7.6,7.6,7.42,7.5,40243,30588422.0,2.36,-1.7,-0.13,2.09
3026,2009-07-29,7.5,7.58,6.74,6.9,46881,34579392.0,11.2,-8.0,-0.6,2.43
3027,2009-07-30,6.9,7.08,6.68,7.02,30343,21339558.0,5.8,1.74,0.12,1.57
3028,2009-07-31,7.08,7.15,6.99,7.13,32770,23624236.0,2.28,1.57,0.11,1.7
3029,2009-08-03,7.12,7.31,7.1,7.17,31992,23368688.0,2.95,0.56,0.04,1.66
3030,2009-08-04,7.18,7.18,6.98,7.11,29378,21209486.0,2.79,-0.84,-0.06,1.52
3031,2009-08-05,7.1,7.48,7.06,7.37,54575,40833904.0,5.91,3.66,0.26,2.83
3032,2009-08-06,7.36,7.37,7.02,7.25,32534,23651660.0,4.75,-1.63,-0.12,1.69
3033,2009-08-07,7.13,7.28,6.88,6.88,47231,33666264.0,5.52,-5.1,-0.37,2.45
3034,2009-08-10,6.89,6.98,6.77,6.88,31053,21552456.0,3.05,0.0,0.0,1.61
3035,2009-08-11,6.88,6.98,6.86,6.96,19410,13676922.0,1.74,1.16,0.08,1.01
3036,2009-08-12,6.95,6.98,6.52,6.53,27377,18801216.0,6.61,-6.18,-0.43,1.42
3037,2009-08-13,6.5,6.68,6.5,6.63,17183,11564320.0,2.76,1.53,0.1,0.89
3038,2009-08-14,6.64,6.67,6.06,6.13,18691,12100709.0,9.2,-7.54,-0.5,0.97
3039,2009-08-17,6.06,6.16,5.63,5.68,23432,14222046.0,8.65,-7.34,-0.45,1.21
3040,2009-08-18,5.7,5.88,5.63,5.83,18975,11133529.0,4.4,2.64,0.15,0.98
3041,2009-08-19,5.81,5.94,5.39,5.45,22053,12893440.0,9.43,-6.52,-0.38,1.14
3042,2009-08-20,5.45,5.71,5.45,5.69,17677,10134344.0,4.77,4.4,0.24,0.92
3043,2009-08-21,5.75,6.07,5.68,6.04,33893,20292906.0,6.85,6.15,0.35,1.76
3044,2009-08-24,6.02,6.55,5.96,6.46,50924,33034398.0,9.77,6.95,0.42,2.64
3045,2009-08-25,6.4,7.12,6.29,7.12,127913,90144008.0,12.85,10.22,0.66,6.63
3046,2009-08-26,7.18,7.77,6.98,7.29,203101,154567392.0,11.1,2.39,0.17,10.52
3047,2009-08-27,7.08,7.47,6.89,7.07,109588,79203584.0,7.96,-3.02,-0.22,5.68
3048,2009-08-28,7.03,7.03,6.63,6.67,57111,39233132.0,5.66,-5.66,-0.4,2.96
3049,2009-08-31,6.59,6.59,6.25,6.26,39118,25407376.0,5.1,-6.15,-0.41,2.03
3050,2009-09-01,6.1,6.56,6.1,6.54,62291,40653808.0,7.35,4.47,0.28,3.23
3051,2009-09-02,6.43,6.54,6.35,6.52,28855,19003208.0,2.91,-0.31,-0.02,1.5
3052,2009-09-03,6.52,7.03,6.46,6.86,58437,40182176.0,8.74,5.21,0.34,3.03
3053,2009-09-04,6.77,6.95,6.74,6.79,56297,39232972.0,3.06,-1.02,-0.07,2.92
3054,2009-09-07,6.79,7.11,6.79,6.93,70674,50273384.0,4.71,2.06,0.14,3.66
3055,2009-09-08,6.88,7.38,6.78,7.25,97607,70978216.0,8.66,4.62,0.32,5.06
3056,2009-09-09,7.2,7.21,6.95,7.07,64991,46639808.0,3.59,-2.48,-0.18,3.37
3057,2009-09-10,7.1,7.1,6.83,6.88,39122,27677348.0,3.82,-2.69,-0.19,2.03
3058,2009-09-11,6.88,7.13,6.84,7.0,43612,31188300.0,4.22,1.74,0.12,2.26
3059,2009-09-14,7.03,7.21,7.03,7.16,48772,35351280.0,2.57,2.29,0.16,2.53
3060,2009-09-15,7.13,7.37,7.01,7.26,73598,53956952.0,5.03,1.4,0.1,3.81
3061,2009-09-16,7.23,7.26,7.0,7.11,40369,29184744.0,3.58,-2.07,-0.15,2.09
3062,2009-09-17,7.1,7.28,7.1,7.21,46712,34282904.0,2.53,1.41,0.1,2.42
3063,2009-09-18,7.23,7.47,7.2,7.33,93476,69991040.0,3.74,1.66,0.12,4.84
3064,2009-09-21,7.32,7.63,6.88,7.57,95880,71566544.0,10.23,3.27,0.24,4.97
3065,2009-09-22,7.52,7.66,7.09,7.18,67492,50953144.0,7.53,-5.15,-0.39,3.5
3066,2009-09-23,7.05,7.23,6.73,6.95,40627,28920414.0,6.96,-3.2,-0.23,2.11
3067,2009-09-24,6.94,6.95,6.52,6.68,27513,18973986.0,6.19,-3.88,-0.27,1.43
3068,2009-09-25,6.56,6.83,6.48,6.72,22540,15227170.0,5.24,0.6,0.04,1.17
3069,2009-09-28,6.77,6.85,6.26,6.38,20213,13554962.0,8.78,-5.06,-0.34,1.05
3070,2009-09-29,6.38,6.38,5.86,5.99,30161,18524530.0,8.15,-6.11,-0.39,1.56
3071,2009-09-30,6.08,6.17,5.97,5.98,17520,10783496.0,3.34,-0.17,-0.01,0.91
3072,2009-10-09,6.16,6.34,6.03,6.33,22689,14314989.0,5.18,5.85,0.35,1.18
3073,2009-10-12,6.31,6.33,6.14,6.18,20235,12817801.0,3.0,-2.37,-0.15,1.05
3074,2009-10-13,6.18,6.29,6.13,6.27,17022,10815928.0,2.59,1.46,0.09,0.88
3075,2009-10-14,6.3,6.68,6.29,6.58,47182,31118004.0,6.22,4.94,0.31,2.44
3076,2009-10-15,6.57,6.68,6.41,6.55,26418,17685342.0,4.1,-0.46,-0.03,1.37
3077,2009-10-16,6.54,6.6,6.3,6.42,23054,15036096.0,4.58,-1.98,-0.13,1.19
3078,2009-10-19,6.39,6.74,6.39,6.62,34628,23011866.0,5.45,3.12,0.2,1.79
3079,2009-10-20,6.59,6.8,6.56,6.69,43018,29251366.0,3.63,1.06,0.07,2.23
3080,2009-10-21,6.67,6.76,6.59,6.6,31629,21443462.0,2.54,-1.35,-0.09,1.64
3081,2009-10-22,6.6,6.71,6.55,6.62,33144,22340878.0,2.42,0.3,0.02,1.72
3082,2009-10-23,6.59,6.78,6.59,6.69,40323,27453412.0,2.87,1.06,0.07,2.09
3083,2009-10-26,6.7,6.74,6.5,6.59,37022,24859970.0,3.59,-1.49,-0.1,1.92
3084,2009-10-27,6.59,6.59,6.24,6.24,35198,22931046.0,5.31,-5.31,-0.35,1.82
3085,2009-10-28,6.22,6.38,6.17,6.38,22285,14220091.0,3.37,2.24,0.14,1.15
3086,2009-10-29,6.55,6.71,6.43,6.58,101770,68208336.0,4.39,3.13,0.2,5.27
3087,2009-10-30,6.48,6.56,6.28,6.44,49743,32594728.0,4.26,-2.13,-0.14,2.58
3088,2009-11-02,6.28,6.53,6.17,6.48,46533,30172658.0,5.59,0.62,0.04,2.41
3089,2009-11-03,6.47,6.66,6.44,6.66,55955,37402700.0,3.4,2.78,0.18,2.9
3090,2009-11-04,6.64,6.72,6.59,6.67,49960,33898212.0,1.95,0.15,0.01,2.59
3091,2009-11-05,6.67,6.84,6.62,6.81,61625,42282536.0,3.3,2.1,0.14,3.19
3092,2009-11-06,6.84,6.88,6.76,6.79,71427,49533444.0,1.76,-0.29,-0.02,3.7
3093,2009-11-09,6.81,7.07,6.67,6.81,54689,37990676.0,5.89,0.29,0.02,2.83
3094,2009-11-10,6.84,6.87,6.77,6.82,46024,31930894.0,1.47,0.15,0.01,2.38
3095,2009-11-11,6.81,6.98,6.7,6.97,74251,51802064.0,4.11,2.2,0.15,3.85
3096,2009-11-12,6.98,7.21,6.91,7.18,99182,71274248.0,4.3,3.01,0.21,5.14
3097,2009-11-13,7.09,7.44,6.96,7.33,98091,71963600.0,6.69,2.09,0.15,5.08
3098,2009-11-16,7.29,7.63,7.29,7.59,130897,99628608.0,4.64,3.55,0.26,6.78
3099,2009-11-17,7.53,7.6,7.36,7.45,70074,53252100.0,3.16,-1.84,-0.14,3.63
3100,2009-11-18,7.46,8.03,7.43,7.8,144653,113703424.0,8.05,4.7,0.35,7.5
3101,2009-11-19,7.6,8.48,7.6,8.08,177728,147385536.0,11.28,3.59,0.28,9.21
3102,2009-11-20,8.03,8.23,7.84,8.12,80697,66068864.0,4.83,0.5,0.04,4.18
3103,2009-11-23,8.09,8.21,7.91,8.1,71685,58566564.0,3.69,-0.25,-0.02,3.71
3104,2009-11-24,8.14,8.27,7.29,7.51,76961,61993952.0,12.1,-7.28,-0.59,3.99
3105,2009-11-25,7.48,8.18,7.38,7.96,62108,49085592.0,10.65,5.99,0.45,3.22
3106,2009-11-26,8.31,8.68,7.76,7.77,188550,157338624.0,11.56,-2.39,-0.19,9.77
3107,2009-11-27,7.38,7.58,7.13,7.22,56720,42240660.0,5.79,-7.08,-0.55,2.94
3108,2009-11-30,7.23,7.48,7.19,7.44,45080,33688320.0,4.02,3.05,0.22,2.33
3109,2009-12-01,7.45,7.75,7.38,7.69,47954,36903268.0,4.97,3.36,0.25,2.48
3110,2009-12-02,7.73,7.96,7.63,7.73,70304,55450388.0,4.29,0.52,0.04,3.63
3111,2009-12-03,7.73,8.14,7.71,8.12,92743,75004672.0,5.56,5.05,0.39,4.79
3112,2009-12-04,8.1,8.42,7.78,8.06,111766,92116328.0,7.88,-0.74,-0.06,5.78
3113,2009-12-07,8.07,8.22,8.0,8.14,48778,40100680.0,2.73,0.99,0.08,2.52
3114,2009-12-08,8.11,8.32,8.05,8.17,61519,51148036.0,3.32,0.37,0.03,3.18
3115,2009-12-09,8.08,8.14,7.73,7.86,52229,41914244.0,5.02,-3.79,-0.31,2.7
3116,2009-12-10,7.83,7.94,7.73,7.9,29886,23734890.0,2.67,0.51,0.04,1.54
3117,2009-12-11,7.96,7.98,7.67,7.72,23861,18945604.0,3.92,-2.28,-0.18,1.23
3118,2009-12-14,7.71,7.72,7.36,7.58,35383,26866486.0,4.66,-1.81,-0.14,1.83
3119,2009-12-15,7.58,7.71,7.46,7.59,32053,24717326.0,3.3,0.13,0.01,1.66
3120,2009-12-16,7.58,7.79,7.48,7.67,23869,18561116.0,4.08,1.05,0.08,1.23
3121,2009-12-17,7.66,7.74,7.36,7.36,26004,19870642.0,4.95,-4.04,-0.31,1.34
3122,2009-12-18,7.33,7.33,7.03,7.04,21711,15777274.0,4.08,-4.35,-0.32,1.12
3123,2009-12-21,7.06,7.15,7.01,7.13,18197,13128001.0,1.99,1.28,0.09,0.94
3124,2009-12-22,7.17,7.17,6.71,6.75,31070,21786784.0,6.45,-5.33,-0.38,1.61
3125,2009-12-23,6.81,6.87,6.7,6.85,15878,11003614.0,2.52,1.48,0.1,0.82
3126,2009-12-24,6.88,7.29,6.82,7.21,41867,30300938.0,6.86,5.26,0.36,2.16
3127,2009-12-25,7.15,7.34,7.1,7.28,23730,17415994.0,3.33,0.97,0.07,1.23
3128,2009-12-28,7.29,7.41,7.29,7.33,22400,16698054.0,1.65,0.69,0.05,1.16
3129,2009-12-29,7.29,7.61,7.18,7.48,37865,28590818.0,5.87,2.05,0.15,1.96
3130,2009-12-30,7.44,7.47,7.29,7.32,24018,17965460.0,2.41,-2.14,-0.16,1.24
3131,2009-12-31,7.32,7.53,7.26,7.45,23034,17425232.0,3.69,1.78,0.13,1.19
3132,2010-01-04,7.65,7.68,7.42,7.42,23529,17936496.0,3.49,-0.4,-0.03,1.22
3133,2010-01-05,7.43,7.61,7.41,7.56,25494,19512630.0,2.7,1.89,0.14,1.32
3134,2010-01-06,7.61,7.69,7.53,7.53,23981,18537760.0,2.12,-0.4,-0.03,1.24
3135,2010-01-07,7.51,7.68,7.38,7.44,34732,26685758.0,3.98,-1.2,-0.09,1.8
3136,2010-01-08,7.4,7.68,7.38,7.66,31719,24286610.0,4.03,2.96,0.22,1.64
3137,2010-01-11,7.61,7.87,7.61,7.66,51634,40506472.0,3.39,0.0,0.0,2.67
3138,2010-01-12,7.53,7.98,7.53,7.89,85022,67464416.0,5.87,3.0,0.23,4.39
3139,2010-01-13,7.68,8.03,7.63,7.88,92227,73400384.0,5.07,-0.13,-0.01,4.77
3140,2010-01-14,7.86,8.06,7.68,8.0,174277,140381344.0,4.82,1.52,0.12,9.01
3141,2010-01-15,7.93,8.02,7.76,7.87,83879,67244448.0,3.25,-1.63,-0.13,4.34
3142,2010-01-18,7.92,8.24,7.84,8.13,114819,93887528.0,5.08,3.3,0.26,5.94
3143,2010-01-19,8.13,8.14,7.93,7.98,74256,60356984.0,2.58,-1.85,-0.15,3.84
3144,2010-01-20,7.99,8.0,7.48,7.56,71852,56504308.0,6.52,-5.26,-0.42,3.71
3145,2010-01-21,7.57,7.66,7.5,7.62,43022,33191744.0,2.12,0.79,0.06,2.22
3146,2010-01-22,7.58,7.65,7.2,7.33,47394,35699844.0,5.91,-3.81,-0.29,2.45
3147,2010-01-25,7.28,7.47,7.27,7.32,20353,15259192.0,2.73,-0.14,-0.01,1.05
3148,2010-01-26,7.39,7.41,7.03,7.06,32649,23841290.0,5.19,-3.55,-0.26,1.69
3149,2010-01-27,7.09,7.28,7.04,7.1,23495,17133884.0,3.4,0.57,0.04,1.21
3150,2010-01-28,7.11,7.3,7.09,7.27,23637,17344266.0,2.96,2.39,0.17,1.22
3151,2010-01-29,7.18,7.36,7.1,7.26,33355,24695276.0,3.58,-0.14,-0.01,1.72
3152,2010-02-01,7.19,7.24,7.03,7.14,20056,14526866.0,2.89,-1.65,-0.12,1.04
3153,2010-02-02,7.15,7.24,7.08,7.13,17274,12591421.0,2.24,-0.14,-0.01,0.89
3154,2010-02-03,7.13,7.44,6.98,7.39,47485,35023908.0,6.45,3.65,0.26,2.45
3155,2010-02-04,7.33,7.74,7.27,7.58,68053,52387012.0,6.36,2.57,0.19,3.52
3156,2010-02-05,7.38,7.81,7.33,7.58,58968,45404508.0,6.33,0.0,0.0,3.05
3157,2010-02-08,7.66,7.78,7.56,7.61,49335,38319256.0,2.9,0.4,0.03,2.55
3158,2010-02-09,7.61,7.63,7.35,7.44,27697,20979294.0,3.68,-2.23,-0.17,1.43
3159,2010-02-10,7.44,7.64,7.42,7.62,34881,26716084.0,2.96,2.42,0.18,1.8
3160,2010-02-11,7.64,7.73,7.51,7.51,32180,24912296.0,2.89,-1.44,-0.11,1.66
3161,2010-02-12,7.57,7.65,7.49,7.63,27920,21488762.0,2.13,1.6,0.12,1.44
3162,2010-02-22,7.61,7.75,7.56,7.62,46192,36004756.0,2.49,-0.13,-0.01,2.39
3163,2010-02-23,7.59,8.28,7.59,8.09,173088,140448912.0,9.06,6.17,0.47,8.95
3164,2010-02-24,7.98,8.03,7.84,7.99,100860,81341112.0,2.35,-1.24,-0.1,5.21
3165,2010-02-25,7.99,8.16,7.9,8.09,127333,104133688.0,3.25,1.25,0.1,6.58
3166,2010-02-26,8.05,8.43,8.0,8.25,159428,132957888.0,5.32,1.98,0.16,8.24
3167,2010-03-01,8.27,8.68,8.18,8.53,190434,162990832.0,6.06,3.39,0.28,9.84
3168,2010-03-02,8.51,9.18,8.48,8.71,284352,254992592.0,8.21,2.11,0.18,14.7
3169,2010-03-03,8.72,8.91,8.48,8.91,152997,135100656.0,4.94,2.3,0.2,7.91
3170,2010-03-04,8.86,9.06,8.62,8.83,163797,146632032.0,4.94,-0.9,-0.08,8.47
3171,2010-03-05,8.81,8.93,8.44,8.52,99673,87652504.0,5.55,-3.51,-0.31,5.15
3172,2010-03-08,8.53,8.86,8.49,8.59,73356,64220436.0,4.34,0.82,0.07,3.79
3173,2010-03-09,8.58,8.58,8.23,8.33,100851,85012224.0,4.07,-3.03,-0.26,5.21
3174,2010-03-10,8.23,8.41,8.13,8.27,53130,44659080.0,3.36,-0.72,-0.06,2.75
3175,2010-03-11,8.26,8.48,8.19,8.41,71884,60977656.0,3.51,1.69,0.14,3.72
3176,2010-03-12,8.4,8.4,7.97,7.98,63529,52616692.0,5.11,-5.11,-0.43,3.28
3177,2010-03-15,7.91,8.09,7.91,8.01,32620,26438530.0,2.26,0.38,0.03,1.69
3178,2010-03-16,8.0,8.54,7.95,8.38,112639,94662936.0,7.37,4.62,0.37,5.82
3179,2010-03-17,8.36,8.79,8.28,8.64,124499,107909008.0,6.09,3.1,0.26,6.44
3180,2010-03-18,8.58,8.64,8.46,8.46,64071,55390572.0,2.08,-2.08,-0.18,3.31
3181,2010-03-19,8.47,8.67,8.39,8.65,61340,53148232.0,3.31,2.25,0.19,3.17
3182,2010-03-22,8.68,9.52,8.58,9.09,190575,175622992.0,10.87,5.09,0.44,9.85
3183,2010-03-23,9.07,9.32,8.81,8.97,158814,145136544.0,5.61,-1.32,-0.12,8.21
3184,2010-03-24,8.93,9.04,8.6,8.74,100569,89907072.0,4.91,-2.56,-0.23,5.2
3185,2010-03-25,8.73,8.73,8.54,8.56,58634,51177292.0,2.17,-2.06,-0.18,3.03
3186,2010-03-26,8.56,8.94,8.53,8.73,71848,63906536.0,4.79,1.99,0.17,3.71
3187,2010-03-29,8.73,8.83,8.59,8.66,56717,49943872.0,2.75,-0.8,-0.07,2.93
3188,2010-03-30,8.68,8.88,8.62,8.8,60119,53593220.0,3.0,1.62,0.14,3.11
3189,2010-03-31,8.75,8.91,8.63,8.73,54236,48155252.0,3.18,-0.8,-0.07,2.8
3190,2010-04-01,8.73,8.87,8.63,8.85,57970,51642444.0,2.75,1.37,0.12,3.0
3191,2010-04-02,8.85,9.03,8.81,8.99,77838,70522248.0,2.49,1.58,0.14,4.02
3192,2010-04-06,9.07,9.1,8.88,9.02,51062,46349512.0,2.45,0.33,0.03,2.64
3193,2010-04-07,9.04,9.05,8.8,8.86,47976,43292400.0,2.77,-1.77,-0.16,2.48
3194,2010-04-08,8.88,9.01,8.83,8.98,63909,57746876.0,2.03,1.35,0.12,3.3
3195,2010-04-09,8.98,9.06,8.91,9.01,60565,55254300.0,1.67,0.33,0.03,3.13
3196,2010-04-12,9.05,9.33,8.99,9.26,115374,107160992.0,3.77,2.77,0.25,5.96
3197,2010-04-13,9.18,9.24,8.64,8.89,83556,76045896.0,6.48,-4.0,-0.37,4.32
3198,2010-04-14,8.89,9.03,8.78,8.93,47722,43226004.0,2.81,0.45,0.04,2.47
3199,2010-04-15,8.89,9.05,8.77,8.8,41299,37256168.0,3.14,-1.46,-0.13,2.13
3200,2010-04-16,8.74,8.83,8.63,8.78,26611,23588958.0,2.27,-0.23,-0.02,1.38
3201,2010-04-19,8.71,8.71,8.26,8.28,42200,36374068.0,5.13,-5.69,-0.5,2.18
3202,2010-04-20,8.3,8.41,8.11,8.32,33168,27772940.0,3.62,0.48,0.04,1.71
3203,2010-04-21,8.33,8.55,8.28,8.52,40261,34477932.0,3.25,2.4,0.2,2.08
3204,2010-04-22,8.54,8.8,8.43,8.8,65524,57611016.0,4.34,3.29,0.28,3.39
3205,2010-04-23,8.78,8.96,8.69,8.9,69948,62720580.0,3.07,1.14,0.1,3.62
3206,2010-04-26,8.83,8.89,8.7,8.86,32165,28768590.0,2.13,-0.45,-0.04,1.66
3207,2010-04-27,8.89,9.0,8.4,8.52,48726,42754492.0,6.77,-3.84,-0.34,2.52
3208,2010-04-28,8.42,8.73,8.3,8.63,28606,24866298.0,5.05,1.29,0.11,1.48
3209,2010-04-29,8.59,8.66,8.08,8.09,34520,29398532.0,6.72,-6.26,-0.54,1.78
3210,2010-04-30,8.05,8.23,7.43,7.57,39277,30511700.0,9.89,-6.43,-0.52,2.03
3211,2010-05-04,7.52,7.63,7.36,7.55,18386,14076586.0,3.57,-0.26,-0.02,0.95
3212,2010-05-05,7.55,7.75,7.53,7.72,39954,31057558.0,2.91,2.25,0.17,2.07
3213,2010-05-06,7.7,7.71,7.28,7.28,33137,25306528.0,5.57,-5.7,-0.44,1.71
3214,2010-05-07,7.09,7.28,6.99,7.11,26646,19346050.0,3.98,-2.34,-0.17,1.38
3215,2010-05-10,7.09,7.19,6.68,6.98,28783,20347500.0,7.17,-1.83,-0.13,1.49
3216,2010-05-11,7.09,7.13,6.7,6.76,29114,20436760.0,6.16,-3.15,-0.22,1.5
3217,2010-05-12,6.7,6.81,6.54,6.67,20821,14122812.0,3.99,-1.33,-0.09,1.08
3218,2010-05-13,6.56,6.8,6.45,6.79,26062,17625666.0,5.25,1.8,0.12,1.35
3219,2010-05-14,6.71,7.13,6.67,7.06,47669,33655824.0,6.77,3.98,0.27,2.46
3220,2010-05-17,6.93,7.3,6.91,7.04,81643,58762736.0,5.52,-0.28,-0.02,4.22
3221,2010-05-18,6.95,7.15,6.54,7.08,73831,52578244.0,8.66,0.57,0.04,3.82
3222,2010-05-19,7.03,7.24,6.78,7.11,81472,58359232.0,6.5,0.42,0.03,4.21
3223,2010-05-20,7.08,7.24,6.75,6.76,72241,51356452.0,6.89,-4.92,-0.35,3.73
3224,2010-05-21,6.54,6.74,6.41,6.69,45869,30719862.0,4.88,-1.04,-0.07,2.37
3225,2010-05-24,6.72,7.08,6.68,7.01,49365,34787544.0,5.98,4.78,0.32,2.55
3226,2010-05-25,6.93,7.04,6.74,6.83,36851,25876060.0,4.28,-2.57,-0.18,1.9
3227,2010-05-26,6.78,6.91,6.68,6.84,28080,19485130.0,3.37,0.15,0.01,1.45
3228,2010-05-27,6.88,7.03,6.74,7.0,34747,24456646.0,4.24,2.34,0.16,1.79
3229,2010-05-28,7.04,7.07,6.94,6.97,39449,28073378.0,1.86,-0.43,-0.03,2.03
3230,2010-06-01,6.74,6.77,6.4,6.55,34895,23391810.0,5.31,-6.03,-0.42,1.8
3231,2010-06-02,6.49,6.65,6.42,6.64,17514,11661902.0,3.51,1.37,0.09,0.9
3232,2010-06-03,6.68,6.76,6.59,6.67,23523,16012161.0,2.56,0.45,0.03,1.21
3233,2010-06-04,6.69,6.73,6.5,6.66,15863,10674310.0,3.45,-0.15,-0.01,0.82
3234,2010-06-07,6.48,6.62,6.45,6.57,14939,9947600.0,2.55,-1.35,-0.09,0.77
3235,2010-06-08,6.57,6.82,6.57,6.68,24683,16825650.0,3.81,1.67,0.11,1.27
3236,2010-06-09,6.72,6.88,6.68,6.88,34429,23752564.0,2.99,2.99,0.2,1.77
3237,2010-06-10,6.83,6.96,6.8,6.86,34449,24100710.0,2.33,-0.29,-0.02,1.78
3238,2010-06-11,6.94,6.94,6.7,6.7,25902,17873678.0,3.5,-2.33,-0.16,1.34
3239,2010-06-17,6.75,6.79,6.68,6.68,14807,10135135.0,1.64,-0.3,-0.02,0.76
3240,2010-06-18,6.75,6.75,6.38,6.44,19877,13269375.0,5.54,-3.59,-0.24,1.02
3241,2010-06-21,6.45,6.63,6.41,6.61,20088,13391884.0,3.42,2.64,0.17,1.04
3242,2010-06-22,6.61,6.84,6.6,6.74,29248,20076164.0,3.63,1.97,0.13,1.51
3243,2010-06-23,6.66,6.75,6.55,6.67,20590,13921356.0,2.97,-1.04,-0.07,1.06
3244,2010-06-24,6.68,7.24,6.61,6.98,67273,47208752.0,9.45,4.65,0.31,3.47
3245,2010-06-25,6.86,6.94,6.67,6.72,40643,28088368.0,3.87,-3.72,-0.26,2.1
3246,2010-06-28,6.78,6.78,6.53,6.62,17817,12131774.0,3.72,-1.49,-0.1,0.92
3247,2010-06-29,6.68,6.68,6.2,6.2,29564,19278052.0,7.25,-6.34,-0.42,1.52
3248,2010-06-30,6.08,6.18,5.9,5.9,18393,11262897.0,4.52,-4.84,-0.3,0.95
3249,2010-07-01,5.93,6.01,5.87,5.89,12576,7614469.0,2.37,-0.17,-0.01,0.65
3250,2010-07-02,5.89,5.98,5.58,5.86,20351,11983201.0,6.79,-0.51,-0.03,1.05
3251,2010-07-05,5.85,5.93,5.7,5.88,10083,5972704.5,3.92,0.34,0.02,0.52
3252,2010-07-06,5.89,6.06,5.8,6.01,16852,10265170.0,4.42,2.21,0.13,0.87
3253,2010-07-08,6.62,6.62,6.62,6.62,42831,28867938.0,0.0,10.15,0.61,2.21
3254,2010-07-09,6.48,6.77,6.35,6.74,93667,62828752.0,6.34,1.81,0.12,4.83
3255,2010-07-12,6.6,6.73,6.5,6.68,53591,36234680.0,3.41,-0.89,-0.06,2.76
3256,2010-07-13,6.66,6.92,6.58,6.7,72457,50015316.0,5.09,0.3,0.02,3.74
3257,2010-07-14,6.67,6.87,6.63,6.8,43755,30110112.0,3.58,1.49,0.1,2.26
3258,2010-07-15,6.82,6.85,6.5,6.51,35484,24015994.0,5.15,-4.26,-0.29,1.83
3259,2010-07-16,6.5,6.56,6.28,6.53,24742,16203965.0,4.3,0.31,0.02,1.28
3260,2010-07-19,6.46,6.73,6.4,6.7,25097,16966158.0,5.05,2.6,0.17,1.29
3261,2010-07-20,6.68,6.85,6.68,6.83,48089,33137636.0,2.54,1.94,0.13,2.48
3262,2010-07-21,6.83,6.93,6.74,6.83,47922,33348718.0,2.78,0.0,0.0,2.47
3263,2010-07-22,6.86,6.91,6.78,6.88,36962,25786352.0,1.9,0.73,0.05,1.91
3264,2010-07-23,6.89,6.98,6.74,6.9,38806,27097038.0,3.49,0.29,0.02,2.0
3265,2010-07-26,6.93,7.17,6.88,7.09,66136,47369920.0,4.2,2.75,0.19,3.41
3266,2010-07-27,7.33,7.6,7.11,7.11,115777,86119896.0,6.91,0.28,0.02,5.97
3267,2010-07-28,7.01,7.23,6.93,7.18,60012,43271032.0,4.22,0.98,0.07,3.09
3268,2010-07-29,7.19,7.23,7.12,7.23,48239,35220456.0,1.53,0.7,0.05,2.49
3269,2010-07-30,7.26,7.27,7.05,7.19,52979,38664124.0,3.04,-0.55,-0.04,2.73
3270,2010-08-02,7.18,7.29,7.13,7.27,63632,46613020.0,2.23,1.11,0.08,3.28
3271,2010-08-03,7.26,7.43,7.21,7.24,74218,55206708.0,3.03,-0.41,-0.03,3.83
3272,2010-08-04,7.26,7.74,7.26,7.71,122904,93378824.0,6.63,6.49,0.47,6.34
3273,2010-08-05,7.63,7.86,7.53,7.65,92295,71963944.0,4.28,-0.78,-0.06,4.76
3274,2010-08-06,7.65,7.97,7.57,7.86,72621,57460976.0,5.23,2.75,0.21,3.74
3275,2010-08-09,7.87,8.02,7.77,7.81,51512,41212708.0,3.18,-0.64,-0.05,2.66
3276,2010-08-10,7.83,7.88,7.52,7.52,53865,41942244.0,4.61,-3.71,-0.29,2.78
3277,2010-08-11,7.41,7.82,7.41,7.69,44345,34638860.0,5.45,2.26,0.17,2.29
3278,2010-08-12,7.66,7.94,7.54,7.61,55559,43802656.0,5.2,-1.04,-0.08,2.86
3279,2010-08-13,7.61,7.76,7.43,7.75,43663,33662148.0,4.34,1.84,0.14,2.25
3280,2010-08-16,7.78,7.92,7.68,7.9,53078,42211228.0,3.1,1.94,0.15,2.74
3281,2010-08-17,7.97,7.97,7.79,7.88,46024,36789356.0,2.28,-0.25,-0.02,2.37
3282,2010-08-18,7.88,8.31,7.83,8.16,78065,63897076.0,6.09,3.55,0.28,4.02
3283,2010-08-19,8.18,8.18,7.93,8.03,53360,43541144.0,3.06,-1.59,-0.13,2.75
3284,2010-08-20,8.0,8.06,7.89,8.05,42224,34144636.0,2.12,0.25,0.02,2.18
3285,2010-08-23,8.03,8.28,7.98,8.17,59544,49437080.0,3.73,1.49,0.12,3.07
3286,2010-08-24,8.1,8.37,8.07,8.27,57384,47756476.0,3.67,1.22,0.1,2.96
3287,2010-08-25,8.21,8.29,8.06,8.23,59252,49238860.0,2.78,-0.48,-0.04,3.05
3288,2010-08-26,8.21,8.54,8.15,8.46,80426,68300304.0,4.74,2.79,0.23,4.15
3289,2010-08-27,8.41,8.58,8.35,8.53,38962,33498618.0,2.72,0.83,0.07,2.01
3290,2010-08-30,8.57,8.93,8.46,8.58,86795,76018400.0,5.51,0.59,0.05,4.47
3291,2010-08-31,8.57,8.82,8.48,8.79,59643,52138600.0,3.96,2.45,0.21,3.07
3292,2010-09-01,8.78,8.78,8.4,8.64,49873,43548212.0,4.32,-1.71,-0.15,2.57
3293,2010-09-02,8.67,8.74,8.6,8.7,46141,40558988.0,1.62,0.69,0.06,2.38
3294,2010-09-03,8.72,8.81,8.6,8.77,47489,42002552.0,2.41,0.8,0.07,2.45
3295,2010-09-06,8.86,9.16,8.86,8.95,82652,75475896.0,3.42,2.05,0.18,4.26
3296,2010-09-07,8.95,9.04,8.78,9.04,49933,45062488.0,2.91,1.01,0.09,2.57
3297,2010-09-09,9.06,9.13,8.88,8.91,60923,55586256.0,2.77,-1.44,-0.13,3.14
3298,2010-09-10,8.87,9.03,8.56,8.87,45252,40398084.0,5.27,-0.45,-0.04,2.33
3299,2010-09-13,8.87,9.16,8.83,9.16,58295,53634436.0,3.72,3.27,0.29,3.01
3300,2010-09-14,9.18,9.19,9.04,9.18,43572,40218224.0,1.64,0.22,0.02,2.25
3301,2010-09-15,9.17,9.17,8.86,8.87,36191,32991704.0,3.38,-3.38,-0.31,1.87
3302,2010-09-16,8.76,8.86,8.38,8.46,46372,40148180.0,5.41,-4.62,-0.41,2.39
3303,2010-09-17,8.48,8.76,8.48,8.61,36210,31670490.0,3.31,1.77,0.15,1.87
3304,2010-09-20,8.66,8.7,8.38,8.48,34577,29845256.0,3.72,-1.51,-0.13,1.78
3305,2010-09-21,8.51,8.56,8.34,8.52,23926,20486398.0,2.59,0.47,0.04,1.23
3306,2010-09-27,8.51,8.76,8.5,8.69,24567,21529534.0,3.05,2.0,0.17,1.27
3307,2010-09-28,8.7,8.72,8.52,8.58,26397,23027386.0,2.3,-1.27,-0.11,1.36
3308,2010-09-29,8.55,8.63,8.46,8.55,22346,19348004.0,1.98,-0.35,-0.03,1.15
3309,2010-09-30,8.51,8.7,8.48,8.68,26354,23044210.0,2.57,1.52,0.13,1.36
3310,2010-10-08,8.7,9.1,8.7,9.08,54654,49143924.0,4.61,4.61,0.4,2.82
3311,2010-10-11,9.01,9.01,8.73,8.86,54205,48710240.0,3.08,-2.42,-0.22,2.79
3312,2010-10-12,8.87,8.87,8.58,8.74,39043,34373896.0,3.27,-1.35,-0.12,2.01
3313,2010-10-13,8.74,8.76,8.51,8.59,30782,26848600.0,2.86,-1.72,-0.15,1.59
3314,2010-10-14,8.63,8.63,8.13,8.15,42486,35816440.0,5.82,-5.12,-0.44,2.19
3315,2010-10-15,8.14,8.38,8.06,8.11,38958,32409310.0,3.93,-0.49,-0.04,2.01
3316,2010-10-18,8.17,8.18,7.8,8.16,37081,29950584.0,4.69,0.62,0.05,1.91
3317,2010-10-19,8.15,8.48,8.08,8.38,28467,24070864.0,4.9,2.7,0.22,1.47
3318,2010-10-20,8.24,8.47,8.02,8.38,72386,60228744.0,5.37,0.0,0.0,3.73
3319,2010-10-21,8.37,8.45,8.23,8.32,29569,25065916.0,2.63,-0.72,-0.06,1.52
3320,2010-10-22,8.34,8.5,8.3,8.4,36973,31591502.0,2.4,0.96,0.08,1.91
3321,2010-10-25,8.41,8.62,8.4,8.51,40944,35464852.0,2.62,1.31,0.11,2.11
3322,2010-10-26,8.52,8.68,8.36,8.64,57760,49697580.0,3.76,1.53,0.13,2.98
3323,2010-10-27,8.56,8.84,8.51,8.67,57323,50676860.0,3.82,0.35,0.03,2.95
3324,2010-10-28,8.6,8.98,8.6,8.78,53958,48250444.0,4.38,1.27,0.11,2.78
3325,2010-10-29,8.78,9.0,8.72,8.93,42935,38671832.0,3.19,1.71,0.15,2.21
3326,2010-11-01,8.97,9.33,8.96,9.15,69656,64673240.0,4.14,2.46,0.22,3.59
3327,2010-11-02,9.18,9.84,9.18,9.45,127178,122800400.0,7.21,3.28,0.3,6.56
3328,2010-11-03,9.36,9.78,9.21,9.75,96462,93323776.0,6.03,3.17,0.3,4.97
3329,2010-11-04,9.77,10.7,9.59,10.58,150029,152886096.0,11.38,8.51,0.83,7.73
3330,2010-11-05,10.47,11.65,10.37,11.18,231145,262195344.0,12.1,5.67,0.6,11.92
3331,2010-11-08,11.25,11.64,10.79,11.23,134639,151771936.0,7.6,0.45,0.05,6.94
3332,2010-11-09,11.56,11.56,11.02,11.28,112554,127798056.0,4.81,0.45,0.05,5.8
3333,2010-11-10,11.14,11.27,10.78,10.86,94554,104716712.0,4.34,-3.72,-0.42,4.87
3334,2010-11-11,10.79,11.08,10.56,10.58,93504,102549384.0,4.79,-2.58,-0.28,4.82
3335,2010-11-12,10.48,10.83,10.3,10.35,102213,109279944.0,5.01,-2.17,-0.23,5.27
3336,2010-11-15,10.48,11.35,10.39,11.19,113970,124542032.0,9.28,8.12,0.84,5.87
3337,2010-11-16,11.0,11.27,10.06,10.07,104879,112646496.0,10.81,-10.01,-1.12,5.41
3338,2010-11-17,10.03,11.03,9.86,10.12,128648,135136704.0,11.62,0.5,0.05,6.63
3339,2010-11-18,9.88,9.97,9.4,9.73,99753,97846160.0,5.63,-3.85,-0.39,5.14
3340,2010-11-19,9.81,10.16,9.72,10.04,59146,59543276.0,4.52,3.19,0.31,3.05
3341,2010-11-22,9.96,10.33,9.88,10.33,71810,73432016.0,4.48,2.89,0.29,3.7
3342,2010-11-23,10.58,11.13,10.39,10.79,163359,177661104.0,7.16,4.45,0.46,8.42
3343,2010-11-24,10.53,11.08,10.43,10.74,115695,125959088.0,6.02,-0.46,-0.05,5.96
3344,2010-11-25,10.78,11.28,10.69,10.82,113743,125936832.0,5.49,0.74,0.08,5.86
3345,2010-11-26,10.77,10.86,10.35,10.5,77912,83198192.0,4.71,-2.96,-0.32,4.02
3346,2010-11-29,10.51,10.78,10.38,10.61,49898,53568208.0,3.81,1.05,0.11,2.57
3347,2010-11-30,10.51,10.61,9.88,10.16,60381,62173828.0,6.88,-4.24,-0.45,3.11
3348,2010-12-01,10.07,10.27,9.95,10.1,27787,28473268.0,3.15,-0.59,-0.06,1.43
3349,2010-12-02,10.22,10.46,10.2,10.27,33722,35138656.0,2.57,1.68,0.17,1.74
3350,2010-12-03,10.27,10.32,9.97,10.15,23588,24153746.0,3.41,-1.17,-0.12,1.22
3351,2010-12-06,10.16,10.24,9.95,10.11,24445,24909512.0,2.86,-0.39,-0.04,1.26
3352,2010-12-07,10.06,10.46,9.88,10.46,47979,49977404.0,5.74,3.46,0.35,2.47
3353,2010-12-08,10.48,10.63,10.37,10.54,42866,45590276.0,2.49,0.76,0.08,2.21
3354,2010-12-09,10.46,10.87,10.41,10.61,72392,78321216.0,4.36,0.66,0.07,3.73
3355,2010-12-10,10.58,11.23,10.5,11.13,100296,111247200.0,6.88,4.9,0.52,5.17
3356,2010-12-13,11.13,11.48,11.04,11.29,93824,106602160.0,3.95,1.44,0.16,4.84
3357,2010-12-14,11.19,11.43,11.0,11.34,80354,90950848.0,3.81,0.44,0.05,4.14
3358,2010-12-15,11.32,11.4,10.93,10.96,61988,69716736.0,4.14,-3.35,-0.38,3.2
3359,2010-12-16,10.92,11.07,10.78,11.03,45833,50656996.0,2.65,0.64,0.07,2.36
3360,2010-12-17,11.09,11.54,10.94,11.37,69739,79775784.0,5.44,3.08,0.34,3.59
3361,2010-12-20,11.43,11.87,10.88,11.33,84058,97104784.0,8.71,-0.35,-0.04,4.33
3362,2010-12-21,11.33,11.54,11.13,11.38,45725,52271784.0,3.62,0.44,0.05,2.36
3363,2010-12-22,11.37,11.98,11.18,11.98,96816,113413944.0,7.03,5.27,0.6,4.99
3364,2010-12-23,11.94,12.35,11.67,11.71,118941,143868704.0,5.68,-2.25,-0.27,6.13
3365,2010-12-24,11.63,11.86,10.91,11.2,93789,106389360.0,8.11,-4.36,-0.51,4.83
3366,2010-12-27,11.2,11.36,10.81,10.95,79346,89111672.0,4.91,-2.23,-0.25,4.09
3367,2010-12-28,10.78,10.92,10.28,10.34,56159,59904756.0,5.84,-5.57,-0.61,2.89
3368,2010-12-29,10.34,10.63,10.34,10.6,32998,35106484.0,2.8,2.51,0.26,1.7
3369,2010-12-30,10.66,10.91,10.49,10.85,35522,38520680.0,3.96,2.36,0.25,1.83
3370,2010-12-31,10.8,11.16,10.78,11.13,39078,43270564.0,3.5,2.58,0.28,2.01
3371,2011-01-04,11.18,11.26,11.06,11.19,43124,48574520.0,1.8,0.54,0.06,2.22
3372,2011-01-05,11.12,11.55,11.1,11.39,50447,58065596.0,4.02,1.79,0.2,2.6
3373,2011-01-06,11.4,11.5,11.08,11.1,41111,46633200.0,3.69,-2.55,-0.29,2.12
3374,2011-01-07,11.09,11.37,10.91,11.13,40568,45734516.0,4.14,0.27,0.03,2.09
3375,2011-01-10,11.13,11.68,11.13,11.48,76723,89039192.0,4.94,3.14,0.35,3.95
3376,2011-01-11,11.38,12.06,11.11,11.2,118683,138657904.0,8.28,-2.44,-0.28,6.12
3377,2011-01-12,11.08,11.26,10.63,10.75,84208,92974184.0,5.63,-4.02,-0.45,4.34
3378,2011-01-13,10.77,11.17,10.76,11.0,44557,49568632.0,3.81,2.33,0.25,2.3
3379,2011-01-14,11.03,11.07,10.6,10.93,37200,40661852.0,4.27,-0.64,-0.07,1.92
3380,2011-01-17,10.86,11.15,10.27,10.37,58217,63096504.0,8.05,-5.12,-0.56,3.0
3381,2011-01-18,10.36,10.51,9.99,10.36,34454,35832504.0,5.01,-0.1,-0.01,1.78
3382,2011-01-19,10.36,10.81,10.23,10.76,43493,46137436.0,5.6,3.86,0.4,2.24
3383,2011-01-20,10.76,10.92,10.2,10.25,44225,47205972.0,6.69,-4.74,-0.51,2.28
3384,2011-01-21,10.1,10.53,10.1,10.26,27735,28941040.0,4.2,0.1,0.01,1.43
3385,2011-01-24,10.33,10.53,9.88,10.35,45555,46937108.0,6.34,0.88,0.09,2.35
3386,2011-01-25,10.35,10.41,10.09,10.23,23914,24770962.0,3.09,-1.16,-0.12,1.23
3387,2011-01-26,10.26,10.61,10.24,10.55,29718,31402706.0,3.62,3.13,0.32,1.53
3388,2011-01-27,10.49,10.73,10.39,10.67,36139,38872464.0,3.22,1.14,0.12,1.86
3389,2011-01-28,10.65,10.72,10.5,10.68,26798,28760836.0,2.06,0.09,0.01,1.38
3390,2011-01-31,10.68,11.15,10.57,11.12,46980,51805572.0,5.43,4.12,0.44,2.42
3391,2011-02-01,11.13,11.32,11.0,11.06,46817,52791388.0,2.88,-0.54,-0.06,2.41
3392,2011-02-09,10.9,11.53,10.9,11.44,64082,73397048.0,5.7,3.44,0.38,3.3
3393,2011-02-10,11.36,12.03,11.3,11.95,108493,128809680.0,6.38,4.46,0.51,5.59
3394,2011-02-11,11.86,12.18,11.7,12.18,114321,138208560.0,4.02,1.92,0.23,5.89
3395,2011-02-14,12.27,12.73,11.9,12.03,141630,175025808.0,6.81,-1.23,-0.15,7.3
3396,2011-02-15,11.98,13.25,11.94,13.25,156283,201011008.0,10.89,10.14,1.22,8.06
3397,2011-02-16,13.78,14.36,13.33,14.06,318820,443343776.0,7.77,6.11,0.81,16.43
3398,2011-02-17,13.84,14.46,13.74,13.95,205230,291073120.0,5.12,-0.78,-0.11,10.58
3399,2011-02-18,13.77,14.13,13.44,13.87,162789,225594464.0,4.95,-0.57,-0.08,8.39
3400,2011-02-21,13.76,14.81,13.49,14.39,218893,313768384.0,9.52,3.75,0.52,11.28
3401,2011-02-22,14.18,14.26,13.38,13.67,165235,230000208.0,6.12,-5.0,-0.72,8.52
3402,2011-02-23,13.6,13.96,13.4,13.65,87636,120693344.0,4.1,-0.15,-0.02,4.52
3403,2011-02-24,13.58,13.98,13.47,13.78,78869,109508392.0,3.74,0.95,0.13,4.07
3404,2011-02-25,13.68,14.18,13.45,14.08,106484,148841728.0,5.3,2.18,0.3,5.49
3405,2011-02-28,14.18,14.75,13.71,14.39,151570,218804416.0,7.39,2.2,0.31,7.81
3406,2011-03-01,14.38,15.78,14.24,15.15,178651,271411072.0,10.7,5.28,0.76,9.21
3407,2011-03-02,14.95,15.68,14.5,15.41,132502,202488544.0,7.79,1.72,0.26,6.83
3408,2011-03-03,15.03,15.4,14.42,14.54,142474,212570496.0,6.36,-5.65,-0.87,7.34
3409,2011-03-04,14.44,14.72,14.2,14.48,65474,95363744.0,3.58,-0.41,-0.06,3.37
3410,2011-03-07,14.48,14.65,14.04,14.35,71364,103179696.0,4.21,-0.9,-0.13,3.68
3411,2011-03-08,14.37,14.73,14.28,14.36,58249,85107264.0,3.14,0.07,0.01,3.0
3412,2011-03-09,14.34,14.46,14.04,14.23,66718,95561480.0,2.92,-0.91,-0.13,3.44
3413,2011-03-10,14.12,14.58,14.12,14.42,63784,92425000.0,3.23,1.34,0.19,3.29
3414,2011-03-11,14.42,14.64,13.96,13.97,68806,99642760.0,4.72,-3.12,-0.45,3.55
3415,2011-03-14,13.79,13.93,13.39,13.55,87009,118987512.0,3.87,-3.01,-0.42,4.48
3416,2011-03-15,13.66,13.82,13.38,13.81,70934,97394808.0,3.25,1.92,0.26,3.66
3417,2011-03-16,13.88,13.94,13.64,13.84,48002,66675996.0,2.17,0.22,0.03,2.47
3418,2011-03-17,13.73,13.73,12.82,12.89,100024,133472744.0,6.58,-6.86,-0.95,5.16
3419,2011-03-18,12.99,13.15,12.88,13.04,39363,51640384.0,2.09,1.16,0.15,2.03
3420,2011-03-21,13.09,13.44,12.96,13.33,54845,73253800.0,3.68,2.22,0.29,2.83
3421,2011-03-22,13.38,13.58,13.25,13.56,45159,61085484.0,2.48,1.73,0.23,2.33
3422,2011-03-23,13.56,13.6,13.38,13.56,34713,47230256.0,1.62,0.0,0.0,1.79
3423,2011-03-24,13.56,13.56,13.11,13.22,50188,67307792.0,3.32,-2.51,-0.34,2.59
3424,2011-03-25,13.21,13.39,13.12,13.27,35107,46954484.0,2.04,0.38,0.05,1.81
3425,2011-03-28,13.29,13.38,13.01,13.09,48939,64799720.0,2.79,-1.36,-0.18,2.52
3426,2011-03-29,13.09,13.09,12.78,12.94,40951,53278636.0,2.37,-1.15,-0.15,2.11
3427,2011-03-30,12.92,14.21,12.83,13.87,140281,193845488.0,10.66,7.19,0.93,7.23
3428,2011-03-31,13.73,13.88,13.3,13.78,73937,101459608.0,4.18,-0.65,-0.09,3.81
3429,2011-04-01,13.73,14.31,13.68,14.23,114315,162789680.0,4.57,3.27,0.45,5.89
3430,2011-04-06,14.16,14.39,13.98,14.32,85707,122940432.0,2.88,0.63,0.09,4.42
3431,2011-04-07,14.38,14.46,14.12,14.21,48472,69492352.0,2.37,-0.77,-0.11,2.5
3432,2011-04-08,14.17,14.26,13.8,13.98,63057,88789336.0,3.24,-1.62,-0.23,3.25
3433,2011-04-11,14.17,14.82,14.17,14.68,136097,200489792.0,4.65,5.01,0.7,7.01
3434,2011-04-12,14.64,14.99,14.5,14.69,102066,151310848.0,3.34,0.07,0.01,5.26
3435,2011-04-13,14.6,15.24,14.53,15.09,141411,213018304.0,4.83,2.72,0.4,7.29
3436,2011-04-14,15.18,15.18,14.68,14.78,83281,124267992.0,3.31,-2.05,-0.31,4.29
3437,2011-04-15,14.78,14.78,14.16,14.61,76460,111466160.0,4.19,-1.15,-0.17,3.94
3438,2011-04-18,14.56,14.98,14.23,14.77,93948,138577376.0,5.13,1.1,0.16,4.84
3439,2011-04-19,14.49,14.65,14.04,14.06,70978,102612128.0,4.13,-4.81,-0.71,3.66
3440,2011-04-20,14.18,14.46,14.13,14.18,51912,74786680.0,2.35,0.85,0.12,2.68
3441,2011-04-21,14.35,14.37,13.94,14.29,59776,85563144.0,3.03,0.78,0.11,3.08
3442,2011-04-22,14.27,15.33,14.08,14.86,178954,268198896.0,8.75,3.99,0.57,9.22
3443,2011-04-25,14.89,15.68,14.88,15.25,223430,344127232.0,5.38,2.62,0.39,11.52
3444,2011-04-26,15.25,15.28,13.71,14.69,179521,261412352.0,10.3,-3.67,-0.56,9.25
3445,2011-04-27,14.57,14.86,14.17,14.72,170413,249429200.0,4.7,0.2,0.03,8.78
3446,2011-04-28,14.78,15.13,13.24,13.26,186356,271650752.0,12.84,-9.92,-1.46,9.61
3447,2011-04-29,12.8,13.27,11.92,12.66,130727,165447824.0,10.18,-4.52,-0.6,6.74
3448,2011-05-03,12.65,12.88,11.88,12.6,140705,174489232.0,7.9,-0.47,-0.06,7.25
3449,2011-05-04,12.33,12.86,12.19,12.35,114232,143608880.0,5.32,-1.98,-0.25,5.89
3450,2011-05-05,12.29,12.67,11.97,11.99,98248,120812328.0,5.67,-2.91,-0.36,5.06
3451,2011-05-06,11.73,11.73,10.9,11.19,121457,137751456.0,6.92,-6.67,-0.8,6.26
3452,2011-05-09,11.15,11.24,11.03,11.2,86732,97606936.0,1.88,0.09,0.01,4.47
3453,2011-05-10,11.18,11.28,10.95,11.28,74371,83669408.0,2.95,0.71,0.08,3.83
3454,2011-05-11,11.25,11.53,11.05,11.38,93355,106766944.0,4.26,0.89,0.1,4.81
3455,2011-05-12,11.28,11.33,10.99,11.01,64081,72318280.0,2.99,-3.25,-0.37,3.3
3456,2011-05-13,10.94,11.33,10.94,11.31,76146,86348264.0,3.54,2.72,0.3,3.92
3457,2011-05-16,11.32,11.54,11.18,11.31,72621,83449872.0,3.18,0.0,0.0,3.74
3458,2011-05-17,11.25,11.32,10.98,11.08,46320,52072472.0,3.01,-2.03,-0.23,2.38
3459,2011-05-19,11.37,11.83,11.26,11.37,116196,135664640.0,5.14,2.62,0.29,5.98
3460,2011-05-20,11.28,11.37,11.06,11.16,49284,55617236.0,2.73,-1.85,-0.21,2.54
3461,2011-05-23,11.16,11.17,10.24,10.24,76197,81464128.0,8.33,-8.24,-0.92,3.92
3462,2011-05-24,10.08,10.19,9.76,10.0,55649,56015684.0,4.2,-2.34,-0.24,2.86
3463,2011-05-25,9.93,10.11,9.79,9.85,40089,40394308.0,3.2,-1.5,-0.15,2.06
3464,2011-05-26,9.93,10.03,9.7,9.7,34258,34168176.0,3.35,-1.52,-0.15,1.76
3465,2011-05-27,9.8,9.82,9.26,9.33,41481,39686204.0,5.77,-3.81,-0.37,2.14
3466,2011-05-30,9.28,9.43,9.13,9.15,31298,29470198.0,3.22,-1.93,-0.18,1.61
3467,2011-05-31,9.23,9.43,9.18,9.42,32069,30266878.0,2.73,2.95,0.27,1.65
3468,2011-06-01,9.43,9.69,9.36,9.63,41820,40333360.0,3.5,2.23,0.21,2.15
3469,2011-06-02,9.48,9.74,9.2,9.71,44080,42303464.0,5.61,0.83,0.08,2.27
3470,2011-06-03,9.62,9.87,9.59,9.79,44072,43532128.0,2.88,0.82,0.08,2.27
3471,2011-06-07,9.79,10.22,9.72,10.07,63127,64342376.0,5.11,2.86,0.28,3.25
3472,2011-06-08,10.06,10.06,9.8,10.01,41769,42050360.0,2.58,-0.6,-0.06,2.15
3473,2011-06-09,10.0,10.08,9.59,9.63,47062,46845724.0,4.9,-3.8,-0.38,2.42
3474,2011-06-10,9.54,10.37,9.53,10.28,93739,94705168.0,8.72,6.75,0.65,4.83
3475,2011-06-13,10.08,10.26,9.9,10.13,55787,56885272.0,3.5,-1.46,-0.15,2.87
3476,2011-06-14,10.21,10.35,10.06,10.14,64848,66612312.0,2.86,0.1,0.01,3.34
3477,2011-06-15,10.16,10.31,10.08,10.13,54198,55937484.0,2.27,-0.1,-0.01,2.79
3478,2011-06-16,10.06,10.06,9.69,9.7,36987,36773876.0,3.65,-4.24,-0.43,1.9
3479,2011-06-17,9.63,9.76,9.38,9.39,33649,32487222.0,3.92,-3.2,-0.31,1.73
3480,2011-06-20,9.37,9.42,9.18,9.25,19963,18739084.0,2.56,-1.49,-0.14,1.03
3481,2011-06-21,9.34,9.51,9.32,9.46,25769,24595064.0,2.05,2.27,0.21,1.33
3482,2011-06-22,9.47,9.56,9.37,9.42,17495,16753422.0,2.01,-0.42,-0.04,0.9
3483,2011-06-23,9.36,9.65,9.31,9.58,30099,29053372.0,3.61,1.7,0.16,1.55
3484,2011-06-24,9.58,9.95,9.58,9.87,57547,57156376.0,3.86,3.03,0.29,2.96
3485,2011-06-27,9.9,10.26,9.9,10.13,60019,61531256.0,3.65,2.63,0.26,3.09
3486,2011-06-28,10.13,10.19,9.87,10.06,51209,51885124.0,3.16,-0.69,-0.07,2.64
3487,2011-06-29,10.05,10.16,9.89,9.92,43274,43876544.0,2.68,-1.39,-0.14,2.23
3488,2011-06-30,10.02,10.87,10.02,10.58,119400,125745464.0,8.57,6.65,0.66,6.15
3489,2011-07-01,10.57,11.16,10.46,10.71,133502,145840016.0,6.62,1.23,0.13,6.87
3490,2011-07-04,10.77,11.08,10.71,10.95,91733,100645032.0,3.45,2.24,0.24,4.72
3491,2011-07-05,10.88,11.26,10.77,11.06,81590,91049664.0,4.47,1.0,0.11,4.2
3492,2011-07-06,11.03,11.05,10.77,10.93,71473,78672408.0,2.53,-1.18,-0.13,3.68
3493,2011-07-07,10.88,10.98,10.68,10.77,63649,69688112.0,2.74,-1.46,-0.16,3.28
3494,2011-07-08,10.71,10.95,10.68,10.91,49608,54194036.0,2.51,1.3,0.14,2.55
3495,2011-07-11,10.87,11.04,10.72,11.0,53685,59508312.0,2.93,0.82,0.09,2.76
3496,2011-07-12,11.45,11.88,11.19,11.24,172647,200024032.0,6.27,2.18,0.24,8.89
3497,2011-07-13,11.3,11.44,11.15,11.38,80917,92471240.0,2.58,1.25,0.14,4.17
3498,2011-07-14,11.38,11.85,11.3,11.64,115045,134781168.0,4.83,2.28,0.26,5.92
3499,2011-07-15,11.56,11.75,11.4,11.63,79261,92586896.0,3.01,-0.09,-0.01,4.08
3500,2011-07-18,11.72,11.75,11.32,11.42,69651,80915400.0,3.7,-1.81,-0.21,3.59
3501,2011-07-19,11.35,11.35,11.07,11.13,49519,55743664.0,2.45,-2.54,-0.29,2.55
3502,2011-07-20,11.2,11.36,11.11,11.23,38170,43274144.0,2.25,0.9,0.1,1.96
3503,2011-07-21,11.23,11.32,10.98,11.0,41972,46905224.0,3.03,-2.05,-0.23,2.16
3504,2011-07-22,11.02,11.35,11.01,11.12,42109,47427340.0,3.09,1.09,0.12,2.17
3505,2011-07-25,11.0,11.09,10.02,10.15,65055,69560544.0,9.62,-8.72,-0.97,3.35
3506,2011-07-26,10.2,10.24,9.95,10.15,33843,34483064.0,2.86,0.0,0.0,1.74
3507,2011-07-27,10.14,10.38,10.0,10.36,33093,34215400.0,3.74,2.07,0.21,1.7
3508,2011-07-28,10.2,10.57,10.12,10.5,34556,36218636.0,4.34,1.35,0.14,1.78
3509,2011-07-29,10.41,10.6,10.21,10.37,29634,31028096.0,3.71,-1.24,-0.13,1.53
3510,2011-08-01,10.31,10.44,10.2,10.34,21756,22734746.0,2.31,-0.29,-0.03,1.12
3511,2011-08-02,10.3,10.3,9.94,10.18,23674,24125722.0,3.48,-1.55,-0.16,1.22
3512,2011-08-03,10.02,10.29,10.02,10.14,21381,21905538.0,2.65,-0.39,-0.04,1.1
3513,2011-08-04,10.16,10.27,10.15,10.26,22077,22776016.0,1.18,1.18,0.12,1.14
3514,2011-08-05,9.85,10.19,9.56,10.0,32629,32919020.0,6.14,-2.53,-0.26,1.68
3515,2011-08-08,9.8,9.95,9.0,9.15,51073,48514480.0,9.5,-8.5,-0.85,2.63
3516,2011-08-09,8.86,9.2,8.5,9.11,37597,33710640.0,7.65,-0.44,-0.04,1.94
3517,2011-08-10,9.3,9.48,9.24,9.27,35825,33858600.0,2.63,1.76,0.16,1.84
3518,2011-08-11,9.05,9.67,8.93,9.63,50730,48213672.0,7.98,3.88,0.36,2.61
3519,2011-08-12,9.65,9.9,9.61,9.78,44680,43958824.0,3.01,1.56,0.15,2.3
3520,2011-08-15,9.78,10.05,9.75,9.98,38472,38595396.0,3.07,2.04,0.2,1.98
3521,2011-08-16,10.0,10.08,9.86,9.88,36147,36395996.0,2.2,-1.0,-0.1,1.86
3522,2011-08-17,9.87,10.15,9.81,10.05,35159,35404992.0,3.44,1.72,0.17,1.81
3523,2011-08-18,10.06,10.37,9.98,10.32,80449,82904264.0,3.88,2.69,0.27,4.14
3524,2011-08-19,10.11,10.38,9.84,9.97,80473,82224192.0,5.23,-3.39,-0.35,4.14
3525,2011-08-22,10.08,10.18,9.85,9.88,45864,46343768.0,3.31,-0.9,-0.09,2.36
3526,2011-08-23,9.92,10.02,9.76,9.95,31791,31718302.0,2.63,0.71,0.07,1.64
3527,2011-08-24,10.0,10.29,9.95,10.2,74419,76222616.0,3.42,2.51,0.25,3.83
3528,2011-08-25,10.18,10.28,10.0,10.24,61447,63050096.0,2.75,0.39,0.04,3.16
3529,2011-08-26,10.25,10.58,10.2,10.37,76456,80430208.0,3.71,1.27,0.13,3.94
3530,2011-08-29,10.45,10.64,10.36,10.55,125788,133185616.0,2.7,1.74,0.18,6.48
3531,2011-08-30,10.63,10.66,10.26,10.26,70989,74920320.0,3.79,-2.75,-0.29,3.65
3532,2011-08-31,10.35,10.36,10.08,10.26,34322,35420824.0,2.73,0.0,0.0,1.77
3533,2011-09-01,10.33,10.49,10.13,10.17,42493,44193956.0,3.51,-0.88,-0.09,2.19
3534,2011-09-02,10.17,10.26,9.89,10.03,40934,41401348.0,3.64,-1.38,-0.14,2.11
3535,2011-09-05,9.82,9.82,9.41,9.52,38229,37130812.0,4.09,-5.08,-0.51,1.97
3536,2011-09-06,9.4,9.53,9.35,9.42,22891,21810584.0,1.89,-1.05,-0.1,1.18
3537,2011-09-07,9.48,9.82,9.47,9.79,36682,35777956.0,3.72,3.93,0.37,1.89
3538,2011-09-08,9.85,9.89,9.73,9.8,34491,34150908.0,1.63,0.1,0.01,1.78
3539,2011-09-09,9.78,9.94,9.64,9.73,22075,21792282.0,3.06,-0.71,-0.07,1.14
3540,2011-09-13,9.55,9.6,9.45,9.51,17874,17182284.0,1.54,-2.26,-0.22,0.92
3541,2011-09-14,9.53,9.66,9.44,9.66,19123,18515804.0,2.31,1.58,0.15,0.98
3542,2011-09-15,9.7,9.83,9.63,9.66,22052,21675780.0,2.07,0.0,0.0,1.14
3543,2011-09-16,9.77,9.78,9.64,9.66,19974,19553836.0,1.45,0.0,0.0,1.03
3544,2011-09-19,9.65,9.65,9.25,9.28,22558,21478160.0,4.14,-3.93,-0.38,1.16
3545,2011-09-20,9.26,9.42,9.2,9.35,16086,15170972.0,2.37,0.75,0.07,0.83
3546,2011-09-21,9.4,9.68,9.29,9.66,29256,28193934.0,4.17,3.32,0.31,1.51
3547,2011-09-22,9.51,9.65,9.36,9.36,25018,24061856.0,3.0,-3.11,-0.3,1.29
3548,2011-09-23,9.11,9.34,9.11,9.25,18613,17337030.0,2.46,-1.18,-0.11,0.96
3549,2011-09-26,9.25,9.49,9.19,9.3,19338,18236828.0,3.24,0.54,0.05,1.0
3550,2011-09-27,9.35,9.44,9.02,9.13,23346,21701170.0,4.52,-1.83,-0.17,1.2
3551,2011-09-28,9.2,9.27,8.9,8.99,21673,19912534.0,4.05,-1.53,-0.14,1.12
3552,2011-09-29,8.81,8.99,8.11,8.17,40541,34855256.0,9.79,-9.12,-0.82,2.09
3553,2011-09-30,8.1,8.26,7.51,7.86,34942,27740798.0,9.18,-3.79,-0.31,1.8
3554,2011-10-10,7.75,7.89,7.65,7.75,17555,13778024.0,3.05,-1.4,-0.11,0.9
3555,2011-10-11,7.9,7.97,7.48,7.61,18848,14844919.0,6.32,-1.81,-0.14,0.97
3556,2011-10-12,7.55,7.9,7.5,7.87,33011,25981708.0,5.26,3.42,0.26,1.7
3557,2011-10-13,7.85,8.08,7.82,8.0,40801,32932776.0,3.3,1.65,0.13,2.1
3558,2011-10-14,8.0,8.03,7.77,7.89,33036,26385548.0,3.25,-1.38,-0.11,1.7
3559,2011-10-17,7.86,7.97,7.78,7.83,21597,17200288.0,2.41,-0.76,-0.06,1.11
3560,2011-10-18,7.77,7.78,7.48,7.48,26512,20524728.0,3.83,-4.47,-0.35,1.36
3561,2011-10-19,7.5,7.58,7.44,7.49,17715,13453594.0,1.87,0.13,0.01,0.91
3562,2011-10-20,7.49,7.49,7.05,7.09,26500,19275168.0,5.87,-5.34,-0.4,1.36
3563,2011-10-21,7.11,7.17,6.89,6.91,15980,11339555.0,3.95,-2.54,-0.18,0.82
3564,2011-10-24,6.94,6.99,6.59,6.95,44282,30585774.0,5.79,0.58,0.04,2.28
3565,2011-10-25,6.95,7.18,6.85,7.14,34402,24555722.0,4.75,2.73,0.19,1.77
3566,2011-10-26,7.07,7.32,7.06,7.17,39766,28988790.0,3.64,0.42,0.03,2.05
3567,2011-10-27,7.19,7.35,7.13,7.22,30776,22663208.0,3.07,0.7,0.05,1.58
3568,2011-10-28,7.29,7.49,7.27,7.45,43476,32491700.0,3.05,3.19,0.23,2.24
3569,2011-10-31,7.46,7.57,7.38,7.5,35712,26962308.0,2.55,0.67,0.05,1.84
3570,2011-11-01,7.45,7.79,7.43,7.7,62089,47951252.0,4.8,2.67,0.2,3.2
3571,2011-11-02,7.55,7.78,7.48,7.78,60283,46592876.0,3.9,1.04,0.08,3.1
3572,2011-11-03,7.81,8.0,7.72,7.91,71993,57389636.0,3.6,1.67,0.13,3.71
3573,2011-11-04,8.04,8.29,7.85,7.98,72252,58945484.0,5.56,0.88,0.07,3.72
3574,2011-11-07,7.9,8.0,7.76,7.85,38735,30874268.0,3.01,-1.63,-0.13,1.99
3575,2011-11-08,7.83,7.96,7.72,7.75,28207,22386758.0,3.06,-1.27,-0.1,1.45
3576,2011-11-09,7.8,7.99,7.75,7.99,43106,34380952.0,3.1,3.1,0.24,2.22
3577,2011-11-10,7.9,8.0,7.83,7.84,36889,29500600.0,2.13,-1.88,-0.15,1.9
3578,2011-11-11,7.86,8.13,7.85,7.96,48215,39059308.0,3.57,1.53,0.12,2.48
3579,2011-11-14,8.05,8.25,7.97,8.2,60795,49756840.0,3.52,3.02,0.24,3.13
3580,2011-11-15,8.2,8.46,8.13,8.45,82391,69176008.0,4.02,3.05,0.25,4.24
3581,2011-11-16,8.72,8.86,8.27,8.31,158894,137434016.0,6.98,-1.66,-0.14,8.18
3582,2011-11-17,8.34,8.39,8.05,8.11,53798,44477424.0,4.09,-2.41,-0.2,2.77
3583,2011-11-18,8.0,8.01,7.75,7.78,42563,33980788.0,3.21,-4.07,-0.33,2.19
3584,2011-11-21,7.77,7.88,7.63,7.88,24094,18849174.0,3.21,1.29,0.1,1.24
3585,2011-11-22,7.8,7.85,7.68,7.79,20087,15814486.0,2.16,-1.14,-0.09,1.03
3586,2011-11-23,7.84,8.08,7.84,7.92,49457,40024160.0,3.08,1.67,0.13,2.55
3587,2011-11-24,7.73,7.97,7.67,7.94,31038,24663942.0,3.79,0.25,0.02,1.6
3588,2011-11-25,7.88,7.96,7.75,7.75,22121,17607298.0,2.64,-2.39,-0.19,1.14
3589,2011-11-28,7.73,7.8,7.68,7.74,14694,11518548.0,1.55,-0.13,-0.01,0.76
3590,2011-11-29,7.83,8.03,7.78,8.03,33960,27249846.0,3.23,3.75,0.29,1.75
3591,2011-11-30,8.02,8.04,7.41,7.51,40659,31795078.0,7.85,-6.48,-0.52,2.09
3592,2011-12-01,7.76,7.84,7.6,7.61,32706,25679918.0,3.2,1.33,0.1,1.68
3593,2011-12-02,7.55,7.62,7.33,7.33,21295,16099853.0,3.81,-3.68,-0.28,1.1
3594,2011-12-05,7.39,7.39,7.0,7.02,15758,11384015.0,5.32,-4.23,-0.31,0.81
3595,2011-12-06,7.02,7.08,6.94,7.03,13163,9383962.0,1.99,0.14,0.01,0.68
3596,2011-12-07,7.04,7.16,7.03,7.09,8913,6406087.0,1.85,0.85,0.06,0.46
3597,2011-12-08,7.1,7.2,6.98,7.13,11559,8330902.5,3.1,0.56,0.04,0.6
3598,2011-12-09,7.07,7.15,6.98,7.04,9516,6811594.0,2.38,-1.26,-0.09,0.49
3599,2011-12-12,7.01,7.07,6.98,6.99,7295,5187910.5,1.28,-0.71,-0.05,0.38
3600,2011-12-13,6.98,6.98,6.59,6.6,15291,10424049.0,5.58,-5.58,-0.39,0.79
3601,2011-12-14,6.53,6.68,6.4,6.44,11820,7854454.0,4.24,-2.42,-0.16,0.61
3602,2011-12-15,6.4,6.4,6.15,6.19,16364,10413960.0,3.88,-3.88,-0.25,0.84
3603,2011-12-16,6.24,6.49,6.2,6.47,12198,7820695.0,4.68,4.52,0.28,0.63
3604,2011-12-19,6.43,6.64,6.31,6.6,14531,9514742.0,5.1,2.01,0.13,0.75
3605,2011-12-20,6.57,6.69,6.51,6.54,13658,9153276.0,2.73,-0.91,-0.06,0.7
3606,2011-12-21,6.65,6.66,6.3,6.31,10149,6703448.5,5.5,-3.52,-0.23,0.52
3607,2011-12-22,6.28,6.37,6.01,6.32,13528,8527582.0,5.71,0.16,0.01,0.7
3608,2011-12-23,6.25,6.5,6.25,6.41,17878,11616274.0,3.96,1.42,0.09,0.92
3609,2011-12-26,6.42,6.63,6.33,6.45,21559,14233177.0,4.68,0.62,0.04,1.11
3610,2011-12-27,6.38,6.52,6.26,6.26,14483,9351018.0,4.03,-2.95,-0.19,0.75
3611,2011-12-28,6.24,6.24,5.85,6.23,24083,14832224.0,6.23,-0.48,-0.03,1.24
3612,2011-12-29,6.16,6.37,6.1,6.26,35611,22578750.0,4.33,0.48,0.03,1.83
3613,2011-12-30,6.26,6.34,6.22,6.32,22602,14457111.0,1.92,0.96,0.06,1.16
3614,2012-01-04,6.38,6.42,6.1,6.11,18031,11548465.0,5.06,-3.32,-0.21,0.93
3615,2012-01-05,6.08,6.08,5.74,5.77,20119,12102727.0,5.56,-5.56,-0.34,1.04
3616,2012-01-06,5.69,5.82,5.64,5.8,13021,7572288.0,3.12,0.52,0.03,0.67
3617,2012-01-09,5.81,6.08,5.73,6.08,18650,11321432.0,6.03,4.83,0.28,0.96
3618,2012-01-10,6.08,6.39,6.05,6.35,33434,21319770.0,5.59,4.44,0.27,1.72
3619,2012-01-11,6.38,6.54,6.34,6.46,41905,27402674.0,3.15,1.73,0.11,2.16
3620,2012-01-12,6.46,6.54,6.38,6.43,25496,16699307.0,2.48,-0.46,-0.03,1.31
3621,2012-01-13,6.42,6.49,6.06,6.11,27639,17529222.0,6.69,-4.98,-0.32,1.42
3622,2012-01-16,6.03,6.14,5.9,5.9,15574,9520519.0,3.93,-3.44,-0.21,0.8
3623,2012-01-17,5.9,6.3,5.88,6.29,24165,15037145.0,7.12,6.61,0.39,1.24
3624,2012-01-18,6.3,6.41,6.18,6.21,27089,17303038.0,3.66,-1.27,-0.08,1.39
3625,2012-01-19,6.15,6.33,6.1,6.32,19037,12117266.0,3.7,1.77,0.11,0.98
3626,2012-01-20,6.33,6.48,6.33,6.44,24007,15663595.0,2.37,1.9,0.12,1.24
3627,2012-01-30,6.48,6.48,6.31,6.31,17600,11381775.0,2.64,-2.02,-0.13,0.91
3628,2012-01-31,6.3,6.32,6.2,6.27,12441,7886590.0,1.9,-0.63,-0.04,0.64
3629,2012-02-01,6.29,6.32,6.15,6.17,12987,8229868.5,2.71,-1.59,-0.1,0.67
3630,2012-02-03,6.53,6.56,6.32,6.41,44387,28927922.0,3.89,3.89,0.24,2.29
3631,2012-02-06,6.36,6.6,6.35,6.6,49448,32618644.0,3.9,2.96,0.19,2.55
3632,2012-02-07,6.57,6.58,6.35,6.43,30891,20213742.0,3.48,-2.58,-0.17,1.59
3633,2012-02-08,6.43,6.6,6.35,6.59,37882,25027196.0,3.89,2.49,0.16,1.95
3634,2012-02-09,6.55,6.73,6.55,6.6,42973,28955088.0,2.73,0.15,0.01,2.21
3635,2012-02-10,6.61,6.74,6.6,6.68,48610,32949950.0,2.12,1.21,0.08,2.5
3636,2012-02-13,6.6,6.87,6.51,6.84,58827,40364436.0,5.39,2.4,0.16,3.03
3637,2012-02-14,6.78,7.0,6.76,7.0,54228,37950356.0,3.51,2.34,0.16,2.79
3638,2012-02-15,7.01,7.2,6.92,7.0,110907,79053192.0,4.0,0.0,0.0,5.71
3639,2012-02-16,6.94,7.17,6.91,7.17,82396,58714876.0,3.71,2.43,0.17,4.24
3640,2012-02-17,7.3,7.5,6.95,7.1,119710,88041384.0,7.67,-0.98,-0.07,6.16
3641,2012-02-20,7.18,7.32,7.05,7.06,62671,45507872.0,3.8,-0.56,-0.04,3.23
3642,2012-02-21,7.02,7.11,6.95,7.08,35210,25069328.0,2.27,0.28,0.02,1.81
3643,2012-02-22,7.08,7.23,7.03,7.21,55931,40561288.0,2.82,1.84,0.13,2.88
3644,2012-02-23,7.15,7.38,7.15,7.32,85135,62785552.0,3.19,1.53,0.11,4.38
3645,2012-02-24,7.33,7.45,7.26,7.45,63095,47158136.0,2.6,1.78,0.13,3.25
3646,2012-02-27,7.43,7.97,7.43,7.65,167724,131596600.0,7.25,2.68,0.2,8.63
3647,2012-02-28,7.6,7.84,7.51,7.72,84727,66025216.0,4.31,0.92,0.07,4.36
3648,2012-02-29,7.8,8.0,7.67,7.88,113570,90575272.0,4.27,2.07,0.16,5.85
3649,2012-03-01,7.8,7.95,7.71,7.84,55412,43883580.0,3.05,-0.51,-0.04,2.85
3650,2012-03-02,7.83,8.17,7.72,7.9,164981,133285744.0,5.74,0.77,0.06,8.49
3651,2012-03-05,7.94,8.05,7.81,7.88,125210,100250640.0,3.04,-0.25,-0.02,6.45
3652,2012-03-06,7.95,7.98,7.77,7.85,104344,83577544.0,2.66,-0.38,-0.03,5.37
3653,2012-03-07,7.78,7.89,7.55,7.62,84938,67004780.0,4.33,-2.93,-0.23,4.37
3654,2012-03-08,7.62,7.73,7.55,7.69,62810,48654728.0,2.36,0.92,0.07,3.23
3655,2012-03-09,7.72,7.79,7.65,7.76,50656,39634828.0,1.82,0.91,0.07,2.61
3656,2012-03-12,7.76,7.84,7.72,7.79,40929,32289544.0,1.55,0.39,0.03,2.11
3657,2012-03-13,7.82,8.0,7.8,7.99,72337,57923300.0,2.57,2.57,0.2,3.72
3658,2012-03-14,8.0,8.03,7.4,7.47,82411,64943536.0,7.88,-6.51,-0.52,4.24
3659,2012-03-15,7.43,7.56,7.0,7.19,58777,43298720.0,7.5,-3.75,-0.28,3.03
3660,2012-03-16,7.23,7.6,7.19,7.57,49780,37429012.0,5.7,5.29,0.38,2.56
3661,2012-03-19,7.64,8.34,7.64,8.34,133602,110356024.0,9.25,10.17,0.77,6.88
3662,2012-03-20,8.4,8.44,8.03,8.09,155270,128612697.0,4.92,-3.0,-0.25,7.99
3663,2012-03-21,8.1,8.25,7.85,8.22,123768,100943754.0,4.94,1.61,0.13,6.37
3664,2012-03-22,8.15,8.29,8.03,8.21,72593,59950090.0,3.16,-0.12,-0.01,3.74
3665,2012-03-23,8.12,8.16,7.9,7.94,57355,46364043.0,3.17,-3.29,-0.27,2.95
3666,2012-03-26,7.97,8.14,7.92,8.05,54643,44396608.0,2.77,1.39,0.11,2.81
3667,2012-03-27,8.05,8.18,7.94,8.01,56943,46484962.0,2.98,-0.5,-0.04,2.93
3668,2012-03-28,7.95,7.95,7.31,7.44,65549,50564130.0,7.99,-7.12,-0.57,3.37
3669,2012-03-29,7.3,7.57,7.2,7.52,47934,36080219.0,4.97,1.08,0.08,2.47
3670,2012-03-30,7.48,7.56,7.27,7.3,32934,24651407.0,3.86,-2.93,-0.22,1.7
3671,2012-04-05,7.34,7.77,7.34,7.75,51229,39443066.0,5.89,6.16,0.45,2.64
3672,2012-04-06,7.75,7.85,7.65,7.77,46497,36465463.0,2.58,0.26,0.02,2.39
3673,2012-04-09,7.77,7.78,7.58,7.7,30724,23938297.0,2.57,-0.9,-0.07,1.58
3674,2012-04-10,7.62,7.83,7.36,7.83,41617,32224584.0,6.1,1.69,0.13,2.14
3675,2012-04-11,7.7,8.02,7.67,7.98,72979,58363618.0,4.47,1.92,0.15,3.76
3676,2012-04-12,8.02,8.25,7.99,8.14,95209,78279017.0,3.26,2.01,0.16,4.9
3677,2012-04-13,8.14,8.18,8.0,8.14,68312,55979293.0,2.21,0.0,0.0,3.52
3678,2012-04-16,8.35,8.6,8.31,8.34,141479,120446643.0,3.56,2.46,0.2,7.28
3679,2012-04-17,8.25,8.35,8.02,8.05,80447,66663417.0,3.96,-3.48,-0.29,4.14
3680,2012-04-18,8.08,8.87,8.06,8.8,277511,243453619.0,10.06,9.32,0.75,14.29
3681,2012-04-19,8.63,9.0,8.53,8.9,192561,170532524.0,5.34,1.14,0.1,9.91
3682,2012-04-20,8.89,8.92,8.69,8.87,120110,107216558.0,2.58,-0.34,-0.03,6.18
3683,2012-04-23,8.95,9.18,8.73,8.93,135118,122017997.0,5.07,0.68,0.06,6.96
3684,2012-04-24,8.8,8.85,8.16,8.69,109028,94507885.0,7.73,-2.69,-0.24,5.61
3685,2012-04-25,8.58,9.48,8.38,9.05,165277,148229810.0,12.66,4.14,0.36,8.51
3686,2012-04-26,9.06,9.28,8.93,9.09,160151,147954310.0,3.87,0.44,0.04,8.24
3687,2012-04-27,9.01,9.18,8.69,8.69,96725,87004412.0,5.39,-4.4,-0.4,4.98
3688,2012-05-02,8.81,8.82,8.45,8.64,85085,74161607.0,4.26,-0.58,-0.05,4.38
3689,2012-05-03,8.57,8.73,8.5,8.66,56947,49531269.0,2.66,0.23,0.02,2.93
3690,2012-05-04,8.62,9.0,8.53,8.86,77481,68609207.0,5.43,2.31,0.2,3.99
3691,2012-05-07,8.78,9.0,8.71,8.95,72162,64859497.0,3.27,1.02,0.09,3.71
3692,2012-05-08,8.95,9.16,8.76,8.88,76024,68809799.0,4.47,-0.78,-0.07,3.91
3693,2012-05-09,8.78,8.94,8.65,8.75,56069,49801716.0,3.27,-1.46,-0.13,2.89
3694,2012-05-10,8.71,9.16,8.7,8.81,54941,49497286.0,5.26,0.69,0.06,2.83
3695,2012-05-11,8.81,8.95,8.74,8.76,34164,30570795.0,2.38,-0.57,-0.05,1.76
3696,2012-05-14,8.87,9.01,8.61,8.85,71723,64046039.0,4.57,1.03,0.09,3.69
3697,2012-05-15,8.73,9.05,8.65,9.0,104598,94353909.0,4.52,1.69,0.15,5.38
3698,2012-05-16,8.99,9.18,8.86,8.86,72969,66453317.0,3.56,-1.56,-0.14,3.76
3699,2012-05-17,8.86,9.39,8.8,9.28,147887,136541813.0,6.66,4.74,0.42,7.61
3700,2012-05-21,9.03,9.38,8.76,8.94,128564,117436958.0,6.68,-3.66,-0.34,6.62
3701,2012-05-22,9.09,9.09,8.78,8.91,75198,67765539.0,3.47,-0.34,-0.03,3.87
3702,2012-05-23,8.89,9.04,8.83,8.91,54297,49038002.0,2.36,0.0,0.0,2.8
3703,2012-05-24,8.85,9.15,8.8,9.09,111381,101398272.0,3.93,2.02,0.18,5.73
3704,2012-05-25,9.08,9.21,8.83,9.01,93724,85619861.0,4.18,-0.88,-0.08,4.82
3705,2012-05-28,8.95,9.18,8.62,8.99,109327,98878794.0,6.22,-0.22,-0.02,5.63
3706,2012-05-29,8.96,9.18,8.9,9.07,125283,114905126.0,3.11,0.89,0.08,6.45
3707,2012-05-30,9.05,9.23,8.94,8.96,85715,78552514.0,3.2,-1.21,-0.11,4.41
3708,2012-05-31,8.93,8.93,8.7,8.71,79104,70223367.0,2.57,-2.79,-0.25,4.07
3709,2012-06-01,8.67,8.76,8.61,8.62,48272,42400795.0,1.72,-1.03,-0.09,2.49
3710,2012-06-04,8.52,8.68,8.4,8.42,46034,39701413.0,3.25,-2.32,-0.2,2.37
3711,2012-06-05,8.45,8.53,8.37,8.44,34760,29729668.0,1.9,0.24,0.02,1.79
3712,2012-06-06,8.48,8.49,8.01,8.07,62477,52085911.0,5.69,-4.38,-0.37,3.22
3713,2012-06-07,8.18,8.19,8.0,8.02,30616,25078208.0,2.35,-0.62,-0.05,1.57
3714,2012-06-08,8.07,8.15,8.0,8.07,31254,25507938.0,1.87,0.62,0.05,1.61
3715,2012-06-11,8.1,8.29,8.06,8.27,30466,25211033.0,2.85,2.48,0.2,1.56
3716,2012-06-12,8.2,8.26,8.16,8.17,20639,17118732.0,1.21,-1.21,-0.1,1.06
3717,2012-06-13,8.2,8.31,8.2,8.29,26693,22339834.0,1.35,1.47,0.12,1.37
3718,2012-06-14,8.24,8.37,8.24,8.3,26510,22312656.0,1.57,0.12,0.01,1.36
3719,2012-06-15,8.29,8.37,8.05,8.15,37806,31424643.0,3.86,-1.81,-0.15,1.94
3720,2012-06-18,8.22,8.25,8.17,8.24,21926,18230198.0,0.98,1.1,0.09,1.13
3721,2012-06-19,8.23,8.23,8.05,8.08,24799,20367248.0,2.18,-1.94,-0.16,1.27
3722,2012-06-20,8.12,8.14,7.98,7.98,20177,16463713.0,1.98,-1.24,-0.1,1.04
3723,2012-06-21,7.98,8.08,7.94,7.98,26267,21276422.0,1.75,0.0,0.0,1.35
3724,2012-06-25,7.96,7.96,7.63,7.66,25493,20043442.0,4.14,-4.01,-0.32,1.31
3725,2012-06-26,7.64,7.67,7.53,7.63,14849,11453216.0,1.83,-0.39,-0.03,0.76
3726,2012-06-27,7.63,7.74,7.6,7.63,14001,10882588.0,1.83,0.0,0.0,0.72
3727,2012-06-28,7.67,7.68,7.5,7.5,14683,11283205.0,2.36,-1.7,-0.13,0.75
3728,2012-06-29,7.48,7.63,7.39,7.6,21701,16578437.0,3.2,1.33,0.1,1.11
3729,2012-07-02,7.65,7.77,7.62,7.71,24397,19027870.0,1.97,1.45,0.11,1.25
3730,2012-07-03,7.72,8.05,7.71,8.0,49132,39570740.0,4.41,3.76,0.29,2.52
3731,2012-07-04,7.97,8.06,7.93,7.98,29660,24012032.0,1.63,-0.25,-0.02,1.52
3732,2012-07-05,7.95,7.97,7.66,7.75,25247,19896882.0,3.88,-2.88,-0.23,1.3
3733,2012-07-06,7.78,8.08,7.7,8.01,32780,26228264.0,4.9,3.35,0.26,1.68
3734,2012-07-09,8.03,8.31,7.96,8.09,83147,68988288.0,4.37,1.0,0.08,4.27
3735,2012-07-10,8.09,8.09,7.9,8.06,37050,30042927.0,2.35,-0.37,-0.03,1.9
3736,2012-07-11,7.98,8.13,7.98,8.11,27398,22382581.0,1.86,0.62,0.05,1.41
3737,2012-07-12,8.11,8.31,8.01,8.3,59166,49352520.0,3.7,2.34,0.19,3.04
3738,2012-07-13,8.29,8.31,8.16,8.21,30191,25124338.0,1.81,-1.08,-0.09,1.55
3739,2012-07-16,8.2,8.27,7.85,7.87,36934,30207438.0,5.12,-4.14,-0.34,1.9
3740,2012-07-17,7.85,7.86,7.63,7.79,24730,19358196.0,2.92,-1.02,-0.08,1.27
3741,2012-07-18,7.74,7.76,7.52,7.72,24875,19256458.0,3.08,-0.9,-0.07,1.28
3742,2012-07-19,7.71,7.91,7.67,7.85,29032,22997167.0,3.11,1.68,0.13,1.49
3743,2012-07-20,7.81,7.85,7.73,7.75,19071,14998641.0,1.53,-1.27,-0.1,0.98
3744,2012-07-23,7.71,7.71,7.55,7.56,16682,12830532.0,2.06,-2.45,-0.19,0.86
3745,2012-07-24,7.51,7.72,7.51,7.67,17513,13594289.0,2.78,1.46,0.11,0.9
3746,2012-07-25,7.63,7.64,7.45,7.48,18407,14095609.0,2.48,-2.48,-0.19,0.95
3747,2012-07-26,7.47,7.58,7.46,7.48,10361,7896339.0,1.6,0.0,0.0,0.53
3748,2012-07-27,7.5,7.54,7.4,7.42,10537,7972815.0,1.87,-0.8,-0.06,0.54
3749,2012-07-30,7.48,7.49,7.2,7.24,12354,9182795.0,3.91,-2.43,-0.18,0.63
3750,2012-07-31,7.21,7.27,6.98,7.06,15863,11388940.0,4.01,-2.49,-0.18,0.81
3751,2012-08-01,6.97,7.17,6.97,7.11,14102,10172471.0,2.83,0.71,0.05,0.72
3752,2012-08-02,7.1,7.13,6.89,6.99,13702,9722396.0,3.38,-1.69,-0.12,0.7
3753,2012-08-03,7.05,7.17,7.01,7.17,14568,10498881.0,2.29,2.58,0.18,0.75
3754,2012-08-06,7.16,7.37,7.13,7.35,22102,16254016.0,3.35,2.51,0.18,1.14
3755,2012-08-07,7.34,7.43,7.32,7.41,19950,14910663.0,1.5,0.82,0.06,1.02
3756,2012-08-08,7.41,7.43,7.29,7.36,16000,11928449.0,1.89,-0.67,-0.05,0.82
3757,2012-08-09,7.35,7.46,7.31,7.45,20461,15358928.0,2.04,1.22,0.09,1.05
3758,2012-08-10,7.45,7.48,7.35,7.37,16158,12119786.0,1.74,-1.07,-0.08,0.83
3759,2012-08-13,7.38,7.4,7.24,7.24,14313,10614359.0,2.17,-1.76,-0.13,0.74
3760,2012-08-14,7.24,7.35,7.07,7.34,16513,12097158.0,3.87,1.38,0.1,0.85
3761,2012-08-15,7.31,7.35,7.21,7.21,11387,8394504.0,1.91,-1.77,-0.13,0.58
3762,2012-08-16,7.16,7.25,7.15,7.16,9234,6728374.0,1.39,-0.69,-0.05,0.47
3763,2012-08-17,7.16,7.23,7.1,7.2,8155,5908763.0,1.82,0.56,0.04,0.42
3764,2012-08-20,7.17,7.24,7.09,7.19,9506,6888177.0,2.08,-0.14,-0.01,0.49
3765,2012-08-21,7.16,7.35,7.16,7.32,15947,11787257.0,2.64,1.81,0.13,0.82
3766,2012-08-22,7.33,7.38,7.26,7.33,12499,9281268.0,1.64,0.14,0.01,0.64
3767,2012-08-23,7.35,7.39,7.29,7.38,12920,9629601.0,1.36,0.68,0.05,0.66
3768,2012-08-24,7.36,7.36,7.2,7.3,16259,11995975.0,2.17,-1.08,-0.08,0.84
3769,2012-08-27,7.23,7.23,7.1,7.13,10852,7866916.0,1.78,-2.33,-0.17,0.56
3770,2012-08-28,7.13,7.25,7.12,7.2,9867,7187548.0,1.82,0.98,0.07,0.51
3771,2012-08-29,7.0,7.0,6.84,6.9,34090,23926208.0,2.22,-4.17,-0.3,1.75
3772,2012-08-30,6.88,6.93,6.58,6.66,20202,13850054.0,5.07,-3.48,-0.24,1.04
3773,2012-08-31,6.74,6.74,6.63,6.7,13864,9405160.0,1.65,0.6,0.04,0.71
3774,2012-09-03,6.68,6.97,6.65,6.95,22475,15653638.0,4.78,3.73,0.25,1.15
3775,2012-09-04,6.95,6.96,6.85,6.9,17603,12318170.0,1.58,-0.72,-0.05,0.9
3776,2012-09-05,6.88,7.0,6.84,6.98,15921,11235403.0,2.32,1.16,0.08,0.82
3777,2012-09-06,6.98,7.09,6.97,7.08,17115,12247008.0,1.72,1.43,0.1,0.88
3778,2012-09-07,7.15,7.38,7.09,7.33,42433,31312219.0,4.1,3.53,0.25,2.18
3779,2012-09-10,7.32,7.58,7.29,7.47,45367,34211042.0,3.96,1.91,0.14,2.33
3780,2012-09-11,7.42,7.48,7.29,7.44,39603,29596669.0,2.54,-0.4,-0.03,2.03
3781,2012-09-12,7.48,7.54,7.36,7.46,29839,22479373.0,2.42,0.27,0.02,1.53
3782,2012-09-13,7.5,8.17,7.48,7.73,125312,99581798.0,9.25,3.62,0.27,6.44
3783,2012-09-14,7.78,7.9,7.67,7.86,69907,55196183.0,2.98,1.68,0.13,3.59
3784,2012-09-17,7.89,8.15,7.82,7.83,88179,71252172.0,4.2,-0.38,-0.03,4.53
3785,2012-09-18,7.74,7.76,7.51,7.62,38325,29690394.0,3.19,-2.68,-0.21,1.97
3786,2012-09-19,7.6,7.82,7.57,7.74,38104,29793304.0,3.28,1.57,0.12,1.96
3787,2012-09-20,7.76,7.76,7.35,7.36,41765,31843931.0,5.3,-4.91,-0.38,2.15
3788,2012-09-21,7.32,7.48,7.21,7.23,35296,26278471.0,3.67,-1.77,-0.13,1.81
3789,2012-09-24,7.2,7.27,7.0,7.17,25671,18537455.0,3.73,-0.83,-0.06,1.32
3790,2012-09-25,7.16,7.25,7.08,7.17,18554,13475356.0,2.37,0.0,0.0,0.95
3791,2012-09-26,7.2,7.2,6.68,6.7,32490,22732986.0,7.25,-6.56,-0.47,1.67
3792,2012-09-27,6.75,6.93,6.64,6.91,32473,22418081.0,4.33,3.13,0.21,1.67
3793,2012-09-28,6.82,7.0,6.81,6.98,28952,20354234.0,2.75,1.01,0.07,1.49
3794,2012-10-08,7.05,7.17,6.94,6.95,29129,20819690.0,3.3,-0.43,-0.03,1.5
3795,2012-10-09,6.91,7.08,6.9,7.07,31739,22616487.0,2.59,1.73,0.12,1.63
3796,2012-10-10,7.04,7.09,6.97,7.08,28779,20545242.0,1.7,0.14,0.01,1.48
3797,2012-10-11,7.05,7.05,6.9,6.92,25356,17981796.0,2.12,-2.26,-0.16,1.3
3798,2012-10-12,6.91,6.99,6.8,6.84,19483,13601963.0,2.75,-1.16,-0.08,1.0
3799,2012-10-15,6.85,6.85,6.7,6.77,14646,10056266.0,2.19,-1.02,-0.07,0.75
3800,2012-10-16,6.78,6.93,6.77,6.89,21596,15050000.0,2.36,1.77,0.12,1.11
3801,2012-10-17,6.89,6.93,6.79,6.92,20219,14071507.0,2.03,0.44,0.03,1.04
3802,2012-10-18,6.9,7.02,6.87,6.99,29709,20998475.0,2.17,1.01,0.07,1.53
3803,2012-10-19,7.0,7.0,6.93,6.95,15784,11145585.0,1.0,-0.57,-0.04,0.81
3804,2012-10-22,6.91,7.01,6.91,7.0,14361,10148269.0,1.44,0.72,0.05,0.74
3805,2012-10-23,7.01,7.02,6.91,6.91,14595,10320144.0,1.57,-1.29,-0.09,0.75
3806,2012-10-24,6.81,6.87,6.8,6.81,18068,12518125.0,1.01,-1.45,-0.1,0.93
3807,2012-10-25,6.82,6.86,6.71,6.71,13441,9274340.0,2.2,-1.47,-0.1,0.69
3808,2012-10-26,6.7,6.74,6.49,6.52,16292,10891977.0,3.73,-2.83,-0.19,0.84
3809,2012-10-29,6.48,6.6,6.41,6.48,9625,6340494.0,2.91,-0.61,-0.04,0.49
3810,2012-10-30,6.5,6.55,6.44,6.46,12639,8335450.0,1.7,-0.31,-0.02,0.65
3811,2012-10-31,6.45,6.47,6.35,6.43,15718,10207916.0,1.86,-0.46,-0.03,0.81
3812,2012-11-01,6.43,6.56,6.41,6.54,17759,11749359.0,2.33,1.71,0.11,0.91
3813,2012-11-02,6.54,6.63,6.53,6.6,17805,11895052.0,1.53,0.92,0.06,0.91
3814,2012-11-05,6.58,6.62,6.54,6.56,10503,7006373.0,1.21,-0.61,-0.04,0.54
3815,2012-11-06,6.56,6.6,6.4,6.46,12125,7943016.0,3.05,-1.52,-0.1,0.62
3816,2012-11-07,6.46,6.53,6.43,6.48,9986,6578880.0,1.55,0.31,0.02,0.51
3817,2012-11-08,6.45,6.68,6.38,6.52,32142,21428482.0,4.63,0.62,0.04,1.65
3818,2012-11-09,6.5,6.57,6.4,6.4,13789,9052379.0,2.61,-1.84,-0.12,0.71
3819,2012-11-12,6.4,6.49,6.4,6.44,7412,4846323.0,1.41,0.63,0.04,0.38
3820,2012-11-13,6.42,6.55,6.38,6.44,16865,11092536.0,2.64,0.0,0.0,0.87
3821,2012-11-14,6.41,6.44,6.27,6.31,13237,8486618.0,2.64,-2.02,-0.13,0.68
3822,2012-11-15,6.29,6.29,5.96,6.03,15175,9459193.0,5.23,-4.44,-0.28,0.78
3823,2012-11-16,6.02,6.05,5.93,5.99,10109,6132723.0,1.99,-0.66,-0.04,0.52
3824,2012-11-19,6.0,6.01,5.92,5.98,7370,4467266.0,1.5,-0.17,-0.01,0.38
3825,2012-11-20,5.98,6.04,5.96,5.96,8048,4904328.0,1.34,-0.33,-0.02,0.41
3826,2012-11-21,5.93,6.07,5.85,6.07,17052,10348292.0,3.69,1.85,0.11,0.88
3827,2012-11-22,6.0,6.02,5.91,5.94,9030,5475822.0,1.81,-2.14,-0.13,0.46
3828,2012-11-23,5.93,6.02,5.92,5.93,7358,4464570.0,1.68,-0.17,-0.01,0.38
3829,2012-11-26,5.97,6.07,5.93,5.95,10567,6445255.0,2.36,0.34,0.02,0.54
3830,2012-11-27,5.98,6.0,5.71,5.73,13365,7955913.0,4.87,-3.7,-0.22,0.69
3831,2012-11-28,5.71,5.71,5.51,5.53,10923,6199171.0,3.49,-3.49,-0.2,0.56
3832,2012-11-29,5.51,5.56,5.4,5.42,7859,4395559.0,2.89,-1.99,-0.11,0.4
3833,2012-11-30,5.42,5.53,5.4,5.51,13444,7485099.0,2.4,1.66,0.09,0.69
3834,2012-12-03,5.49,5.52,5.25,5.28,9849,5435028.0,4.9,-4.17,-0.23,0.51
3835,2012-12-04,5.28,5.38,5.19,5.36,11222,6036301.0,3.6,1.52,0.08,0.58
3836,2012-12-05,5.37,5.59,5.33,5.58,22010,12361873.0,4.85,4.1,0.22,1.13
3837,2012-12-06,5.57,5.6,5.5,5.53,12617,7122251.0,1.79,-0.9,-0.05,0.65
3838,2012-12-07,5.53,5.71,5.5,5.69,20329,11681640.0,3.8,2.89,0.16,1.04
3839,2012-12-10,5.76,5.79,5.7,5.78,15360,8987115.0,1.58,1.58,0.09,0.79
3840,2012-12-11,5.78,5.81,5.71,5.71,16706,9795313.0,1.73,-1.21,-0.07,0.86
3841,2012-12-12,5.73,5.81,5.65,5.74,15589,9071424.0,2.8,0.53,0.03,0.8
3842,2012-12-13,5.81,5.87,5.69,5.7,21447,12603462.0,3.14,-0.7,-0.04,1.1
3843,2012-12-14,5.7,5.98,5.65,5.94,30993,18480969.0,5.79,4.21,0.24,1.59
3844,2012-12-17,5.9,5.99,5.9,5.96,25442,15388736.0,1.52,0.34,0.02,1.31
3845,2012-12-18,5.98,6.0,5.9,5.93,28249,17084939.0,1.68,-0.5,-0.03,1.45
3846,2012-12-19,5.9,5.98,5.9,5.95,12997,7856556.0,1.35,0.34,0.02,0.67
3847,2012-12-20,5.92,5.97,5.86,5.93,16055,9654845.0,1.85,-0.34,-0.02,0.82
3848,2012-12-21,5.95,5.98,5.88,5.96,20670,12493191.0,1.69,0.51,0.03,1.06
3849,2012-12-24,5.97,6.04,5.92,6.0,18923,11530752.0,2.01,0.67,0.04,0.97
3850,2012-12-25,5.99,6.15,5.99,6.12,31144,19282320.0,2.67,2.0,0.12,1.6
3851,2012-12-26,6.18,6.32,6.15,6.28,35862,22800417.0,2.78,2.61,0.16,1.84
3852,2012-12-27,6.3,6.33,6.17,6.17,28681,18152523.0,2.55,-1.75,-0.11,1.47
3853,2012-12-28,6.15,6.23,6.12,6.23,18946,11905519.0,1.78,0.97,0.06,0.97
3854,2012-12-31,6.23,6.36,6.2,6.36,32135,20565393.0,2.57,2.09,0.13,1.65
3855,2013-01-04,6.36,6.37,6.2,6.21,23738,15119762.0,2.67,-2.36,-0.15,1.22
3856,2013-01-07,6.22,6.3,6.17,6.29,19344,12259178.0,2.09,1.29,0.08,0.99
3857,2013-01-08,6.29,6.38,6.26,6.36,25210,16185058.0,1.91,1.11,0.07,1.29
3858,2013-01-09,6.36,6.43,6.29,6.34,25026,16159423.0,2.2,-0.31,-0.02,1.29
3859,2013-01-10,6.38,6.42,6.32,6.38,22213,14367143.0,1.58,0.63,0.04,1.14
3860,2013-01-11,6.48,6.59,6.27,6.29,59293,38919612.0,5.02,-1.41,-0.09,3.05
3861,2013-01-14,6.24,6.46,6.22,6.44,35775,23133617.0,3.82,2.38,0.15,1.84
3862,2013-01-15,6.44,6.63,6.42,6.58,45710,30357770.0,3.26,2.17,0.14,2.35
3863,2013-01-16,6.55,6.67,6.48,6.65,42524,28396240.0,2.89,1.06,0.07,2.18
3864,2013-01-17,6.62,6.69,6.51,6.53,26048,17402880.0,2.71,-1.8,-0.12,1.34
3865,2013-01-18,6.56,6.67,6.5,6.57,32839,21902810.0,2.6,0.61,0.04,1.69
3866,2013-01-21,6.59,6.72,6.55,6.66,30936,20904732.0,2.59,1.37,0.09,1.59
3867,2013-01-22,6.66,6.66,6.49,6.52,26967,18004882.0,2.55,-2.1,-0.14,1.39
3868,2013-01-23,6.48,6.54,6.36,6.45,25307,16576572.0,2.76,-1.07,-0.07,1.3
3869,2013-01-24,6.45,6.55,6.2,6.25,31731,20532090.0,5.43,-3.1,-0.2,1.63
3870,2013-01-25,6.24,6.3,6.22,6.27,10419,6626568.0,1.28,0.32,0.02,0.54
3871,2013-01-28,6.29,6.43,6.28,6.41,14094,9119179.0,2.39,2.23,0.14,0.72
3872,2013-01-29,6.45,6.54,6.42,6.47,24397,16027745.0,1.87,0.94,0.06,1.25
3873,2013-01-30,6.47,6.62,6.45,6.61,38133,25328956.0,2.63,2.16,0.14,1.96
3874,2013-01-31,6.61,6.63,6.51,6.6,28225,18818093.0,1.82,-0.15,-0.01,1.45
3875,2013-02-01,6.58,6.75,6.52,6.73,55384,37463569.0,3.48,1.97,0.13,2.84
3876,2013-02-04,6.72,7.02,6.69,6.84,75215,52162237.0,4.9,1.63,0.11,3.86
3877,2013-02-05,6.79,6.8,6.6,6.8,38643,26307893.0,2.92,-0.58,-0.04,1.98
3878,2013-02-06,6.75,6.85,6.71,6.79,28078,19310180.0,2.06,-0.15,-0.01,1.44
3879,2013-02-07,6.79,6.81,6.65,6.8,29445,20182485.0,2.36,0.15,0.01,1.51
3880,2013-02-08,6.78,6.9,6.72,6.88,43047,29893357.0,2.65,1.18,0.08,2.21
3881,2013-02-18,6.91,6.99,6.84,6.9,54055,37781952.0,2.18,0.29,0.02,2.78
3882,2013-02-19,6.9,6.94,6.69,6.73,38414,26398010.0,3.62,-2.46,-0.17,1.97
3883,2013-02-20,6.71,6.88,6.68,6.88,31392,21604110.0,2.97,2.23,0.15,1.61
3884,2013-02-21,6.81,6.81,6.65,6.75,40170,27436069.0,2.33,-1.89,-0.13,2.06
3885,2013-02-22,6.74,6.77,6.67,6.68,18143,12366251.0,1.48,-1.04,-0.07,0.93
3886,2013-02-25,6.73,6.75,6.69,6.74,15025,10248801.0,0.9,0.9,0.06,0.77
3887,2013-02-26,6.7,6.75,6.58,6.58,19865,13484345.0,2.52,-2.37,-0.16,1.02
3888,2013-02-27,6.59,6.65,6.46,6.49,17902,11890614.0,2.89,-1.37,-0.09,0.92
3889,2013-02-28,6.49,6.64,6.46,6.6,21820,14513290.0,2.77,1.69,0.11,1.12
3890,2013-03-01,6.59,6.68,6.58,6.68,22630,15239519.0,1.52,1.21,0.08,1.16
3891,2013-03-04,6.65,6.81,6.54,6.66,43802,29708339.0,4.04,-0.3,-0.02,2.25
3892,2013-03-05,6.7,6.8,6.57,6.78,40621,27751515.0,3.45,1.8,0.12,2.09
3893,2013-03-06,6.79,6.86,6.74,6.83,45847,31733985.0,1.77,0.74,0.05,2.35
3894,2013-03-07,6.81,6.99,6.79,6.88,70745,49590760.0,2.93,0.73,0.05,3.63
3895,2013-03-08,6.92,6.94,6.8,6.83,28353,19714920.0,2.03,-0.73,-0.05,1.46
3896,2013-03-11,6.81,6.85,6.77,6.83,17372,12012754.0,1.17,0.0,0.0,0.89
3897,2013-03-12,6.8,6.86,6.46,6.56,34400,23195234.0,5.86,-3.95,-0.27,1.77
3898,2013-03-13,6.56,6.56,6.46,6.5,14920,9856814.0,1.52,-0.91,-0.06,0.77
3899,2013-03-14,6.55,6.59,6.47,6.55,12573,8348063.0,1.85,0.77,0.05,0.65
3900,2013-03-15,6.54,6.66,6.48,6.56,17936,11996352.0,2.75,0.15,0.01,0.92
3901,2013-03-18,6.51,6.61,6.51,6.52,12285,8168443.0,1.52,-0.61,-0.04,0.63
3902,2013-03-19,6.53,6.56,6.41,6.5,17509,11531022.0,2.3,-0.31,-0.02,0.9
3903,2013-03-20,6.51,6.7,6.49,6.69,27441,18419769.0,3.23,2.92,0.19,1.41
3904,2013-03-21,6.69,6.8,6.69,6.78,31554,21610968.0,1.64,1.35,0.09,1.62
3905,2013-03-22,6.8,6.82,6.72,6.8,17827,12264373.0,1.47,0.29,0.02,0.92
3906,2013-03-25,6.84,6.92,6.78,6.87,38920,27123117.0,2.06,1.03,0.07,2.0
3907,2013-03-26,6.84,7.08,6.82,7.02,75684,53304336.0,3.78,2.18,0.15,3.89
3908,2013-03-27,7.0,7.05,6.9,6.95,55367,39112953.0,2.14,-1.0,-0.07,2.84
3909,2013-03-28,6.89,6.9,6.65,6.7,36049,24696134.0,3.6,-3.6,-0.25,1.85
3910,2013-03-29,6.66,6.81,6.66,6.76,23854,16302417.0,2.24,0.9,0.06,1.23
3911,2013-04-01,6.72,6.83,6.67,6.7,25034,17166854.0,2.37,-0.89,-0.06,1.29
3912,2013-04-02,6.72,6.74,6.53,6.53,28716,19310875.0,3.13,-2.54,-0.17,1.47
3913,2013-04-03,6.54,6.58,6.46,6.56,18421,12182906.0,1.84,0.46,0.03,0.95
3914,2013-04-08,6.2,6.33,6.0,6.32,26175,16510953.0,5.03,-3.66,-0.24,1.34
3915,2013-04-09,6.3,6.43,6.26,6.41,16979,10969495.0,2.69,1.42,0.09,0.87
3916,2013-04-10,6.41,6.5,6.34,6.37,14936,9693704.0,2.5,-0.62,-0.04,0.77
3917,2013-04-11,6.4,6.44,6.33,6.36,11447,7406138.0,1.73,-0.16,-0.01,0.59
3918,2013-04-12,6.34,6.38,6.29,6.3,8599,5534839.0,1.42,-0.94,-0.06,0.44
3919,2013-04-15,6.15,6.23,6.01,6.06,17944,11120643.0,3.49,-3.81,-0.24,0.92
3920,2013-04-16,6.0,6.1,5.94,6.09,12323,7566307.0,2.64,0.5,0.03,0.63
3921,2013-04-17,6.13,6.13,6.03,6.08,6994,4314959.0,1.64,-0.16,-0.01,0.36
3922,2013-04-18,6.06,6.11,6.03,6.1,10485,6479149.0,1.32,0.33,0.02,0.54
3923,2013-04-19,6.1,6.43,6.1,6.36,26940,17182705.0,5.41,4.26,0.26,1.38
3924,2013-04-22,6.24,6.31,6.23,6.31,13506,8608308.0,1.26,-0.79,-0.05,0.69
3925,2013-04-23,6.33,6.35,6.22,6.31,34212,21854152.0,2.06,0.0,0.0,1.76
3926,2013-04-24,6.24,6.43,6.24,6.41,23186,14952683.0,3.01,1.58,0.1,1.19
3927,2013-04-25,6.42,6.44,6.2,6.25,17581,11344567.0,3.74,-2.5,-0.16,0.9
3928,2013-04-26,6.27,6.3,5.96,5.98,24258,14901141.0,5.44,-4.32,-0.27,1.25
3929,2013-05-02,5.97,5.97,5.74,5.8,14374,8488020.0,3.85,-3.01,-0.18,0.74
3930,2013-05-03,5.8,5.9,5.8,5.83,18323,10902649.0,1.72,0.52,0.03,0.94
3931,2013-05-06,5.83,5.9,5.77,5.88,17753,10537045.0,2.23,0.86,0.05,0.91
3932,2013-05-07,5.85,5.87,5.82,5.85,10345,6153723.0,0.85,-0.51,-0.03,0.53
3933,2013-05-08,5.85,5.92,5.85,5.88,15017,8975721.0,1.2,0.51,0.03,0.77
3934,2013-05-09,5.89,5.89,5.78,5.84,14161,8399472.0,1.87,-0.68,-0.04,0.73
3935,2013-05-10,5.85,6.0,5.81,5.95,26830,16139886.0,3.25,1.88,0.11,1.38
3936,2013-05-13,5.9,5.94,5.85,5.93,17224,10318543.0,1.51,-0.34,-0.02,0.88
3937,2013-05-14,5.9,5.92,5.83,5.86,10111,6023337.0,1.52,-1.18,-0.07,0.52
3938,2013-05-15,5.86,5.91,5.86,5.9,12474,7464759.0,0.85,0.68,0.04,0.64
3939,2013-05-16,5.9,5.96,5.86,5.95,17875,10769769.0,1.69,0.85,0.05,0.92
3940,2013-05-17,5.96,6.01,5.93,6.0,25574,15554059.0,1.34,0.84,0.05,1.31
3941,2013-05-20,6.0,6.07,6.0,6.05,26916,16524078.0,1.17,0.83,0.05,1.38
3942,2013-05-21,6.03,6.09,6.03,6.07,23758,14638488.0,0.99,0.33,0.02,1.22
3943,2013-05-22,6.07,6.09,6.02,6.04,18530,11399238.0,1.15,-0.49,-0.03,0.95
3944,2013-05-23,6.0,6.07,5.98,6.0,20486,12557393.0,1.49,-0.66,-0.04,1.05
3945,2013-05-24,5.99,6.09,5.98,6.08,35385,21759073.0,1.83,1.33,0.08,1.82
3946,2013-05-27,6.08,6.16,6.08,6.15,32091,19970903.0,1.32,1.15,0.07,1.65
3947,2013-05-28,6.24,6.37,6.19,6.33,78952,50398077.0,2.93,2.93,0.18,4.06
3948,2013-05-29,6.33,6.39,6.26,6.37,44494,28688878.0,2.05,0.63,0.04,2.29
3949,2013-05-30,6.35,6.38,6.29,6.35,27799,17929200.0,1.41,-0.31,-0.02,1.43
3950,2013-05-31,6.31,6.48,6.28,6.42,35411,23112014.0,3.15,1.1,0.07,1.82
3951,2013-06-03,6.6,6.6,6.26,6.6,46432,30613211.0,5.3,2.8,0.18,2.38
3952,2013-06-04,6.56,6.93,6.45,6.79,144998,99246068.0,7.27,2.88,0.19,7.45
3953,2013-06-05,6.78,7.15,6.63,6.98,199026,140672102.0,7.66,2.8,0.19,10.22
3954,2013-06-06,6.95,7.01,6.86,6.88,61960,43454160.0,2.15,-1.43,-0.1,3.18
3955,2013-06-07,6.88,7.4,6.88,7.05,195525,141977964.0,7.56,2.47,0.17,10.04
3956,2013-06-13,7.0,7.6,6.83,7.41,214056,158202857.0,10.92,5.11,0.36,10.99
3957,2013-06-14,7.35,7.84,7.3,7.59,207678,160364965.0,7.29,2.43,0.18,10.67
3958,2013-06-17,7.57,7.65,7.5,7.54,132217,101213039.0,1.98,-0.66,-0.05,6.79
3959,2013-06-18,7.49,8.08,7.35,7.86,169138,133559409.0,9.68,4.24,0.32,8.69
3960,2013-06-19,7.75,8.12,7.69,7.88,181963,145866782.0,5.47,0.25,0.02,9.35
3961,2013-06-20,7.92,7.95,7.51,7.51,173968,135312013.0,5.58,-4.7,-0.37,8.94
3962,2013-06-21,7.35,7.68,6.76,7.34,96908,71913115.0,12.25,-2.26,-0.17,4.98
3963,2013-06-24,7.32,7.42,7.07,7.13,75814,55331058.0,4.77,-2.86,-0.21,3.89
3964,2013-06-25,7.11,7.85,6.96,7.81,255021,192884804.0,12.48,9.54,0.68,13.1
3965,2013-06-26,7.83,8.25,7.7,7.95,194457,155619474.0,7.04,1.79,0.14,9.99
3966,2013-06-27,7.99,8.34,7.45,7.58,218554,172260355.0,11.19,-4.65,-0.37,11.23
3967,2013-06-28,7.3,7.8,7.26,7.43,99138,75737358.0,7.12,-1.98,-0.15,5.09
3968,2013-07-01,7.49,7.88,7.35,7.76,159525,125284223.0,7.13,4.44,0.33,8.19
3969,2013-07-02,7.77,7.98,7.61,7.71,92185,72322539.0,4.77,-0.64,-0.05,4.73
3970,2013-07-03,7.76,7.76,7.46,7.54,74863,57390214.0,3.89,-2.2,-0.17,3.85
3971,2013-07-04,7.52,7.78,7.5,7.6,128655,99890045.0,3.71,0.8,0.06,6.61
3972,2013-07-05,7.59,8.04,7.47,7.98,232475,180858023.0,7.5,5.0,0.38,11.94
3973,2013-07-08,8.05,8.66,7.92,8.28,322983,273432688.0,9.27,3.76,0.3,16.59
3974,2013-07-09,8.18,8.75,7.97,8.28,267989,225803140.0,9.42,0.0,0.0,13.76
3975,2013-07-10,8.26,8.48,7.8,7.8,247368,201324176.0,8.21,-5.8,-0.48,12.71
3976,2013-07-11,7.73,7.74,7.15,7.46,293486,220720498.0,7.56,-4.36,-0.34,15.07
3977,2013-07-12,7.3,7.39,7.26,7.31,141841,105121250.0,1.74,-2.01,-0.15,7.29
3978,2013-07-15,7.32,7.34,7.13,7.16,116123,84612635.0,2.87,-2.05,-0.15,5.96
3979,2013-07-16,7.16,7.28,7.13,7.26,79080,57733444.0,2.09,1.4,0.1,4.06
3980,2013-07-17,7.28,7.29,6.9,6.94,104088,74585303.0,5.37,-4.41,-0.32,5.35
3981,2013-07-18,6.94,7.11,6.87,6.97,67711,48007204.0,3.46,0.43,0.03,3.48
3982,2013-07-19,6.94,7.03,6.52,6.58,94793,65205702.0,7.32,-5.6,-0.39,4.87
3983,2013-07-22,6.52,6.56,6.37,6.46,62762,41076117.0,2.89,-1.82,-0.12,3.22
3984,2013-07-23,6.45,6.66,6.44,6.66,65454,43599872.0,3.41,3.1,0.2,3.36
3985,2013-07-24,6.64,6.73,6.56,6.7,64356,43267501.0,2.55,0.6,0.04,3.31
3986,2013-07-25,6.7,6.71,6.48,6.5,55842,37201707.0,3.43,-2.99,-0.2,2.87
3987,2013-07-26,6.5,6.56,6.24,6.29,44657,28720363.0,4.92,-3.23,-0.21,2.29
3988,2013-07-29,6.29,6.29,6.13,6.19,34170,21452587.0,2.54,-1.59,-0.1,1.75
3989,2013-07-30,6.16,6.3,6.11,6.27,39359,24854744.0,3.07,1.29,0.08,2.02
3990,2013-07-31,6.28,6.34,6.26,6.28,27755,17685565.0,1.28,0.16,0.01,1.43
3991,2013-08-01,6.28,6.36,6.24,6.34,41344,26501953.0,1.91,0.96,0.06,2.12
3992,2013-08-02,6.34,6.44,6.33,6.35,38855,25098134.0,1.74,0.16,0.01,2.0
3993,2013-08-05,6.35,6.58,6.32,6.54,51441,33824672.0,4.09,2.99,0.19,2.64
3994,2013-08-06,6.54,6.65,6.42,6.57,67998,45074500.0,3.52,0.46,0.03,3.49
3995,2013-08-07,6.57,6.59,6.47,6.49,42173,27829306.0,1.83,-1.22,-0.08,2.17
3996,2013-08-08,6.48,6.51,6.41,6.47,30171,19714185.0,1.54,-0.31,-0.02,1.55
3997,2013-08-09,6.47,6.55,6.43,6.55,35035,23011658.0,1.85,1.24,0.08,1.8
3998,2013-08-12,6.54,6.61,6.53,6.59,46443,30910939.0,1.22,0.61,0.04,2.39
3999,2013-08-13,6.61,6.67,6.6,6.67,48380,32486727.0,1.06,1.21,0.08,2.48
4000,2013-08-14,6.67,6.68,6.55,6.58,37051,24809303.0,1.95,-1.35,-0.09,1.9
4001,2013-08-15,6.59,6.59,6.47,6.49,35270,23348897.0,1.82,-1.37,-0.09,1.81
4002,2013-08-16,6.5,6.58,6.33,6.33,40759,26544361.0,3.85,-2.47,-0.16,2.09
4003,2013-08-19,6.31,6.39,6.28,6.39,22009,14140617.0,1.74,0.95,0.06,1.13
4004,2013-08-20,6.37,6.42,6.32,6.36,23027,14861766.0,1.56,-0.47,-0.03,1.18
4005,2013-08-21,6.32,6.43,6.32,6.4,22258,14420264.0,1.73,0.63,0.04,1.14
4006,2013-08-22,6.41,6.47,6.39,6.43,26278,17130580.0,1.25,0.47,0.03,1.35
4007,2013-08-23,6.41,6.51,6.38,6.51,39849,25998602.0,2.02,1.24,0.08,2.05
4008,2013-08-26,6.52,6.8,6.52,6.8,79637,54023190.0,4.3,4.45,0.29,4.09
4009,2013-08-27,6.79,6.85,6.7,6.79,44601,30508226.0,2.21,-0.15,-0.01,2.29
4010,2013-08-28,6.76,6.76,6.64,6.65,39082,26501596.0,1.77,-2.06,-0.14,2.01
4011,2013-08-29,6.68,6.86,6.64,6.72,50672,34615591.0,3.31,1.05,0.07,2.6
4012,2013-08-30,6.76,6.84,6.58,6.75,62229,42372532.0,3.87,0.45,0.03,3.2
4013,2013-09-02,6.75,7.07,6.65,6.99,101070,70860647.0,6.22,3.56,0.24,5.19
4014,2013-09-03,6.99,7.08,6.91,7.02,76622,54313760.0,2.43,0.43,0.03,3.94
4015,2013-09-04,7.02,7.02,6.88,6.93,54054,37871163.0,1.99,-1.28,-0.09,2.78
4016,2013-09-05,6.93,6.93,6.83,6.85,42207,29287400.0,1.44,-1.15,-0.08,2.17
4017,2013-09-06,6.84,6.9,6.84,6.88,34791,24165834.0,0.88,0.44,0.03,1.79
4018,2013-09-09,7.12,7.34,7.03,7.17,146208,106041814.0,4.51,4.22,0.29,7.51
4019,2013-09-10,7.17,7.7,7.05,7.48,143797,107746843.0,9.07,4.32,0.31,7.39
4020,2013-09-11,7.41,7.48,7.22,7.28,89393,66281448.0,3.48,-2.67,-0.2,4.59
4021,2013-09-12,7.27,7.43,7.21,7.37,60894,45133125.0,3.02,1.24,0.09,3.13
4022,2013-09-13,7.34,7.49,7.26,7.31,57877,42946953.0,3.12,-0.81,-0.06,2.97
4023,2013-09-16,7.3,7.52,7.29,7.49,94808,71294071.0,3.15,2.46,0.18,4.87
4024,2013-09-17,7.5,7.83,7.38,7.59,158674,122158485.0,6.01,1.34,0.1,8.15
4025,2013-09-18,7.67,8.23,7.54,8.08,210135,168319306.0,9.09,6.46,0.49,10.79
4026,2013-09-23,8.02,8.07,7.83,8.06,132823,106938850.0,2.97,-0.25,-0.02,6.82
4027,2013-09-24,8.02,8.36,7.85,7.97,144074,117293118.0,6.33,-1.12,-0.09,7.4
4028,2013-09-25,7.82,7.84,7.58,7.58,103310,80468688.0,3.26,-4.89,-0.39,5.31
4029,2013-09-26,7.57,7.61,7.28,7.39,87284,65476288.0,4.35,-2.51,-0.19,4.48
4030,2013-09-27,7.41,7.45,7.09,7.1,66187,48399307.0,4.87,-3.92,-0.29,3.4
4031,2013-09-30,7.07,7.25,7.07,7.15,46926,33992257.0,2.54,0.7,0.05,2.41
4032,2013-10-08,7.13,7.13,6.91,7.03,58245,41161716.0,3.08,-1.68,-0.12,2.99
4033,2013-10-09,6.95,7.09,6.95,7.08,51503,36554127.0,1.99,0.71,0.05,2.65
4034,2013-10-10,7.05,7.08,6.91,6.96,54052,38133898.0,2.4,-1.69,-0.12,2.78
4035,2013-10-11,7.0,7.07,6.96,7.07,54097,38432673.0,1.58,1.58,0.11,2.78
4036,2013-10-14,7.05,7.14,7.02,7.13,54211,38847503.0,1.7,0.85,0.06,2.78
4037,2013-10-15,7.12,7.13,6.95,6.98,55496,39327384.0,2.52,-2.1,-0.15,2.85
4038,2013-10-16,6.96,7.06,6.74,6.78,58524,41122480.0,4.58,-2.87,-0.2,3.01
4039,2013-10-17,6.82,6.89,6.65,6.7,42724,29227176.0,3.54,-1.18,-0.08,2.19
4040,2013-10-18,6.66,6.79,6.63,6.75,30013,20369494.0,2.39,0.75,0.05,1.54
4041,2013-10-21,6.74,6.83,6.68,6.82,33059,22590274.0,2.22,1.04,0.07,1.7
4042,2013-10-22,6.81,6.81,6.73,6.75,33613,22980325.0,1.17,-1.03,-0.07,1.73
4043,2013-10-23,6.76,6.76,6.52,6.54,33049,22180208.0,3.56,-3.11,-0.21,1.7
4044,2013-10-24,6.55,6.67,6.54,6.65,28021,18771166.0,1.99,1.68,0.11,1.44
4045,2013-10-25,6.65,6.75,6.52,6.71,40209,27094532.0,3.46,0.9,0.06,2.07
4046,2013-10-28,6.72,6.87,6.68,6.81,34901,24074064.0,2.83,1.49,0.1,1.79
4047,2013-10-29,6.82,6.84,6.29,6.52,29090,19421461.0,8.08,-4.26,-0.29,1.49
4048,2013-10-30,6.53,6.61,6.44,6.6,13921,9238989.0,2.61,1.23,0.08,0.71
4049,2013-10-31,6.61,6.62,6.42,6.53,18216,12019537.0,3.03,-1.06,-0.07,0.94
4050,2013-11-01,6.51,6.55,6.42,6.48,14265,9347246.0,1.99,-0.77,-0.05,0.73
4051,2013-11-04,6.45,6.6,6.44,6.6,15557,10288770.0,2.47,1.85,0.12,0.8
4052,2013-11-05,6.57,6.71,6.51,6.68,18186,12187884.0,3.03,1.21,0.08,0.93
4053,2013-11-06,6.68,6.75,6.62,6.63,15588,10528379.0,1.95,-0.75,-0.05,0.8
4054,2013-11-07,6.6,6.64,6.46,6.48,16644,11017157.0,2.71,-2.26,-0.15,0.85
4055,2013-11-08,6.45,6.55,6.39,6.4,10321,6738697.0,2.47,-1.23,-0.08,0.53
4056,2013-11-11,6.4,6.49,6.4,6.45,7113,4646510.0,1.41,0.78,0.05,0.37
4057,2013-11-12,6.46,6.64,6.45,6.61,14774,9790152.0,2.95,2.48,0.16,0.76
4058,2013-11-13,6.57,6.58,6.42,6.44,13089,8605672.0,2.42,-2.57,-0.17,0.67
4059,2013-11-14,6.43,6.49,6.35,6.49,12507,8133037.0,2.17,0.78,0.05,0.64
4060,2013-11-15,6.47,6.77,6.47,6.66,31682,21306820.0,4.62,2.62,0.17,1.63
4061,2013-11-18,6.73,6.79,6.64,6.76,48041,32594006.0,2.25,1.5,0.1,2.47
4062,2013-11-19,6.72,6.92,6.69,6.84,57893,40006749.0,3.4,1.18,0.08,2.97
4063,2013-11-21,6.82,6.82,6.57,6.74,49967,33713897.0,3.65,-1.46,-0.1,2.57
4064,2013-11-22,6.72,6.83,6.64,6.8,40071,27253495.0,2.82,0.89,0.06,2.06
4065,2013-11-25,6.77,6.98,6.72,6.87,45040,31375318.0,3.82,1.03,0.07,2.31
4066,2013-11-26,6.89,6.96,6.77,6.91,30754,21336989.0,2.77,0.58,0.04,1.58
4067,2013-11-27,6.88,7.1,6.83,7.05,59913,42391877.0,3.91,2.03,0.14,3.08
4068,2013-11-28,7.06,7.34,6.93,7.25,87857,63597830.0,5.82,2.84,0.2,4.51
4069,2013-11-29,7.28,7.28,7.06,7.08,68408,49381715.0,3.03,-2.34,-0.17,3.51
4070,2013-12-02,6.94,6.94,6.53,6.58,59502,40608698.0,5.79,-7.06,-0.5,3.06
4071,2013-12-03,6.6,6.73,6.57,6.72,28053,18894586.0,2.43,2.13,0.14,1.44
4072,2013-12-04,6.72,6.83,6.65,6.78,36155,24762119.0,2.68,0.89,0.06,1.86
4073,2013-12-05,6.77,6.8,6.71,6.78,25578,17470164.0,1.33,0.0,0.0,1.31
4074,2013-12-06,6.75,6.8,6.72,6.75,18333,12527985.0,1.18,-0.44,-0.03,0.94
4075,2013-12-09,6.74,6.78,6.72,6.73,19090,13029898.0,0.89,-0.3,-0.02,0.98
4076,2013-12-10,6.73,6.77,6.66,6.7,26679,18108000.0,1.63,-0.45,-0.03,1.37
4077,2013-12-11,6.69,6.69,6.55,6.57,23940,15976794.0,2.09,-1.94,-0.13,1.23
4078,2013-12-12,6.55,6.73,6.55,6.64,23230,15666315.0,2.74,1.07,0.07,1.19
4079,2013-12-13,6.61,6.7,6.57,6.65,19209,12926279.0,1.96,0.15,0.01,0.99
4080,2013-12-16,6.67,6.73,6.56,6.59,18729,12560330.0,2.56,-0.9,-0.06,0.96
4081,2013-12-17,6.59,6.61,6.56,6.58,14643,9751936.0,0.76,-0.15,-0.01,0.75
4082,2013-12-18,6.58,6.72,6.58,6.66,18003,12120538.0,2.13,1.22,0.08,0.92
4083,2013-12-19,6.71,6.72,6.59,6.59,12340,8288781.0,1.95,-1.05,-0.07,0.63
4084,2013-12-20,6.58,6.62,6.42,6.46,15646,10279463.0,3.03,-1.97,-0.13,0.8
4085,2013-12-23,6.42,6.46,6.34,6.4,13420,8686974.0,1.86,-0.93,-0.06,0.69
4086,2013-12-24,6.44,6.49,6.38,6.46,11453,7480081.0,1.72,0.94,0.06,0.59
4087,2013-12-25,6.46,6.51,6.41,6.49,9811,6413845.0,1.55,0.46,0.03,0.5
4088,2013-12-26,6.49,6.49,6.32,6.32,11750,7595914.0,2.62,-2.62,-0.17,0.6
4089,2013-12-27,6.32,6.44,6.29,6.42,9449,6117942.0,2.37,1.58,0.1,0.49
4090,2013-12-30,6.44,6.5,6.43,6.46,9108,5955236.0,1.09,0.62,0.04,0.47
4091,2013-12-31,6.43,6.52,6.43,6.47,9729,6382935.0,1.39,0.15,0.01,0.5
4092,2014-01-02,6.44,6.66,6.44,6.63,29631,19768464.0,3.4,2.47,0.16,1.52
4093,2014-01-03,6.59,6.66,6.56,6.63,18412,12328140.0,1.51,0.0,0.0,0.95
4094,2014-01-06,6.63,6.64,6.4,6.41,13382,8768509.0,3.62,-3.32,-0.22,0.69
4095,2014-01-07,6.36,6.6,6.35,6.57,21356,14045900.0,3.9,2.5,0.16,1.1
4096,2014-01-08,6.56,6.67,6.54,6.62,22543,15116195.0,1.98,0.76,0.05,1.16
4097,2014-01-09,6.62,6.87,6.54,6.57,39017,26457772.0,4.98,-0.76,-0.05,2.0
4098,2014-01-10,6.49,6.76,6.3,6.6,42456,28009278.0,7.0,0.46,0.03,2.18
4099,2014-01-13,6.58,6.58,6.37,6.43,16078,10515920.0,3.18,-2.58,-0.17,0.83
4100,2014-01-14,6.42,6.51,6.39,6.5,11598,7589169.0,1.87,1.09,0.07,0.6
4101,2014-01-15,6.46,6.53,6.42,6.48,9694,6348070.0,1.69,-0.31,-0.02,0.5
4102,2014-01-16,6.48,6.51,6.4,6.42,16165,10540800.0,1.7,-0.93,-0.06,0.83
4103,2014-01-17,6.42,6.42,6.1,6.13,33470,21047013.0,4.98,-4.52,-0.29,1.72
4104,2014-01-20,6.13,6.16,6.04,6.08,10260,6312413.0,1.96,-0.82,-0.05,0.53
4105,2014-01-21,6.09,6.16,6.08,6.15,10856,6726578.0,1.32,1.15,0.07,0.56
4106,2014-01-22,6.12,6.29,6.12,6.28,18468,11662407.0,2.76,2.11,0.13,0.95
4107,2014-01-23,6.28,6.36,6.24,6.26,19504,12444850.0,1.91,-0.32,-0.02,1.0
4108,2014-01-24,6.23,6.4,6.23,6.38,20745,13344933.0,2.72,1.92,0.12,1.07
4109,2014-01-27,6.32,6.39,6.28,6.38,20497,13157242.0,1.72,0.0,0.0,1.05
4110,2014-01-28,6.38,6.41,6.3,6.32,8061,5173830.0,1.72,-0.94,-0.06,0.41
4111,2014-01-29,6.3,6.38,6.28,6.33,11709,7503783.0,1.58,0.16,0.01,0.6
4112,2014-01-30,6.33,6.34,6.28,6.31,9105,5821311.0,0.95,-0.32,-0.02,0.47
4113,2014-02-07,6.24,6.37,6.24,6.37,9988,6401959.0,2.06,0.95,0.06,0.51
4114,2014-02-10,6.37,6.49,6.37,6.47,40192,26226869.0,1.88,1.57,0.1,2.06
4115,2014-02-11,6.56,6.78,6.55,6.62,56309,37913402.0,3.55,2.32,0.15,2.89
4116,2014-02-12,6.57,6.71,6.53,6.64,45588,30536789.0,2.72,0.3,0.02,2.34
4117,2014-02-13,6.62,6.64,6.52,6.54,35324,23544794.0,1.81,-1.51,-0.1,1.81
4118,2014-02-14,6.59,6.77,6.58,6.75,57536,39096073.0,2.91,3.21,0.21,2.96
4119,2014-02-17,6.75,6.83,6.68,6.82,49047,33632645.0,2.22,1.04,0.07,2.52
4120,2014-02-18,6.81,6.81,6.71,6.75,36224,24755537.0,1.47,-1.03,-0.07,1.86
4121,2014-02-19,6.8,6.9,6.77,6.8,52315,36139590.0,1.93,0.74,0.05,2.69
4122,2014-02-20,6.86,6.89,6.66,6.67,35217,24028713.0,3.38,-1.91,-0.13,1.81
4123,2014-02-21,6.64,6.72,6.51,6.55,31155,20794004.0,3.15,-1.8,-0.12,1.6
4124,2014-02-24,6.55,6.61,6.51,6.58,23543,15658237.0,1.53,0.46,0.03,1.21
4125,2014-02-25,6.72,6.72,6.37,6.38,30283,20165789.0,5.32,-3.04,-0.2,1.56
4126,2014-02-26,6.39,6.46,6.25,6.45,18918,12191649.0,3.29,1.1,0.07,0.97
4127,2014-02-27,6.52,6.56,6.45,6.46,21105,13871971.0,1.71,0.16,0.01,1.08
4128,2014-02-28,6.47,6.52,6.4,6.51,15069,9845611.0,1.86,0.77,0.05,0.77
4129,2014-03-03,6.49,6.63,6.46,6.59,21955,14583130.0,2.61,1.23,0.08,1.13
4130,2014-03-04,6.59,6.65,6.51,6.63,19830,13198820.0,2.12,0.61,0.04,1.02
4131,2014-03-05,6.62,6.7,6.56,6.61,28717,19306409.0,2.11,-0.3,-0.02,1.47
4132,2014-03-06,6.57,6.65,6.55,6.63,20433,13680374.0,1.51,0.3,0.02,1.05
4133,2014-03-07,6.63,6.67,6.54,6.58,22228,14888910.0,1.96,-0.75,-0.05,1.14
4134,2014-03-10,6.53,6.56,6.29,6.3,22907,14832438.0,4.1,-4.26,-0.28,1.18
4135,2014-03-11,6.27,6.36,6.25,6.31,15491,9890504.0,1.75,0.16,0.01,0.8
4136,2014-03-12,6.31,6.35,6.25,6.34,11649,7433039.0,1.58,0.48,0.03,0.6
4137,2014-03-13,6.37,6.41,6.33,6.39,14706,9498153.0,1.26,0.79,0.05,0.76
4138,2014-03-14,6.37,6.4,6.33,6.39,15038,9696839.0,1.1,0.0,0.0,0.77
4139,2014-03-17,6.38,6.5,6.38,6.49,16725,10928639.0,1.88,1.56,0.1,0.86
4140,2014-03-18,6.49,6.61,6.48,6.58,21506,14304207.0,2.0,1.39,0.09,1.1
4141,2014-03-19,6.58,6.73,6.5,6.71,41382,27848704.0,3.5,1.98,0.13,2.13
4142,2014-03-20,6.71,6.76,6.57,6.59,36477,24613126.0,2.83,-1.79,-0.12,1.87
4143,2014-03-21,6.59,6.85,6.55,6.83,68173,46563785.0,4.55,3.64,0.24,3.5
4144,2014-03-24,6.82,6.85,6.72,6.78,46338,31804403.0,1.9,-0.73,-0.05,2.38
4145,2014-03-25,6.75,6.77,6.64,6.7,38562,26127262.0,1.92,-1.18,-0.08,1.98
4146,2014-03-26,6.68,6.72,6.61,6.69,33487,22568772.0,1.64,-0.15,-0.01,1.72
4147,2014-03-27,6.68,6.69,6.57,6.6,24970,16749696.0,1.79,-1.35,-0.09,1.28
4148,2014-03-28,6.58,6.63,6.43,6.45,24140,15914129.0,3.03,-2.27,-0.15,1.24
4149,2014-03-31,6.47,6.81,6.46,6.65,59525,40251699.0,5.43,3.1,0.2,3.06
4150,2014-04-01,6.6,6.67,6.5,6.65,32427,21672549.0,2.56,0.0,0.0,1.67
4151,2014-04-02,6.62,6.73,6.57,6.68,30041,20276857.0,2.41,0.45,0.03,1.54
4152,2014-04-03,6.64,6.75,6.58,6.69,28698,19406345.0,2.54,0.15,0.01,1.47
4153,2014-04-04,6.67,6.8,6.63,6.8,36838,25137423.0,2.54,1.64,0.11,1.89
4154,2014-04-08,6.79,7.05,6.75,6.96,110033,77218374.0,4.41,2.35,0.16,5.65
4155,2014-04-09,6.93,6.94,6.84,6.87,56958,39598350.0,1.44,-1.29,-0.09,2.93
4156,2014-04-10,6.87,6.98,6.77,6.8,63016,43840997.0,3.06,-1.02,-0.07,3.24
4157,2014-04-11,6.72,6.73,6.62,6.67,45694,30865748.0,1.62,-1.91,-0.13,2.35
4158,2014-04-14,6.67,6.89,6.65,6.87,42104,28887391.0,3.6,3.0,0.2,2.16
4159,2014-04-15,6.83,7.22,6.83,7.0,151280,108131657.0,5.68,1.89,0.13,7.77
4160,2014-04-16,6.97,7.15,6.87,7.14,84948,60468280.0,4.0,2.0,0.14,4.36
4161,2014-04-17,7.12,7.29,7.03,7.04,86306,62535179.0,3.64,-1.4,-0.1,4.43
4162,2014-04-18,7.03,7.14,6.95,7.12,41666,29738351.0,2.7,1.14,0.08,2.14
4163,2014-04-21,7.06,7.17,6.96,6.98,46426,33189221.0,2.95,-1.97,-0.14,2.38
4164,2014-04-22,6.98,7.01,6.76,6.92,52555,36439036.0,3.58,-0.86,-0.06,2.7
4165,2014-04-23,6.9,6.97,6.83,6.9,24296,16941739.0,2.02,-0.29,-0.02,1.25
4166,2014-04-24,6.91,6.92,6.76,6.79,26733,18424187.0,2.32,-1.59,-0.11,1.37
4167,2014-04-25,6.78,6.78,6.52,6.53,37817,25450205.0,3.83,-3.83,-0.26,1.94
4168,2014-04-28,6.5,6.53,6.27,6.28,28332,18272657.0,3.98,-3.83,-0.25,1.46
4169,2014-04-29,6.28,6.4,6.25,6.4,17767,11419912.0,2.39,1.91,0.12,0.91
4170,2014-04-30,6.45,6.56,6.4,6.47,23005,14998700.0,2.5,1.09,0.07,1.18
4171,2014-05-05,6.48,6.5,6.39,6.48,13902,9042357.0,1.7,0.15,0.01,0.71
4172,2014-05-06,6.48,6.65,6.43,6.55,23131,15255603.0,3.4,1.08,0.07,1.19
4173,2014-05-07,6.53,6.55,6.33,6.34,27218,17617791.0,3.36,-3.21,-0.21,1.4
4174,2014-05-08,6.33,6.45,6.32,6.37,12786,8253058.0,2.05,0.47,0.03,0.66
4175,2014-05-09,6.35,6.45,6.33,6.41,11030,7101565.0,1.88,0.63,0.04,0.57
4176,2014-05-12,6.4,6.55,6.4,6.53,16416,10739667.0,2.34,1.87,0.12,0.84
4177,2014-05-13,6.53,6.63,6.5,6.59,19129,12664835.0,1.99,0.92,0.06,0.98
4178,2014-05-14,6.57,6.62,6.49,6.54,13469,8874325.0,1.97,-0.76,-0.05,0.69
4179,2014-05-15,6.51,6.53,6.38,6.38,14247,9266853.0,2.29,-2.45,-0.16,0.73
4180,2014-05-16,6.38,6.45,6.37,6.43,6880,4440233.0,1.25,0.78,0.05,0.35
4181,2014-05-19,6.43,6.47,6.31,6.46,8944,5757857.0,2.49,0.47,0.03,0.46
4182,2014-05-20,6.48,6.57,6.45,6.51,14736,9656602.0,1.86,0.77,0.05,0.76
4183,2014-05-21,6.51,6.63,6.45,6.55,16046,10588597.0,2.76,0.61,0.04,0.82
4184,2014-05-22,6.55,6.6,6.49,6.51,17259,11384094.0,1.68,-0.61,-0.04,0.89
4185,2014-05-23,6.5,6.57,6.47,6.57,12595,8263279.0,1.54,0.92,0.06,0.65
4186,2014-05-26,6.55,6.61,6.55,6.59,15923,10555515.0,0.91,0.3,0.02,0.82
4187,2014-05-27,6.58,6.6,6.53,6.55,12883,8523105.0,1.06,-0.61,-0.04,0.66
4188,2014-05-28,6.54,6.66,6.5,6.63,18786,12463592.0,2.44,1.22,0.08,0.96
4189,2014-05-29,6.62,6.62,6.51,6.52,13982,9249966.0,1.66,-1.66,-0.11,0.72
4190,2014-05-30,6.52,6.6,6.49,6.57,10086,6655982.0,1.69,0.77,0.05,0.52
4191,2014-06-03,6.56,6.59,6.51,6.52,10874,7179720.0,1.22,-0.76,-0.05,0.56
4192,2014-06-04,6.48,6.51,6.36,6.41,16279,10515768.0,2.3,-1.69,-0.11,0.84
4193,2014-06-05,6.41,6.48,6.39,6.48,10291,6672834.0,1.4,1.09,0.07,0.53
4194,2014-06-06,6.47,6.47,6.35,6.43,14091,9099090.0,1.85,-0.77,-0.05,0.72
4195,2014-06-09,6.42,6.46,6.39,6.41,9346,6051040.0,1.09,-0.31,-0.02,0.48
4196,2014-06-10,6.41,6.47,6.35,6.47,10437,6753027.0,1.87,0.94,0.06,0.54
4197,2014-06-11,6.43,6.47,6.41,6.47,10885,7058876.0,0.93,0.0,0.0,0.56
4198,2014-06-12,6.46,6.46,6.39,6.42,11331,7326981.0,1.08,-0.77,-0.05,0.58
4199,2014-06-13,6.42,6.58,6.41,6.54,27032,17805812.0,2.65,1.87,0.12,1.39
4200,2014-06-16,6.56,6.56,6.51,6.55,12903,8499182.0,0.76,0.15,0.01,0.66
4201,2014-06-17,6.55,6.61,6.51,6.53,20796,13741962.0,1.53,-0.31,-0.02,1.07
4202,2014-06-18,6.53,6.55,6.43,6.45,11630,7576996.0,1.84,-1.23,-0.08,0.6
4203,2014-06-19,6.43,6.51,6.3,6.31,18671,12025869.0,3.26,-2.17,-0.14,0.96
4204,2014-06-20,6.37,6.37,6.29,6.35,14763,9408446.0,1.27,0.63,0.04,0.76
4205,2014-06-23,6.47,6.47,6.39,6.42,14155,9158546.0,1.26,1.1,0.07,0.73
4206,2014-06-24,6.4,6.47,6.37,6.46,15648,10132189.0,1.56,0.62,0.04,0.8
4207,2014-06-25,6.46,6.48,6.41,6.48,13969,9092847.0,1.08,0.31,0.02,0.72
4208,2014-06-26,6.48,6.77,6.48,6.68,67285,45155505.0,4.48,3.09,0.2,3.45
4209,2014-06-27,6.64,7.0,6.64,6.79,85512,59011757.0,5.39,1.65,0.11,4.39
4210,2014-06-30,6.79,7.02,6.79,6.96,70192,48862761.0,3.39,2.5,0.17,3.6
4211,2014-07-01,6.96,7.1,6.88,6.92,58154,40671700.0,3.16,-0.57,-0.04,2.98
4212,2014-07-02,6.93,6.99,6.83,6.93,64887,45171232.0,2.31,0.14,0.01,3.33
4213,2014-07-03,7.05,7.05,6.74,6.82,109277,75344822.0,4.47,-1.59,-0.11,5.6
4214,2014-07-04,6.77,7.14,6.72,6.97,97715,68087201.0,6.16,2.2,0.15,5.01
4215,2014-07-07,6.87,6.93,6.82,6.87,44761,30957830.0,1.58,-1.43,-0.1,2.3
4216,2014-07-08,6.88,6.91,6.8,6.9,31083,21483600.0,1.6,0.44,0.03,1.59
4217,2014-07-09,6.88,6.94,6.74,6.75,35893,24697401.0,2.9,-2.17,-0.15,1.84
4218,2014-07-10,6.75,6.86,6.73,6.85,31668,21741522.0,1.93,1.48,0.1,1.62
4219,2014-07-11,6.83,6.89,6.81,6.86,21819,15080467.0,1.17,0.15,0.01,1.12
4220,2014-07-14,6.82,6.91,6.77,6.91,36197,25024651.0,2.04,0.73,0.05,1.86
4221,2014-07-15,6.9,6.9,6.84,6.86,25330,17516897.0,0.87,-0.72,-0.05,1.3
4222,2014-07-16,6.86,7.0,6.85,6.92,47067,32831927.0,2.19,0.87,0.06,2.41
4223,2014-07-17,6.89,6.96,6.78,6.83,31233,21568381.0,2.6,-1.3,-0.09,1.6
4224,2014-07-18,6.8,6.88,6.78,6.86,15318,10559830.0,1.46,0.44,0.03,0.79
4225,2014-07-21,6.87,6.92,6.81,6.87,20406,14129245.0,1.6,0.15,0.01,1.05
4226,2014-07-22,6.87,7.08,6.85,6.96,49247,34519097.0,3.35,1.31,0.09,2.53
4227,2014-07-23,6.94,7.01,6.88,6.88,26910,18809519.0,1.87,-1.15,-0.08,1.38
4228,2014-07-24,6.88,6.98,6.8,6.88,24849,17237631.0,2.62,0.0,0.0,1.27
4229,2014-07-25,6.86,6.98,6.85,6.96,25339,17648930.0,1.89,1.16,0.08,1.3
4230,2014-07-28,6.96,7.08,6.95,7.05,46445,32862981.0,1.87,1.29,0.09,2.38
4231,2014-07-29,7.05,7.32,7.01,7.22,87156,63131087.0,4.4,2.41,0.17,4.47
4232,2014-07-30,7.17,7.35,7.17,7.31,87396,64217304.0,2.49,1.25,0.09,4.48
4233,2014-07-31,7.3,7.31,7.22,7.29,29515,21590160.0,1.23,-0.27,-0.02,1.51
4234,2014-08-01,7.28,7.29,7.21,7.22,37057,27056802.0,1.1,-0.96,-0.07,1.9
4235,2014-08-04,7.21,7.28,7.17,7.27,34298,24935493.0,1.52,0.69,0.05,1.76
4236,2014-08-05,7.25,7.28,7.2,7.25,28467,20740814.0,1.1,-0.28,-0.02,1.46
4237,2014-08-06,7.23,7.3,7.19,7.3,26298,19210556.0,1.52,0.69,0.05,1.35
4238,2014-08-07,7.28,7.41,7.25,7.25,34121,25157535.0,2.19,-0.68,-0.05,1.75
4239,2014-08-08,7.25,7.35,7.22,7.3,19233,14097527.0,1.79,0.69,0.05,0.99
4240,2014-08-11,7.3,7.41,7.28,7.41,31554,23384083.0,1.78,1.51,0.11,1.62
4241,2014-08-12,7.41,7.48,7.35,7.43,33723,25260663.0,1.75,0.27,0.02,1.73
4242,2014-08-13,7.43,7.52,7.35,7.45,24820,18542877.0,2.29,0.27,0.02,1.27
4243,2014-08-14,7.46,7.53,7.37,7.4,41139,30833396.0,2.15,-0.67,-0.05,2.11
4244,2014-08-15,7.37,7.48,7.36,7.44,26900,20092154.0,1.62,0.54,0.04,1.38
4245,2014-08-18,7.42,7.54,7.38,7.54,50163,37636463.0,2.15,1.34,0.1,2.57
4246,2014-08-19,7.53,7.75,7.49,7.7,60427,46492446.0,3.45,2.12,0.16,3.1
4247,2014-08-20,7.68,7.76,7.58,7.68,39038,30077880.0,2.34,-0.26,-0.02,2.0
4248,2014-08-21,7.66,7.84,7.62,7.8,44373,34685017.0,2.86,1.56,0.12,2.28
4249,2014-08-22,8.02,8.16,7.85,7.85,88485,71069076.0,3.97,0.64,0.05,4.54
4250,2014-08-25,7.85,7.85,7.64,7.64,51560,40060776.0,2.68,-2.68,-0.21,2.64
4251,2014-08-26,7.65,7.71,7.4,7.47,45316,34367177.0,4.06,-2.23,-0.17,2.32
4252,2014-08-27,7.47,7.54,7.46,7.53,34100,25764076.0,1.07,0.8,0.06,1.75
4253,2014-08-28,7.53,7.66,7.46,7.47,32372,24669668.0,2.66,-0.8,-0.06,1.66
4254,2014-08-29,7.47,7.67,7.46,7.66,28029,21463525.0,2.81,2.54,0.19,1.44
4255,2014-09-01,7.7,7.87,7.66,7.86,30992,24342373.0,2.74,2.61,0.2,1.59
4256,2014-09-02,7.91,8.15,7.85,7.93,69760,56162269.0,3.82,0.89,0.07,3.58
4257,2014-09-03,7.93,8.04,7.9,7.98,46872,37593506.0,1.77,0.63,0.05,2.4
4258,2014-09-04,8.0,8.28,7.96,8.16,61024,49965238.0,4.01,2.26,0.18,3.13
4259,2014-09-05,8.16,8.33,8.05,8.15,40311,32954947.0,3.43,-0.12,-0.01,2.07
4260,2014-09-09,8.16,8.18,8.07,8.11,32188,26280670.0,1.35,-0.49,-0.04,1.65
4261,2014-09-10,8.09,8.26,8.06,8.22,40844,33548260.0,2.47,1.36,0.11,2.09
4262,2014-09-11,8.21,8.49,8.2,8.25,58190,48761163.0,3.53,0.36,0.03,2.98
4263,2014-09-12,8.25,8.53,8.25,8.53,59614,50476988.0,3.39,3.39,0.28,3.06
4264,2014-09-15,8.53,8.7,8.53,8.58,51051,44149620.0,1.99,0.59,0.05,2.62
4265,2014-09-16,8.61,8.72,8.2,8.21,73361,62850267.0,6.06,-4.31,-0.37,3.76
4266,2014-09-17,8.21,8.45,8.21,8.43,53904,45142195.0,2.92,2.68,0.22,2.76
4267,2014-09-18,8.44,8.58,8.34,8.56,45328,38591564.0,2.85,1.54,0.13,2.32
4268,2014-09-19,8.62,8.85,8.5,8.8,77956,68166151.0,4.09,2.8,0.24,4.0
4269,2014-09-22,8.8,8.85,8.6,8.79,59938,52812977.0,2.84,-0.11,-0.01,3.07
4270,2014-09-23,8.8,8.82,8.62,8.82,48875,43031388.0,2.28,0.34,0.03,2.51
4271,2014-09-24,8.8,9.09,8.73,8.98,121947,108081732.0,4.08,1.81,0.16,6.25
4272,2014-09-25,8.95,9.0,8.83,8.86,62771,56191454.0,1.89,-1.34,-0.12,3.22
4273,2014-09-26,8.86,8.89,8.69,8.83,40585,35910187.0,2.26,-0.34,-0.03,2.08
4274,2014-09-29,8.88,8.91,8.77,8.91,50635,45111374.0,1.59,0.91,0.08,2.6
4275,2014-09-30,8.95,9.06,8.82,9.04,66449,59930656.0,2.69,1.46,0.13,3.41
4276,2014-10-08,9.0,9.05,8.85,9.02,59913,54042776.0,2.21,-0.22,-0.02,3.07
4277,2014-10-09,9.0,9.06,8.75,8.88,71780,64512879.0,3.44,-1.55,-0.14,3.68
4278,2014-10-10,8.81,8.87,8.69,8.75,44942,39693997.0,2.03,-1.46,-0.13,2.3
4279,2014-10-13,8.74,8.87,8.64,8.84,40089,35191279.0,2.63,1.03,0.09,2.06
4280,2014-10-14,8.84,8.95,8.8,8.94,54503,48717151.0,1.7,1.13,0.1,2.8
4281,2014-10-15,8.93,8.99,8.81,8.91,46250,41352769.0,2.01,-0.34,-0.03,2.37
4282,2014-10-16,8.87,9.04,8.8,8.85,46764,41841208.0,2.69,-0.67,-0.06,2.4
4283,2014-10-17,8.83,8.89,8.36,8.46,52385,45145883.0,5.99,-4.41,-0.39,2.69
4284,2014-10-20,8.46,8.66,8.45,8.65,35836,30855607.0,2.48,2.25,0.19,1.84
4285,2014-10-21,8.65,8.72,8.55,8.55,23091,20033819.0,1.97,-1.16,-0.1,1.18
4286,2014-10-22,8.57,8.75,8.53,8.54,37854,32816762.0,2.57,-0.12,-0.01,1.94
4287,2014-10-23,8.51,8.7,8.34,8.37,36439,31090084.0,4.22,-1.99,-0.17,1.87
4288,2014-10-24,8.36,8.43,8.3,8.37,29335,24660791.0,1.55,0.0,0.0,1.5
4289,2014-10-27,8.33,8.41,8.27,8.37,24460,20516961.0,1.67,0.0,0.0,1.25
4290,2014-10-28,8.35,8.67,8.35,8.6,39576,34193890.0,3.82,2.75,0.23,2.03
4291,2014-10-29,8.64,8.8,8.61,8.75,35367,31050019.0,2.21,1.74,0.15,1.81
4292,2014-10-30,8.82,9.03,8.8,8.85,57448,51549654.0,2.63,1.14,0.1,2.95
4293,2014-10-31,8.9,9.14,8.87,9.1,64728,58914615.0,3.05,2.82,0.25,3.32
4294,2014-11-03,9.08,9.8,9.08,9.55,95049,89962107.0,7.91,4.95,0.45,4.87
4295,2014-11-04,9.59,9.59,9.26,9.38,38352,36277545.0,3.46,-1.78,-0.17,1.97
4296,2014-11-05,9.36,9.59,9.31,9.32,39773,37723206.0,2.99,-0.64,-0.06,2.04
4297,2014-11-06,9.35,9.41,9.11,9.4,39153,36383826.0,3.22,0.86,0.08,2.01
4298,2014-11-07,9.43,9.52,9.22,9.24,42096,39559100.0,3.19,-1.7,-0.16,2.16
4299,2014-11-10,9.34,9.79,9.32,9.45,72014,69278838.0,5.09,2.27,0.21,3.69
4300,2014-11-11,9.43,9.45,8.97,9.15,64899,59821963.0,5.08,-3.17,-0.3,3.33
4301,2014-11-12,9.15,9.27,8.95,9.27,28866,26600211.0,3.5,1.31,0.12,1.48
4302,2014-11-13,9.31,9.64,9.22,9.6,86174,82202252.0,4.53,3.56,0.33,4.42
4303,2014-11-14,9.55,9.55,9.24,9.49,36178,34139344.0,3.23,-1.15,-0.11,1.86
4304,2014-11-17,9.43,9.51,9.26,9.42,46161,43602722.0,2.63,-0.74,-0.07,2.37
4305,2014-11-18,9.32,9.7,9.32,9.44,53950,51667195.0,4.03,0.21,0.02,2.77
4306,2014-11-19,9.36,9.48,9.27,9.43,26355,24756651.0,2.22,-0.11,-0.01,1.35
4307,2014-11-20,9.32,9.53,9.31,9.4,22463,21284673.0,2.33,-0.32,-0.03,1.15
4308,2014-11-21,9.4,9.45,9.31,9.38,21384,20165975.0,1.49,-0.21,-0.02,1.1
4309,2014-11-24,9.47,9.95,9.41,9.65,110460,107520401.0,5.76,2.88,0.27,5.66
4310,2014-11-25,9.56,9.65,9.49,9.62,48277,46503347.0,1.66,-0.31,-0.03,2.48
4311,2014-11-26,9.62,10.5,9.49,10.12,106147,106446822.0,10.5,5.2,0.5,5.44
4312,2014-11-27,10.0,10.14,9.96,10.13,75998,76866332.0,1.78,0.1,0.01,3.9
4313,2014-11-28,10.13,10.81,10.11,10.41,118900,125407036.0,6.91,2.76,0.28,6.1
4314,2014-12-01,10.3,10.57,10.05,10.11,63364,65405344.0,5.0,-2.88,-0.3,3.25
4315,2014-12-02,10.1,10.25,9.96,10.06,46343,46958271.0,2.87,-0.49,-0.05,2.38
4316,2014-12-03,10.01,10.15,9.74,10.15,71366,70809449.0,4.08,0.89,0.09,3.66
4317,2014-12-04,10.11,10.17,10.0,10.07,53017,53769199.0,1.67,-0.79,-0.08,2.72
4318,2014-12-05,10.0,10.01,9.14,9.65,90603,87345241.0,8.64,-4.17,-0.42,4.65
4319,2014-12-08,9.47,9.89,9.43,9.66,61230,59680241.0,4.77,0.1,0.01,3.14
4320,2014-12-09,9.65,9.69,9.26,9.67,92975,88875579.0,4.45,0.1,0.01,4.77
4321,2014-12-10,9.55,9.86,9.35,9.86,44582,43368754.0,5.27,1.96,0.19,2.29
4322,2014-12-11,9.93,10.85,9.93,10.85,207352,222389452.0,9.33,10.04,0.99,10.63
4323,2014-12-12,10.95,11.03,10.43,10.58,159630,171112880.0,5.53,-2.49,-0.27,8.19
4324,2014-12-15,10.5,11.47,10.33,11.25,162124,178747010.0,10.78,6.33,0.67,8.31
4325,2014-12-16,11.14,11.3,10.85,11.03,104035,115322391.0,4.0,-1.96,-0.22,5.34
4326,2014-12-17,10.9,11.03,10.47,10.7,81013,86956343.0,5.08,-2.99,-0.33,4.15
4327,2014-12-18,10.55,10.93,10.51,10.61,59352,63672246.0,3.93,-0.84,-0.09,3.04
4328,2014-12-19,10.55,10.61,9.95,10.22,64265,66199801.0,6.22,-3.68,-0.39,3.3
4329,2014-12-22,10.13,10.13,9.44,9.7,71816,70529893.0,6.75,-5.09,-0.52,3.68
4330,2014-12-23,9.7,10.04,9.61,9.67,40601,40137186.0,4.43,-0.31,-0.03,2.08
4331,2014-12-24,9.77,9.95,9.68,9.94,30256,29926588.0,2.79,2.79,0.27,1.55
4332,2014-12-25,9.92,10.39,9.75,10.33,63881,65320401.0,6.44,3.92,0.39,3.28
4333,2014-12-26,10.37,11.37,10.37,11.07,183427,203419356.0,9.68,7.16,0.74,9.41
4334,2014-12-29,10.73,11.83,10.51,11.17,186093,207495985.0,11.92,0.9,0.1,9.54
4335,2014-12-30,10.92,10.99,10.41,10.56,88836,95835194.0,5.19,-5.46,-0.61,4.56
4336,2014-12-31,10.48,10.7,10.09,10.54,77500,80686921.0,5.78,-0.19,-0.02,3.97
4337,2015-01-05,10.48,10.8,10.3,10.51,74687,79365310.0,4.74,-0.28,-0.03,3.83
4338,2015-01-06,10.46,10.65,10.08,10.64,71290,74167407.0,5.42,1.24,0.13,3.66
4339,2015-01-07,10.64,11.05,10.51,10.94,86270,93338444.0,5.08,2.82,0.3,4.42
4340,2015-01-08,10.9,10.95,10.65,10.76,60300,65267890.0,2.74,-1.65,-0.18,3.09
4341,2015-01-09,10.95,11.36,10.56,10.56,107345,118353529.0,7.43,-1.86,-0.2,5.51
4342,2015-01-12,10.25,10.33,10.0,10.06,54034,55103229.0,3.13,-4.73,-0.5,2.77
4343,2015-01-13,10.13,10.48,10.09,10.19,41162,42372493.0,3.88,1.29,0.13,2.11
4344,2015-01-14,10.19,10.24,10.04,10.11,29516,29964772.0,1.96,-0.79,-0.08,1.51
4345,2015-01-15,10.15,10.47,10.02,10.43,50168,51753496.0,4.45,3.17,0.32,2.57
4346,2015-01-16,10.43,10.45,10.18,10.4,31984,33084861.0,2.59,-0.29,-0.03,1.64
4347,2015-01-19,9.95,10.32,9.75,9.85,46572,46848815.0,5.48,-5.29,-0.55,2.39
4348,2015-01-20,9.82,10.21,9.82,10.18,36465,36812602.0,3.96,3.35,0.33,1.87
4349,2015-01-21,10.18,10.41,10.04,10.33,57145,58743951.0,3.63,1.47,0.15,2.93
4350,2015-01-22,10.24,10.53,10.2,10.53,60497,63075850.0,3.19,1.94,0.2,3.1
4351,2015-01-23,10.51,10.8,10.3,10.7,74345,78628030.0,4.75,1.61,0.17,3.81
4352,2015-01-26,10.8,10.84,10.56,10.73,66709,71835052.0,2.62,0.28,0.03,3.42
4353,2015-01-27,10.74,10.82,10.43,10.64,58449,62489673.0,3.63,-0.84,-0.09,3.0
4354,2015-01-28,10.53,10.75,10.46,10.75,48039,51211582.0,2.73,1.03,0.11,2.46
4355,2015-01-29,10.75,11.35,10.62,10.93,130785,144614242.0,6.79,1.67,0.18,6.71
4356,2015-01-30,10.85,10.98,10.55,10.55,58682,63398940.0,3.93,-3.48,-0.38,3.01
4357,2015-02-02,10.25,10.6,9.8,10.45,48524,50184388.0,7.58,-0.95,-0.1,2.49
4358,2015-02-03,10.4,10.73,10.39,10.54,37067,39398413.0,3.25,0.86,0.09,1.9
4359,2015-02-04,10.56,10.92,10.48,10.64,49406,53400847.0,4.17,0.95,0.1,2.53
4360,2015-02-05,10.69,11.17,10.55,10.92,79222,86981448.0,5.83,2.63,0.28,4.06
4361,2015-02-06,10.93,11.1,10.67,10.85,44666,48904730.0,3.94,-0.64,-0.07,2.29
4362,2015-02-09,10.78,10.86,10.44,10.48,30592,32548423.0,3.87,-3.41,-0.37,1.57
4363,2015-02-10,10.65,10.65,10.32,10.44,25488,26706993.0,3.15,-0.38,-0.04,1.31
4364,2015-02-11,10.45,10.91,10.38,10.87,40741,43568194.0,5.08,4.12,0.43,2.09
4365,2015-02-12,10.85,10.91,10.7,10.84,30787,33420505.0,1.93,-0.28,-0.03,1.58
4366,2015-02-13,10.89,11.8,10.75,11.48,123714,140105011.0,9.69,5.9,0.64,6.34
4367,2015-02-16,11.27,11.7,11.25,11.51,140679,161756820.0,3.92,0.26,0.03,7.21
4368,2015-02-17,11.45,11.7,11.27,11.55,80627,92884833.0,3.74,0.35,0.04,4.13
4369,2015-02-25,11.5,11.5,11.15,11.18,57436,65150535.0,3.03,-3.2,-0.37,2.95
4370,2015-02-26,11.28,11.81,11.23,11.5,97322,112739999.0,5.19,2.86,0.32,4.99
4371,2015-02-27,11.35,11.69,11.22,11.49,62531,71933241.0,4.09,-0.09,-0.01,3.21
4372,2015-03-02,11.6,12.1,11.36,12.08,101841,121294554.0,6.44,5.13,0.59,5.22
4373,2015-03-03,11.96,13.29,11.84,13.12,144925,182730849.0,12.0,8.61,1.04,7.43
4374,2015-03-04,12.9,13.58,12.75,13.32,121831,161417432.0,6.33,1.52,0.2,6.25
4375,2015-03-05,13.31,13.71,12.71,13.44,125472,166555992.0,7.51,0.9,0.12,6.43
4376,2015-03-06,13.54,13.62,12.74,12.85,87803,116562772.0,6.55,-4.39,-0.59,4.5
4377,2015-03-09,12.75,12.9,12.32,12.86,58148,73771320.0,4.51,0.08,0.01,2.98
4378,2015-03-10,12.93,13.45,12.76,12.93,63368,83412591.0,5.37,0.54,0.07,3.25
4379,2015-03-11,12.93,13.05,12.68,12.75,47707,61277500.0,2.86,-1.39,-0.18,2.45
4380,2015-03-12,12.87,13.43,12.87,13.14,60884,80247274.0,4.39,3.06,0.39,3.12
4381,2015-03-13,13.2,13.28,12.94,13.1,34296,45014799.0,2.59,-0.3,-0.04,1.76
4382,2015-03-16,13.12,13.35,13.07,13.23,66933,88707046.0,2.14,0.99,0.13,3.43
4383,2015-03-17,13.25,13.45,13.1,13.31,82445,109801452.0,2.65,0.6,0.08,4.23
4384,2015-03-18,13.35,13.95,13.23,13.81,108799,149646178.0,5.41,3.76,0.5,5.58
4385,2015-03-19,13.81,13.81,13.45,13.68,66245,90095701.0,2.61,-0.94,-0.13,3.4
4386,2015-03-20,13.65,13.8,13.47,13.68,62063,84878237.0,2.41,0.0,0.0,3.18
4387,2015-03-23,13.7,14.41,13.61,14.11,93635,132027193.0,5.85,3.14,0.43,4.8
4388,2015-03-24,14.1,14.1,13.15,13.7,91444,125689936.0,6.73,-2.91,-0.41,4.69
4389,2015-03-25,13.6,13.6,13.3,13.43,62957,84825163.0,2.19,-1.97,-0.27,3.23
4390,2015-03-26,13.28,13.65,13.27,13.52,51307,69353310.0,2.83,0.67,0.09,2.63
4391,2015-03-27,13.4,13.56,13.31,13.52,55368,74674908.0,1.85,0.0,0.0,2.84
4392,2015-03-30,13.48,14.04,13.4,14.0,100132,139435213.0,4.73,3.55,0.48,5.14
4393,2015-03-31,14.0,15.15,14.0,14.32,124118,182156179.0,8.21,2.29,0.32,6.37
4394,2015-04-01,14.35,14.7,14.1,14.6,72595,105574206.0,4.19,1.96,0.28,3.72
4395,2015-04-02,14.6,14.7,14.35,14.53,65647,95681927.0,2.4,-0.48,-0.07,3.37
4396,2015-04-03,14.35,14.62,14.25,14.55,62794,90779207.0,2.55,0.14,0.02,3.22
4397,2015-04-07,14.65,14.75,14.35,14.46,87326,127008527.0,2.75,-0.62,-0.09,4.48
4398,2015-04-08,14.46,14.46,13.75,13.9,106415,149800416.0,4.91,-3.87,-0.56,5.46
4399,2015-04-09,13.89,13.9,12.93,13.65,87672,117590566.0,6.98,-1.8,-0.25,4.5
4400,2015-04-10,13.62,13.92,13.4,13.85,72665,100298760.0,3.81,1.47,0.2,3.73
4401,2015-04-13,13.93,14.24,13.68,14.15,97262,136236673.0,4.04,2.17,0.3,4.99
4402,2015-04-14,14.05,14.07,13.75,13.88,88149,122900475.0,2.26,-1.91,-0.27,4.52
4403,2015-04-15,13.95,14.99,13.7,14.9,161672,231370462.0,9.29,7.35,1.02,8.29
4404,2015-04-16,14.75,14.82,14.1,14.55,125209,182737837.0,4.83,-2.35,-0.35,6.42
4405,2015-04-17,14.56,14.93,14.41,14.81,134111,198496672.0,3.57,1.79,0.26,6.88
4406,2015-04-20,14.55,15.45,14.35,14.99,171873,256324464.0,7.43,1.22,0.18,8.81
4407,2015-04-21,15.1,15.81,14.7,15.6,180752,278278416.0,7.4,4.07,0.61,9.27
4408,2015-04-22,15.45,16.2,15.22,15.86,149173,236079423.0,6.28,1.67,0.26,7.65
4409,2015-04-23,15.83,15.84,15.33,15.42,115789,180308371.0,3.22,-2.77,-0.44,5.94
4410,2015-04-24,15.33,15.67,15.04,15.18,77206,118612960.0,4.09,-1.56,-0.24,3.96
4411,2015-04-27,15.18,15.73,15.05,15.26,82752,127337563.0,4.48,0.53,0.08,4.24
4412,2015-04-28,15.26,15.26,14.45,14.55,70397,104553912.0,5.31,-4.65,-0.71,3.61
4413,2015-04-29,14.45,14.95,14.25,14.9,51459,76132850.0,4.81,2.41,0.35,2.64
4414,2015-04-30,14.9,14.95,14.58,14.75,67391,99924909.0,2.48,-1.01,-0.15,3.46
4415,2015-05-04,14.85,15.39,14.73,15.2,96060,145131853.0,4.47,3.05,0.45,4.93
4416,2015-05-05,15.14,15.14,14.1,14.1,76932,112349956.0,6.84,-7.24,-1.1,3.95
4417,2015-05-06,14.05,14.32,13.36,13.55,62806,87238622.0,6.81,-3.9,-0.55,3.22
4418,2015-05-07,13.54,13.81,13.4,13.57,37067,50771975.0,3.03,0.15,0.02,1.9
4419,2015-05-08,13.7,14.16,13.67,14.13,51875,72700885.0,3.61,4.13,0.56,2.66
4420,2015-05-11,14.24,15.3,14.15,15.26,99030,147003328.0,8.14,8.0,1.13,5.08
4421,2015-05-12,15.23,15.45,14.95,15.41,115067,176767855.0,3.28,0.98,0.15,5.9
4422,2015-05-13,15.5,16.96,15.37,16.95,241636,391008704.0,10.32,9.99,1.54,12.39
4423,2015-05-14,16.99,17.34,15.99,16.09,201897,332757216.0,7.96,-5.07,-0.86,10.35
4424,2015-05-15,16.15,16.25,15.23,15.7,119241,186197650.0,6.34,-2.42,-0.39,6.11
4425,2015-05-18,15.45,15.87,15.3,15.71,89159,140241927.0,3.63,0.06,0.01,4.57
4426,2015-05-19,15.55,16.17,15.5,16.07,95883,153055365.0,4.26,2.29,0.36,4.92
4427,2015-05-20,16.09,17.23,16.04,16.7,142849,237090511.0,7.41,3.92,0.63,7.33
4428,2015-05-21,16.55,16.93,16.47,16.7,93523,156338538.0,2.75,0.0,0.0,4.8
4429,2015-05-22,16.94,17.85,16.94,17.31,148058,257746355.0,5.45,3.65,0.61,7.59
4430,2015-05-25,17.26,17.82,15.95,17.48,139553,244084344.0,10.8,0.98,0.17,7.16
4431,2015-05-26,17.48,18.45,17.17,18.01,129696,232210732.0,7.32,3.03,0.53,6.65
4432,2015-05-27,18.05,18.7,17.81,18.34,123370,225824934.0,4.94,1.83,0.33,6.33
4433,2015-05-28,18.41,20.18,18.0,18.57,174507,330597936.0,11.89,1.25,0.23,8.95
4434,2015-05-29,18.57,20.43,18.22,20.33,209286,410787824.0,11.9,9.48,1.76,10.73
4435,2015-06-01,20.25,21.92,18.95,21.41,186066,385035040.0,14.61,5.31,1.08,9.54
4436,2015-06-02,21.45,22.2,20.76,22.13,169311,368397088.0,6.73,3.36,0.72,8.68
4437,2015-06-03,21.88,22.85,20.95,21.6,110148,240115644.0,8.59,-2.39,-0.53,5.65
4438,2015-06-04,21.55,21.6,19.44,21.24,119069,245332413.0,10.0,-1.67,-0.36,6.1
4439,2015-06-05,21.45,23.3,20.95,23.12,179986,399065232.0,11.06,8.85,1.88,9.23
4440,2015-06-08,23.12,25.16,22.46,24.64,195002,458847872.0,11.68,6.57,1.52,10.0
4441,2015-06-09,24.64,24.64,23.23,23.9,142727,341081040.0,5.72,-3.0,-0.74,7.32
4442,2015-06-10,23.84,25.94,23.15,25.0,147517,364120800.0,11.67,4.6,1.1,7.56
4443,2015-06-11,25.0,25.83,24.52,25.19,107107,270590336.0,5.24,0.76,0.19,5.49
4444,2015-06-12,25.19,26.13,23.45,24.5,189835,464565584.0,10.64,-2.74,-0.69,9.73
4445,2015-06-15,24.5,24.95,23.55,23.7,126984,306185616.0,5.71,-3.27,-0.8,6.51
4446,2015-06-16,23.5,23.5,21.4,22.1,102624,230898039.0,8.86,-6.75,-1.6,5.26
4447,2015-06-17,21.84,23.19,20.15,23.03,123972,265325098.0,13.76,4.21,0.93,6.36
4448,2015-06-18,22.68,22.73,20.83,21.75,80578,178363714.0,8.25,-5.56,-1.28,4.13
4449,2015-06-19,20.96,21.32,19.58,19.66,77123,155894770.0,8.0,-9.61,-2.09,3.95
4450,2015-06-23,19.53,19.53,17.7,18.83,84699,157773258.0,9.31,-4.22,-0.83,4.34
4451,2015-06-24,18.96,19.27,18.6,19.2,73323,139681021.0,3.56,1.96,0.37,3.76
4452,2015-06-25,19.21,20.12,18.71,19.25,108681,212126449.0,7.34,0.26,0.05,5.57
4453,2015-06-26,18.86,18.9,17.32,17.32,72554,130827954.0,8.21,-10.03,-1.93,3.72
4454,2015-06-29,17.65,18.1,15.58,15.58,93732,152890464.0,14.55,-10.05,-1.74,4.81
4455,2015-06-30,14.95,16.45,14.02,16.2,132811,201036196.0,15.6,3.98,0.62,6.81
4456,2015-07-01,16.19,16.95,14.6,14.61,95571,153385167.0,14.51,-9.81,-1.59,4.9
4457,2015-07-02,14.35,14.63,13.14,13.14,94238,127463458.0,10.2,-10.06,-1.47,4.83
4458,2015-07-03,12.32,12.93,11.82,11.82,75742,91550196.0,8.45,-10.05,-1.32,3.88
4459,2015-07-06,13.01,13.01,10.63,10.63,104140,121581961.0,20.14,-10.07,-1.19,5.34
4460,2015-07-07,10.05,10.05,9.56,9.56,31902,30869245.0,4.61,-10.07,-1.07,1.64
4461,2015-07-16,10.52,10.52,10.52,10.52,36693,38784839.0,0.0,10.04,0.96,1.88
4462,2015-07-17,11.58,11.58,11.16,11.58,103929,120396016.0,3.99,10.08,1.06,5.33
4463,2015-07-20,12.7,12.74,12.38,12.74,154434,196855616.0,3.11,10.02,1.16,7.92
4464,2015-07-21,13.15,14.02,12.75,13.94,341267,470982192.0,9.97,9.42,1.2,17.5
4465,2015-07-22,13.63,14.09,13.17,13.66,259962,354702416.0,6.6,-2.01,-0.28,13.33
4466,2015-07-23,13.63,14.51,13.36,14.23,206633,290108480.0,8.42,4.17,0.57,10.59
4467,2015-07-24,14.55,15.35,13.97,14.49,229154,335195584.0,9.7,1.83,0.26,11.75
4468,2015-07-27,13.95,15.31,13.25,13.47,250647,366800608.0,14.22,-7.04,-1.02,12.85
4469,2015-07-28,12.53,13.63,12.12,12.54,157138,200177519.0,11.21,-6.9,-0.93,8.06
4470,2015-07-29,12.85,13.8,12.47,13.75,153655,200299338.0,10.61,9.65,1.21,7.88
4471,2015-07-30,14.25,15.1,13.85,14.17,275728,401740576.0,9.09,3.05,0.42,14.14
4472,2015-07-31,13.75,14.38,12.83,13.11,155149,212609747.0,10.94,-7.48,-1.06,7.95
4473,2015-08-03,12.65,12.94,11.79,11.79,114978,140024543.0,8.77,-10.07,-1.32,5.89
4474,2015-08-04,11.63,12.9,11.63,12.76,113893,140666910.0,10.77,8.23,0.97,5.84
4475,2015-08-05,12.84,13.1,12.25,12.4,98352,125401257.0,6.66,-2.82,-0.36,5.04
4476,2015-08-06,11.84,12.55,11.78,12.24,63228,77717013.0,6.21,-1.29,-0.16,3.24
4477,2015-08-07,12.3,12.94,12.3,12.93,92769,117941376.0,5.23,5.64,0.69,4.76
4478,2015-08-10,13.15,13.98,13.15,13.93,156580,214463519.0,6.42,7.73,1.0,8.03
4479,2015-08-11,14.13,15.33,13.85,15.33,296408,443918416.0,10.62,10.05,1.4,15.2
4480,2015-08-12,15.56,16.13,14.69,15.45,396907,615189696.0,9.39,0.78,0.12,20.35
4481,2015-08-13,15.25,16.15,15.15,15.7,301188,475926752.0,6.47,1.62,0.25,15.44
4482,2015-08-14,15.7,16.03,15.26,15.41,218098,341770528.0,4.9,-1.85,-0.29,11.18
4483,2015-08-17,15.15,15.45,14.72,15.42,159471,240745432.0,4.74,0.06,0.01,8.18
4484,2015-08-18,15.31,15.4,13.87,13.87,156480,229283784.0,9.92,-10.05,-1.55,8.02
4485,2015-08-19,12.95,14.25,12.55,13.85,150214,201416495.0,12.26,-0.14,-0.02,7.7
4486,2015-08-20,13.6,14.14,13.23,13.25,110300,151007068.0,6.57,-4.33,-0.6,5.65
4487,2015-08-21,12.95,13.75,12.67,12.88,167607,221477448.0,8.15,-2.79,-0.37,8.59
4488,2015-08-24,12.05,12.34,11.59,11.59,82523,97729210.0,5.82,-10.02,-1.29,4.23
4489,2015-08-25,10.43,11.01,10.43,10.43,98574,104723099.0,5.0,-10.01,-1.16,5.05
4490,2015-08-26,10.67,11.45,9.85,10.32,135755,144360270.0,15.34,-1.05,-0.11,6.96
4491,2015-08-27,10.52,11.16,10.28,11.16,112854,121152731.0,8.53,8.14,0.84,5.79
4492,2015-08-28,11.46,11.93,10.95,11.83,132723,152306105.0,8.78,6.0,0.67,6.8
4493,2015-08-31,11.81,12.05,11.4,11.62,103724,121858802.0,5.49,-1.78,-0.21,5.32
4494,2015-09-01,11.75,11.75,10.46,10.64,104476,115938862.0,11.1,-8.43,-0.98,5.36
4495,2015-09-02,9.96,10.83,9.74,9.95,86724,88958938.0,10.24,-6.48,-0.69,4.45
4496,2015-09-07,10.13,10.55,10.01,10.24,61345,63360462.0,5.43,2.91,0.29,3.15
4497,2015-09-08,10.28,11.27,10.28,11.27,116824,126839439.0,9.67,10.06,1.03,5.99
4498,2015-09-09,11.35,11.9,11.23,11.81,141262,164145231.0,5.94,4.79,0.54,7.24
4499,2015-09-10,11.43,11.7,11.25,11.29,97135,111845491.0,3.81,-4.4,-0.52,4.98
4500,2015-09-11,11.51,11.81,11.33,11.62,103640,120868193.0,4.25,2.92,0.33,5.31
4501,2015-09-14,11.75,11.82,10.45,10.45,105902,118163640.0,11.79,-10.07,-1.17,5.43
4502,2015-09-15,9.95,10.34,9.46,9.6,80913,80407697.0,8.42,-8.13,-0.85,4.15
4503,2015-09-16,9.77,10.57,9.55,10.55,83330,83945161.0,10.63,9.9,0.95,4.27
4504,2015-09-17,10.37,11.33,10.21,10.35,119593,129204986.0,10.62,-1.9,-0.2,6.13
4505,2015-09-18,10.21,10.95,10.21,10.87,89459,95257448.0,7.15,5.02,0.52,4.59
4506,2015-09-21,10.73,11.73,10.59,11.73,188543,215929815.0,10.49,7.91,0.86,9.67
4507,2015-09-22,11.72,11.8,11.15,11.38,157493,181114968.0,5.54,-2.98,-0.35,8.07
4508,2015-09-23,11.15,11.57,11.06,11.47,111961,128169031.0,4.48,0.79,0.09,5.74
4509,2015-09-24,11.47,11.72,11.36,11.45,93821,108322348.0,3.14,-0.17,-0.02,4.81
4510,2015-09-25,11.48,11.48,10.56,10.71,73629,81134529.0,8.03,-6.46,-0.74,3.77
4511,2015-09-28,10.9,11.29,10.78,11.22,76401,85303626.0,4.76,4.76,0.51,3.92
4512,2015-09-29,10.93,11.05,10.66,10.68,50716,55029961.0,3.48,-4.81,-0.54,2.6
4513,2015-09-30,10.75,10.91,10.53,10.63,34407,36920878.0,3.56,-0.47,-0.05,1.76
4514,2015-10-08,10.96,11.05,10.77,10.97,68331,75067427.0,2.63,3.2,0.34,3.5
4515,2015-10-09,10.97,11.12,10.81,11.04,62699,69197805.0,2.83,0.64,0.07,3.21
4516,2015-10-12,11.16,11.88,11.15,11.79,142484,164787458.0,6.61,6.79,0.75,7.3
4517,2015-10-13,11.83,12.31,11.75,12.12,174349,212146825.0,4.75,2.8,0.33,8.94
4518,2015-10-14,11.8,12.08,11.5,11.65,136447,160883504.0,4.79,-3.88,-0.47,7.0
4519,2015-10-15,11.46,12.23,11.45,12.07,139765,166685383.0,6.7,3.61,0.42,7.17
4520,2015-10-16,12.1,12.23,11.83,12.21,135710,164347918.0,3.31,1.16,0.14,6.96
4521,2015-10-19,12.26,12.75,12.13,12.53,181713,227279880.0,5.08,2.62,0.32,9.32
4522,2015-10-20,12.44,12.51,12.17,12.41,112877,139851350.0,2.71,-0.96,-0.12,5.79
4523,2015-10-21,12.51,12.55,11.25,11.83,124284,150158579.0,10.48,-4.67,-0.58,6.37
4524,2015-10-22,11.76,12.2,11.58,12.07,88165,105739466.0,5.24,2.03,0.24,4.52
4525,2015-10-23,12.15,12.85,11.99,12.6,235125,295719264.0,7.13,4.39,0.53,12.05
4526,2015-10-26,12.65,12.65,12.26,12.46,130677,163576208.0,3.1,-1.11,-0.14,6.7
4527,2015-10-27,12.3,12.42,11.71,12.3,92547,112482739.0,5.7,-1.28,-0.16,4.74
4528,2015-10-28,12.14,12.45,12.03,12.18,97741,120772083.0,3.41,-0.98,-0.12,5.01
4529,2015-10-29,12.2,12.49,12.1,12.31,92040,113712342.0,3.2,1.07,0.13,4.72
4530,2015-10-30,12.25,13.55,12.1,13.15,250579,321649456.0,11.78,6.82,0.84,12.85
4531,2015-11-02,12.65,12.95,12.33,12.45,125652,159760239.0,4.71,-5.32,-0.7,6.44
4532,2015-11-03,12.55,12.58,12.09,12.5,94080,116999618.0,3.94,0.4,0.05,4.82
4533,2015-11-04,12.56,13.1,12.5,13.05,113447,146493144.0,4.8,4.4,0.55,5.82
4534,2015-11-05,13.0,13.24,12.85,12.93,118399,154630260.0,2.99,-0.92,-0.12,6.07
4535,2015-11-06,12.95,13.28,12.93,13.16,127787,167644349.0,2.71,1.78,0.23,6.55
4536,2015-11-09,13.16,13.79,13.04,13.6,173790,234920619.0,5.7,3.34,0.44,8.91
4537,2015-11-10,13.48,14.05,13.37,13.57,140759,193244474.0,5.0,-0.22,-0.03,7.22
4538,2015-11-11,13.5,14.93,13.49,14.93,226355,324414608.0,10.61,10.02,1.36,11.6
4539,2015-11-12,15.2,15.55,14.52,15.05,226110,341295216.0,6.9,0.8,0.12,11.59
4540,2015-11-13,14.8,15.09,14.45,14.46,104031,153164922.0,4.25,-3.92,-0.59,5.33
4541,2015-11-16,13.97,14.81,13.78,14.8,88754,127952469.0,7.12,2.35,0.34,4.55
4542,2015-11-17,14.85,14.94,14.25,14.35,106578,156611615.0,4.66,-3.04,-0.45,5.46
4543,2015-11-18,14.27,14.4,13.75,13.8,64400,91313836.0,4.53,-3.83,-0.55,3.3
4544,2015-11-19,13.95,14.25,13.85,14.22,52015,73688367.0,2.9,3.04,0.42,2.67
4545,2015-11-20,14.22,14.7,14.07,14.5,84285,121580549.0,4.43,1.97,0.28,4.32
4546,2015-11-23,14.25,14.56,14.0,14.09,67588,97115220.0,3.86,-2.83,-0.41,3.47
4547,2015-11-24,14.14,14.9,13.81,14.82,116989,169388701.0,7.74,5.18,0.73,6.0
4548,2015-11-25,14.75,16.03,14.6,15.49,170644,265018892.0,9.65,4.52,0.67,8.75
4549,2015-11-26,15.45,15.49,14.89,15.21,97589,148617417.0,3.87,-1.81,-0.28,5.0
4550,2015-11-27,15.03,15.21,13.68,14.05,90492,130702458.0,10.06,-7.63,-1.16,4.64
4551,2015-11-30,13.95,14.24,12.65,13.74,100554,137058930.0,11.32,-2.21,-0.31,5.16
4552,2015-12-01,13.75,14.18,13.5,13.76,55110,76423906.0,4.95,0.15,0.02,2.83
4553,2015-12-02,13.85,13.88,13.25,13.58,42285,57472218.0,4.58,-1.31,-0.18,2.17
4554,2015-12-03,13.58,13.91,13.58,13.85,33989,46973842.0,2.43,1.99,0.27,1.74
4555,2015-12-04,13.85,14.32,13.8,14.03,60613,85889680.0,3.75,1.3,0.18,3.11
4556,2015-12-07,14.03,14.49,13.96,14.34,48822,70005453.0,3.78,2.21,0.31,2.5
4557,2015-12-08,14.21,14.33,13.91,14.02,51910,73299878.0,2.93,-2.23,-0.32,2.66
4558,2015-12-09,14.05,14.39,14.0,14.29,46954,67058691.0,2.78,1.93,0.27,2.41
4559,2015-12-10,14.27,14.45,14.07,14.07,47379,67940839.0,2.66,-1.54,-0.22,2.43
4560,2015-12-11,14.12,14.14,13.45,13.64,57184,78754181.0,4.9,-3.06,-0.43,2.93
4561,2015-12-14,13.54,14.02,13.36,13.94,32593,44899167.0,4.84,2.2,0.3,1.67
4562,2015-12-15,13.95,14.45,13.88,14.4,56113,79974470.0,4.09,3.3,0.46,2.88
4563,2015-12-16,14.35,14.47,14.21,14.26,51934,74838797.0,1.81,-0.97,-0.14,2.66
4564,2015-12-17,14.35,14.73,14.35,14.65,78865,115362516.0,2.66,2.73,0.39,4.04
4565,2015-12-18,14.66,14.8,14.36,14.55,68000,99649328.0,3.0,-0.68,-0.1,3.49
4566,2015-12-21,14.54,15.42,14.35,15.15,139156,208825846.0,7.35,4.12,0.6,7.13
4567,2015-12-22,15.05,15.11,14.8,14.94,76318,114287511.0,2.05,-1.39,-0.21,3.91
4568,2015-12-23,14.93,15.47,14.77,15.2,144324,218788409.0,4.69,1.74,0.26,7.41
4569,2015-12-24,15.01,15.12,14.56,14.83,63000,93827167.0,3.68,-2.43,-0.37,3.23
4570,2015-12-25,14.73,15.32,14.73,15.26,76318,115616874.0,3.98,2.9,0.43,3.91
4571,2015-12-28,15.17,15.74,15.03,15.05,120963,186422398.0,4.65,-1.38,-0.21,6.2
4572,2015-12-29,14.91,15.33,14.72,15.33,57111,86289528.0,4.05,1.86,0.28,2.93
4573,2015-12-30,15.35,15.88,15.31,15.68,105266,165364400.0,3.72,2.28,0.35,5.4
4574,2015-12-31,15.56,15.96,15.37,15.68,90429,142327788.0,3.76,0.0,0.0,4.63
4575,2016-01-04,15.7,15.75,14.11,14.11,61947,93251613.0,10.46,-10.01,-1.57,3.18
4576,2016-01-05,13.45,14.5,12.9,13.72,59549,82481416.0,11.34,-2.76,-0.39,3.05
4577,2016-01-06,13.84,14.09,13.53,14.07,43554,60489856.0,4.08,2.55,0.35,2.23
4578,2016-01-07,13.65,13.73,12.66,12.66,10468,13825315.0,7.6,-10.02,-1.41,0.54
4579,2016-01-08,13.1,13.15,11.75,12.53,53754,68213965.0,11.06,-1.03,-0.13,2.76
4580,2016-01-11,12.18,12.41,11.27,11.27,40193,47694647.0,9.1,-10.06,-1.26,2.06
4581,2016-01-12,11.34,11.52,10.92,11.29,27579,31127688.0,5.32,0.18,0.02,1.41
4582,2016-01-13,11.44,11.5,10.67,10.74,32390,36283458.0,7.35,-4.87,-0.55,1.66
4583,2016-01-14,10.43,11.18,10.3,11.12,47274,50688159.0,8.19,3.54,0.38,2.42
4584,2016-01-15,11.03,11.19,10.55,10.63,30277,33065968.0,5.76,-4.41,-0.49,1.55
4585,2016-01-18,10.53,11.06,10.3,10.88,28921,31447718.0,7.15,2.35,0.25,1.48
4586,2016-01-19,10.93,11.38,10.78,11.31,34065,38283475.0,5.51,3.95,0.43,1.75
4587,2016-01-20,11.35,11.61,11.17,11.33,37418,42672820.0,3.89,0.18,0.02,1.92
4588,2016-01-21,11.05,11.49,10.8,10.84,35835,40194426.0,6.09,-4.32,-0.49,1.84
4589,2016-01-22,10.9,11.15,10.57,11.05,28031,30651098.0,5.35,1.94,0.21,1.44
4590,2016-01-25,11.17,11.75,11.06,11.72,49800,57070469.0,6.24,6.06,0.67,2.55
4591,2016-01-26,11.55,11.7,10.55,10.78,42315,47646452.0,9.81,-8.02,-0.94,2.17
4592,2016-01-27,10.8,11.1,10.15,10.84,38387,40975692.0,8.81,0.56,0.06,1.97
4593,2016-01-28,10.7,11.03,10.45,10.83,26544,28674107.0,5.35,-0.09,-0.01,1.36
4594,2016-01-29,10.65,11.55,10.65,11.32,36802,41216162.0,8.31,4.52,0.49,1.89
4595,2016-02-01,11.25,11.4,10.93,11.15,28963,32571462.0,4.15,-1.5,-0.17,1.48
4596,2016-02-02,11.08,11.64,11.08,11.57,28905,33187772.0,5.02,3.77,0.42,1.48
4597,2016-02-03,11.45,11.7,11.26,11.65,28476,32981013.0,3.8,0.69,0.08,1.46
4598,2016-02-04,11.61,12.0,11.55,11.89,45341,53792663.0,3.86,2.06,0.24,2.32
4599,2016-02-05,11.95,12.05,11.6,11.64,28002,33057481.0,3.78,-2.1,-0.25,1.44
4600,2016-02-15,11.26,11.75,11.17,11.72,17228,19827080.0,4.98,0.69,0.08,0.88
4601,2016-02-16,11.72,12.4,11.7,12.35,36307,44048014.0,5.97,5.38,0.63,1.86
4602,2016-02-17,12.26,12.67,12.15,12.26,35716,44463631.0,4.21,-0.73,-0.09,1.83
4603,2016-02-18,12.34,12.4,12.08,12.2,24124,29587714.0,2.61,-0.49,-0.06,1.24
4604,2016-02-19,12.11,12.3,12.11,12.19,16822,20642862.0,1.56,-0.08,-0.01,0.86
4605,2016-02-22,12.53,12.62,12.3,12.55,47953,59908274.0,2.63,2.95,0.36,2.46
4606,2016-02-23,12.61,12.93,12.43,12.87,64669,82431008.0,3.98,2.55,0.32,3.31
4607,2016-02-24,12.75,12.99,12.55,12.88,38885,50002571.0,3.42,0.08,0.01,1.99
4608,2016-02-25,12.75,12.81,11.59,11.59,45550,55259177.0,9.47,-10.02,-1.29,2.33
4609,2016-02-26,11.69,11.74,10.97,11.31,46512,52962444.0,6.64,-2.42,-0.28,2.38
4610,2016-02-29,11.15,11.23,10.17,10.26,44535,46665277.0,9.37,-9.28,-1.05,1.89
4611,2016-03-01,10.35,10.8,9.93,10.73,34727,36117301.0,8.48,4.58,0.47,1.48
4612,2016-03-02,10.61,11.45,10.61,11.28,38961,43132228.0,7.83,5.13,0.55,1.66
4613,2016-03-03,11.23,11.42,11.17,11.29,30621,34763353.0,2.22,0.09,0.01,1.3
4614,2016-03-04,11.23,11.4,10.66,10.92,34071,37958660.0,6.55,-3.28,-0.37,1.45
4615,2016-03-07,10.85,11.32,10.85,11.21,26849,30015609.0,4.3,2.66,0.29,1.14
4616,2016-03-08,11.16,12.05,10.73,11.92,64736,74090185.0,11.78,6.33,0.71,2.75
4617,2016-03-09,11.6,11.85,11.35,11.4,46755,54232263.0,4.19,-4.36,-0.52,1.99
4618,2016-03-10,11.35,11.52,11.06,11.39,33770,38319881.0,4.04,-0.09,-0.01,1.44
4619,2016-03-11,11.32,11.79,11.04,11.64,50613,58735941.0,6.58,2.19,0.25,2.15
4620,2016-03-14,11.76,12.04,11.61,11.83,63523,75299887.0,3.69,1.63,0.19,2.7
4621,2016-03-15,11.75,11.8,11.47,11.52,32327,37635472.0,2.79,-2.62,-0.31,1.37
4622,2016-03-16,11.65,11.83,11.45,11.52,37094,43460284.0,3.3,0.0,0.0,1.58
4623,2016-03-17,11.47,11.89,11.42,11.82,48115,56422884.0,4.08,2.6,0.3,2.05
4624,2016-03-18,11.8,12.32,11.77,12.15,66091,80142800.0,4.65,2.79,0.33,2.81
4625,2016-03-21,12.19,12.35,12.1,12.25,59903,73487587.0,2.06,0.82,0.1,2.55
4626,2016-03-22,12.2,12.33,12.1,12.24,47016,57580186.0,1.88,-0.08,-0.01,2.0
4627,2016-03-23,12.25,12.34,11.98,12.2,59982,73480004.0,2.94,-0.33,-0.04,2.55
4628,2016-03-24,12.02,12.18,11.82,12.05,43020,51916639.0,2.95,-1.23,-0.15,1.83
4629,2016-03-25,11.9,12.22,11.89,12.19,52361,63542308.0,2.74,1.16,0.14,2.23
4630,2016-03-28,12.19,12.55,12.13,12.31,58353,72334319.0,3.45,0.98,0.12,2.48
4631,2016-03-29,12.25,12.32,11.81,11.92,47513,57195136.0,4.14,-3.17,-0.39,2.02
4632,2016-03-30,12.04,12.26,11.91,12.25,58807,71527327.0,2.94,2.77,0.33,2.5
4633,2016-03-31,12.28,12.42,12.16,12.2,63083,77765788.0,2.12,-0.41,-0.05,2.68
4634,2016-04-01,12.1,12.38,12.07,12.35,57935,71338713.0,2.54,1.23,0.15,2.46
4635,2016-04-05,12.45,12.68,12.31,12.65,84823,106801503.0,3.0,2.43,0.3,3.61
4636,2016-04-06,12.57,13.19,12.48,12.98,80453,104767081.0,5.61,2.61,0.33,3.42
4637,2016-04-07,12.98,12.98,12.66,12.72,55480,71331406.0,2.47,-2.0,-0.26,2.36
4638,2016-04-08,12.66,12.88,12.53,12.8,54709,69896433.0,2.75,0.63,0.08,2.33
4639,2016-07-25,14.09,14.09,14.09,14.09,10259,14506862.0,0.0,10.08,1.29,0.44
4640,2016-07-26,14.29,14.6,13.61,13.92,217844,306460160.0,7.03,-1.21,-0.17,9.27
4641,2016-07-27,13.75,13.88,12.9,13.3,144894,195901796.0,7.04,-4.45,-0.62,6.16
4642,2016-07-28,13.25,13.42,12.98,13.28,70796,93868153.0,3.31,-0.15,-0.02,3.01
4643,2016-07-29,13.21,13.57,12.91,12.91,59118,78753114.0,4.97,-2.79,-0.37,2.51
4644,2016-08-01,12.65,12.67,12.04,12.27,58178,71921590.0,4.88,-4.96,-0.64,2.47
4645,2016-08-02,12.28,12.54,12.13,12.45,45646,56608107.0,3.34,1.47,0.18,1.94
4646,2016-08-03,12.34,12.63,12.3,12.55,52493,65441496.0,2.65,0.8,0.1,2.23
4647,2016-08-04,12.53,12.73,12.37,12.56,42616,53770046.0,2.87,0.08,0.01,1.81
4648,2016-08-05,12.53,12.65,12.45,12.45,46350,58361475.0,1.59,-0.88,-0.11,1.97
4649,2016-08-08,12.46,12.62,12.44,12.62,53717,67685249.0,1.45,1.37,0.17,2.28
4650,2016-08-09,12.61,12.67,12.56,12.66,34946,44297563.0,0.87,0.32,0.04,1.49
4651,2016-08-10,12.66,12.69,12.41,12.43,43139,54280670.0,2.21,-1.82,-0.23,1.83
4652,2016-08-11,12.42,12.48,12.21,12.37,40942,50816504.0,2.17,-0.48,-0.06,1.74
4653,2016-08-12,12.35,12.62,12.31,12.56,38598,48536509.0,2.51,1.54,0.19,1.64
4654,2016-08-15,12.56,13.2,12.5,13.18,86440,112477439.0,5.57,4.94,0.62,3.68
4655,2016-08-16,13.12,13.97,13.06,13.9,206374,283489760.0,6.9,5.46,0.72,8.78
4656,2016-08-17,13.79,14.1,13.57,14.02,220352,306672256.0,3.81,0.86,0.12,9.37
4657,2016-08-18,13.96,15.43,13.85,15.41,288490,417695344.0,11.27,9.91,1.39,12.27
4658,2016-08-19,15.34,15.34,14.81,15.08,213960,321011040.0,3.44,-2.14,-0.33,9.1
4659,2016-08-22,14.77,14.84,14.28,14.75,462253,673497152.0,3.71,-2.19,-0.33,19.66
4660,2016-08-23,14.42,14.89,14.32,14.66,369157,541499968.0,3.86,-0.61,-0.09,15.7
4661,2016-08-24,14.85,14.89,13.99,14.01,306248,437985216.0,6.14,-4.43,-0.65,13.03
4662,2016-08-25,13.95,13.95,12.96,13.32,206911,275512160.0,7.07,-4.93,-0.69,8.8
4663,2016-08-26,13.25,13.49,13.08,13.28,118082,158028755.0,3.08,-0.3,-0.04,5.02
4664,2016-08-29,13.28,13.51,13.17,13.45,93378,125254911.0,2.56,1.28,0.17,3.97
4665,2016-08-30,13.45,13.52,13.3,13.47,89237,120102731.0,1.64,0.15,0.02,3.8
4666,2016-08-31,13.47,13.53,13.33,13.46,72236,97348769.0,1.48,-0.07,-0.01,3.07
4667,2016-09-01,13.76,13.91,13.44,13.45,131358,180209697.0,3.49,-0.07,-0.01,5.59
4668,2016-09-02,13.25,13.39,13.18,13.28,70038,93391848.0,1.56,-1.26,-0.17,2.98
4669,2016-09-05,13.32,13.5,13.25,13.4,51768,69656924.0,1.88,0.9,0.12,2.2
4670,2016-09-06,13.43,13.88,13.28,13.87,111200,151913336.0,4.48,3.51,0.47,4.73
4671,2016-09-07,13.89,14.24,13.76,14.0,155970,219190419.0,3.46,0.94,0.13,6.63
4672,2016-09-08,13.83,14.1,13.8,14.05,83154,116554596.0,2.14,0.36,0.05,3.54
4673,2016-09-09,14.0,15.1,13.95,14.55,156070,225010975.0,8.19,3.56,0.5,6.64
4674,2016-09-12,14.28,14.45,13.83,13.85,150441,213504858.0,4.26,-4.81,-0.7,6.4
4675,2016-09-13,14.04,14.15,13.85,14.08,106416,149417871.0,2.17,1.66,0.23,4.53
4676,2016-09-14,14.04,14.23,13.69,13.99,93826,132354558.0,3.84,-0.64,-0.09,3.99
4677,2016-09-19,13.94,14.81,13.91,14.44,163050,235099611.0,6.43,3.22,0.45,6.94
4678,2016-09-20,14.26,14.55,14.17,14.29,112706,162302247.0,2.63,-1.04,-0.15,4.79
4679,2016-09-21,14.31,15.05,14.28,14.79,188721,278531504.0,5.39,3.5,0.5,8.03
4680,2016-09-22,16.27,16.27,16.13,16.27,154617,252306035.0,0.95,10.01,1.48,6.58
4681,2016-09-23,16.74,17.44,14.68,16.8,482364,816559280.0,16.96,3.26,0.53,20.52
4682,2016-09-26,16.59,16.71,15.73,15.74,252834,411579360.0,5.83,-6.31,-1.06,10.75
4683,2016-09-27,15.45,15.73,15.05,15.4,183180,281600112.0,4.32,-2.16,-0.34,7.79
4684,2016-09-28,15.28,15.93,15.26,15.53,155753,244231837.0,4.35,0.84,0.13,6.63
4685,2016-09-29,15.38,15.75,15.18,15.54,138201,214449768.0,3.67,0.06,0.01,5.88
4686,2016-09-30,15.35,15.67,15.27,15.42,110141,171079901.0,2.57,-0.77,-0.12,4.68
4687,2016-10-10,15.45,15.55,14.77,15.27,134832,204722312.0,5.06,-0.97,-0.15,5.74
4688,2016-10-11,15.27,16.25,15.07,16.15,224210,354294832.0,7.73,5.76,0.88,9.54
4689,2016-10-12,15.9,17.08,15.66,16.47,259990,425871360.0,8.79,1.98,0.32,11.06
4690,2016-10-13,16.25,16.85,16.02,16.16,187986,308413648.0,5.04,-1.88,-0.31,8.0
4691,2016-10-14,16.13,16.6,15.76,16.28,169661,275097840.0,5.2,0.74,0.12,7.22
4692,2016-10-17,15.66,16.07,15.36,15.73,194527,306370448.0,4.36,-3.38,-0.55,8.27
4693,2016-10-18,15.65,15.8,15.4,15.79,116846,183086261.0,2.54,0.38,0.06,4.97
4694,2016-10-19,15.76,16.33,15.61,16.28,188982,304301840.0,4.56,3.1,0.49,8.04
4695,2016-10-20,16.27,16.27,15.85,15.88,124078,199704150.0,2.58,-2.46,-0.4,5.28
4696,2016-10-21,15.94,16.08,15.13,15.67,134008,209713155.0,5.98,-1.32,-0.21,5.7
4697,2016-10-24,15.54,15.69,15.26,15.51,81059,126000790.0,2.74,-1.02,-0.16,3.45
4698,2016-10-25,15.51,15.74,15.41,15.55,75990,118880549.0,2.13,0.26,0.04,3.23
4699,2016-10-26,15.53,15.74,15.4,15.6,64945,101550262.0,2.19,0.32,0.05,2.76
4700,2016-10-27,15.56,15.62,15.03,15.45,131077,200848058.0,3.78,-0.96,-0.15,5.58
4701,2016-10-28,15.31,15.54,15.05,15.07,77786,119261648.0,3.17,-2.46,-0.38,3.31
4702,2016-10-31,15.01,15.48,14.78,15.33,116304,177120095.0,4.64,1.73,0.26,4.95
4703,2016-11-01,15.26,15.55,15.18,15.42,90965,140555241.0,2.41,0.59,0.09,3.87
4704,2016-11-02,15.41,15.53,14.91,14.92,104081,159026552.0,4.02,-3.24,-0.5,4.43
4705,2016-11-03,14.93,15.37,14.8,15.15,105479,160178030.0,3.82,1.54,0.23,4.49
4706,2016-11-04,15.1,15.3,15.06,15.11,57665,87764121.0,1.58,-0.26,-0.04,2.45
4707,2016-11-07,15.13,15.39,15.11,15.26,58366,89349926.0,1.85,0.99,0.15,2.48
4708,2016-11-08,15.36,15.41,15.24,15.35,55794,85804697.0,1.11,0.59,0.09,2.37
4709,2016-11-09,15.35,15.59,15.19,15.41,90622,140536852.0,2.61,0.39,0.06,3.85
4710,2016-11-10,15.57,15.82,15.45,15.75,100196,157091080.0,2.4,2.21,0.34,4.26
4711,2016-11-11,15.77,16.05,15.45,15.61,93431,147880591.0,3.81,-0.89,-0.14,3.97
4712,2016-11-14,15.65,15.77,15.39,15.62,76743,119983552.0,2.43,0.06,0.01,3.26
4713,2016-11-15,15.56,15.85,15.45,15.81,91149,143293464.0,2.56,1.22,0.19,3.88
4714,2016-11-16,15.88,15.9,15.6,15.62,91084,143460273.0,1.9,-1.2,-0.19,3.87
4715,2016-11-17,15.62,15.76,15.28,15.49,98420,153129016.0,3.07,-0.83,-0.13,4.19
4716,2016-11-18,15.49,15.6,15.38,15.48,45463,70728973.0,1.42,-0.06,-0.01,1.93
4717,2016-11-21,15.48,15.7,15.42,15.5,56007,87242790.0,1.81,0.13,0.02,2.38
4718,2016-11-22,15.47,15.58,15.39,15.51,80124,124411866.0,1.23,0.06,0.01,3.41
4719,2016-11-23,15.54,15.7,15.45,15.53,72798,113726007.0,1.61,0.13,0.02,3.1
4720,2016-11-24,15.48,15.58,15.16,15.22,62350,96333941.0,2.7,-2.0,-0.31,2.65
4721,2016-11-25,15.26,15.26,14.55,14.9,68601,102277580.0,4.66,-2.1,-0.32,2.92
4722,2016-11-28,14.99,15.02,14.83,14.91,48119,72076685.0,1.28,0.07,0.01,2.05
4723,2016-11-29,14.88,14.97,14.36,14.38,69324,101903178.0,4.09,-3.55,-0.53,2.95
4724,2016-11-30,14.37,14.47,14.17,14.41,33621,48399738.0,2.09,0.21,0.03,1.43
4725,2016-12-01,14.45,14.71,14.38,14.48,40220,58758265.0,2.29,0.49,0.07,1.71
4726,2016-12-02,14.51,14.61,13.95,14.17,42796,61430888.0,4.56,-2.14,-0.31,1.82
4727,2016-12-05,13.95,14.16,13.88,13.97,26587,37377149.0,1.98,-1.41,-0.2,1.13
4728,2016-12-06,14.08,14.57,14.0,14.31,37898,54352876.0,4.08,2.43,0.34,1.61
4729,2016-12-07,14.37,14.75,14.26,14.66,59395,87014182.0,3.42,2.45,0.35,2.53
4730,2016-12-08,14.65,14.72,14.29,14.33,45786,66420720.0,2.93,-2.25,-0.33,1.95
4731,2016-12-09,14.38,14.54,14.28,14.35,35342,51112627.0,1.81,0.14,0.02,1.5
4732,2016-12-12,14.33,14.43,13.35,13.35,62528,86435418.0,7.53,-6.97,-1.0,2.66
4733,2016-12-13,13.35,13.46,13.26,13.4,34358,46069101.0,1.5,0.37,0.05,1.46
4734,2016-12-14,13.39,13.63,13.32,13.47,33680,45503488.0,2.31,0.52,0.07,1.43
4735,2016-12-15,13.45,13.73,13.35,13.61,36081,49299256.0,2.82,1.04,0.14,1.53
4736,2016-12-16,13.61,14.0,13.57,13.88,34408,47782768.0,3.16,1.98,0.27,1.46
4737,2016-12-19,13.79,14.29,13.79,14.19,41558,58836143.0,3.6,2.23,0.31,1.77
4738,2016-12-20,14.19,14.41,13.98,14.15,38962,55392401.0,3.03,-0.28,-0.04,1.66
4739,2016-12-21,14.15,14.37,14.15,14.26,30106,43143592.0,1.55,0.78,0.11,1.28
4740,2016-12-22,14.21,14.39,14.08,14.18,27074,38511394.0,2.17,-0.56,-0.08,1.15
4741,2016-12-23,14.18,14.28,13.61,13.72,43733,60677337.0,4.72,-3.24,-0.46,1.86
4742,2016-12-26,13.75,13.95,13.5,13.92,35949,49577759.0,3.28,1.46,0.2,1.53
4743,2016-12-27,13.91,15.12,13.9,14.81,141986,207819708.0,8.76,6.39,0.89,6.04
4744,2016-12-28,14.76,14.79,14.39,14.55,83919,122418285.0,2.7,-1.76,-0.26,3.57
4745,2016-12-29,14.53,15.72,14.29,15.24,174532,261571939.0,9.83,4.74,0.69,7.42
4746,2016-12-30,14.85,15.55,14.73,14.84,131054,198606009.0,5.38,-2.62,-0.4,5.57
4747,2017-01-03,14.72,15.07,14.37,15.07,105518,155750619.0,4.72,1.55,0.23,4.49
4748,2017-01-04,14.95,15.23,14.81,15.07,82978,124740233.0,2.79,0.0,0.0,3.53
4749,2017-01-05,15.22,15.22,14.94,15.06,71184,107829782.0,1.86,-0.07,-0.01,3.03
4750,2017-01-06,15.0,15.05,14.75,14.79,49224,73282103.0,1.99,-1.79,-0.27,2.09
4751,2017-01-09,14.73,14.92,14.46,14.89,56307,83071918.0,3.11,0.68,0.1,2.39
4752,2017-01-10,14.78,15.11,14.73,14.96,56030,83877704.0,2.55,0.47,0.07,2.38
4753,2017-01-11,14.97,15.24,14.66,14.68,65482,98356422.0,3.88,-1.87,-0.28,2.78
4754,2017-01-12,14.72,15.07,14.68,14.77,58511,87419049.0,2.66,0.61,0.09,2.49
4755,2017-01-13,14.69,14.9,14.07,14.25,56122,81755024.0,5.62,-3.52,-0.52,2.39
4756,2017-01-16,14.24,14.24,12.82,13.3,78699,106479116.0,9.96,-6.67,-0.95,3.35
4757,2017-01-17,13.24,13.45,12.95,13.32,45729,60449599.0,3.76,0.15,0.02,1.94
4758,2017-01-18,13.32,13.49,13.23,13.3,25314,33958322.0,1.95,-0.15,-0.02,1.08
4759,2017-01-19,13.25,13.41,13.01,13.25,29827,39740642.0,3.01,-0.38,-0.05,1.27
4760,2017-01-20,13.25,13.6,13.18,13.5,31486,42610935.0,3.17,1.89,0.25,1.34
4761,2017-01-23,13.56,13.86,13.51,13.81,34854,48054284.0,2.59,2.3,0.31,1.48
4762,2017-01-24,13.71,13.77,13.56,13.69,25912,35498484.0,1.52,-0.87,-0.12,1.1
4763,2017-01-25,13.69,14.03,13.61,13.81,34058,47263685.0,3.07,0.88,0.12,1.45
4764,2017-01-26,13.78,14.13,13.78,14.11,40813,57320102.0,2.53,2.17,0.3,1.74
4765,2017-02-03,14.13,14.2,13.91,13.93,21433,30129752.0,2.06,-1.28,-0.18,0.91
4766,2017-02-06,13.92,14.11,13.75,14.0,33183,46390444.0,2.58,0.5,0.07,1.41
4767,2017-02-07,14.0,14.02,13.74,13.92,27134,37856406.0,2.0,-0.57,-0.08,1.15
4768,2017-02-08,13.89,14.05,13.77,14.02,29497,41181155.0,2.01,0.72,0.1,1.25
4769,2017-02-09,14.0,14.19,13.98,14.11,33783,47800987.0,1.5,0.64,0.09,1.44
4770,2017-02-10,14.1,14.75,14.06,14.39,92726,134690322.0,4.89,1.98,0.28,3.94
4771,2017-02-13,14.27,14.55,14.2,14.36,40790,58901998.0,2.43,-0.21,-0.03,1.73
4772,2017-02-14,14.32,14.45,14.05,14.12,47006,66724388.0,2.79,-1.67,-0.24,2.0
4773,2017-02-15,14.11,14.33,13.95,13.98,50507,71671183.0,2.69,-0.99,-0.14,2.15
4774,2017-02-16,13.95,14.28,13.91,14.13,43680,61763383.0,2.65,1.07,0.15,1.86
4775,2017-02-17,14.14,14.15,13.87,14.01,46538,65329454.0,1.98,-0.85,-0.12,1.98
4776,2017-02-20,14.09,14.09,13.81,14.04,44428,62253245.0,2.0,0.21,0.03,1.89
4777,2017-02-21,14.04,14.17,13.89,14.13,42655,60157196.0,1.99,0.64,0.09,1.81
4778,2017-02-22,14.12,14.23,13.88,14.06,40032,56483660.0,2.48,-0.5,-0.07,1.7
4779,2017-02-23,14.06,14.41,13.99,14.27,82057,117132392.0,2.99,1.49,0.21,3.49
4780,2017-02-24,14.21,14.46,14.08,14.46,72882,104681218.0,2.66,1.33,0.19,3.1
4781,2017-02-27,14.42,14.55,14.36,14.4,62551,90634830.0,1.31,-0.41,-0.06,2.66
4782,2017-02-28,14.4,14.46,14.2,14.33,39673,56853291.0,1.81,-0.49,-0.07,1.69
4783,2017-03-01,14.27,14.6,14.19,14.41,56221,81346307.0,2.86,0.56,0.08,2.39
4784,2017-03-02,14.31,14.5,14.19,14.24,49932,71923897.0,2.15,-1.18,-0.17,2.12
4785,2017-03-03,14.17,14.23,13.95,14.05,37280,52604814.0,1.97,-1.33,-0.19,1.59
4786,2017-03-06,14.06,14.17,13.98,14.14,45338,64110632.0,1.35,0.64,0.09,1.93
4787,2017-03-07,14.2,14.2,13.98,14.01,51521,72806365.0,1.56,-0.92,-0.13,2.19
4788,2017-03-08,14.02,14.15,13.94,14.02,42646,60085310.0,1.5,0.07,0.01,1.81
4789,2017-03-09,13.98,14.05,13.55,13.6,59546,82304674.0,3.57,-3.0,-0.42,2.53
4790,2017-03-10,13.65,13.8,13.61,13.74,41387,56943096.0,1.4,1.03,0.14,1.76
4791,2017-03-13,13.73,13.74,13.47,13.67,33851,46304864.0,1.97,-0.51,-0.07,1.44
4792,2017-03-14,13.68,13.81,13.65,13.79,36403,50219729.0,1.17,0.88,0.12,1.55
4793,2017-03-15,13.75,13.8,13.59,13.64,25809,35426534.0,1.52,-1.09,-0.15,1.1
4794,2017-03-16,13.71,13.98,13.69,13.98,63557,88523053.0,2.13,2.49,0.34,2.7
4795,2017-03-17,14.02,14.31,13.91,13.97,110478,156797559.0,2.86,-0.07,-0.01,4.7
4796,2017-03-20,13.97,14.3,13.96,14.21,61916,88048125.0,2.43,1.72,0.24,2.63
4797,2017-03-21,14.22,14.3,14.06,14.14,47840,68080616.0,1.69,-0.49,-0.07,2.03
4798,2017-03-22,14.15,14.53,14.11,14.35,119678,172245223.0,2.97,1.49,0.21,5.09
4799,2017-03-23,14.3,14.48,14.01,14.4,102968,147951378.0,3.28,0.35,0.05,4.38
4800,2017-03-24,14.35,14.52,14.15,14.3,73654,105755123.0,2.57,-0.69,-0.1,3.13
4801,2017-03-27,14.3,14.96,14.14,14.58,162306,237946099.0,5.73,1.96,0.28,6.9
4802,2017-03-28,14.57,14.95,14.44,14.64,112079,165776818.0,3.5,0.41,0.06,4.77
4803,2017-03-29,14.55,16.11,14.36,14.97,261218,398016032.0,11.95,2.25,0.33,11.11
4804,2017-03-30,14.87,15.31,14.75,14.85,208160,314313760.0,3.74,-0.8,-0.12,8.85
4805,2017-03-31,14.75,14.88,14.16,14.3,122011,176183596.0,4.85,-3.7,-0.55,5.19
4806,2017-04-05,14.31,15.03,14.2,14.92,117835,172996032.0,5.8,4.34,0.62,5.01
4807,2017-04-06,14.89,14.93,14.64,14.72,83986,124627730.0,1.94,-1.34,-0.2,3.57
4808,2017-04-07,14.75,14.75,14.39,14.45,68916,100175548.0,2.45,-1.83,-0.27,2.93
4809,2017-04-10,14.41,14.61,13.95,14.01,99125,141479004.0,4.57,-3.04,-0.44,4.22
4810,2017-04-11,13.95,14.19,13.75,14.19,73208,102770825.0,3.14,1.28,0.18,3.11
4811,2017-04-12,14.09,14.5,13.98,14.19,81605,116981577.0,3.66,0.0,0.0,3.47
4812,2017-04-13,14.01,14.25,14.01,14.04,47158,66841776.0,1.69,-1.06,-0.15,2.01
4813,2017-04-14,13.99,14.05,13.63,13.65,76711,106213040.0,2.99,-2.78,-0.39,3.26
4814,2017-04-17,13.59,14.08,13.51,13.77,79282,110107755.0,4.18,0.88,0.12,3.37
4815,2017-04-18,13.66,13.88,13.45,13.45,53662,73736222.0,3.12,-2.32,-0.32,2.28
4816,2017-04-19,13.37,13.37,12.13,12.96,65163,84430148.0,9.22,-3.64,-0.49,2.77
4817,2017-04-20,12.95,13.25,12.89,12.98,36584,48015046.0,2.78,0.15,0.02,1.56
4818,2017-04-21,12.99,13.1,12.76,12.8,28607,37228635.0,2.62,-1.39,-0.18,1.22
4819,2017-04-24,12.8,12.8,12.21,12.31,41442,52016883.0,4.61,-3.83,-0.49,1.76
4820,2017-04-25,12.31,12.72,12.31,12.53,37393,47034552.0,3.33,1.79,0.22,1.59
4821,2017-04-26,12.53,12.95,12.38,12.5,40315,51033660.0,4.55,-0.24,-0.03,1.71
4822,2017-04-27,12.26,12.53,11.83,12.38,68539,83874190.0,5.6,-0.96,-0.12,2.92
4823,2017-04-28,12.31,12.53,12.14,12.36,48949,60533792.0,3.15,-0.16,-0.02,2.08
4824,2017-05-02,12.36,12.45,12.17,12.39,29622,36666602.0,2.27,0.24,0.03,1.26
4825,2017-05-03,12.38,12.39,11.93,12.17,59382,72340950.0,3.71,-1.78,-0.22,2.53
4826,2017-05-04,12.03,12.25,12.01,12.05,33599,40976791.0,1.97,-0.99,-0.12,1.43
4827,2017-05-05,12.08,12.09,11.9,11.95,29290,35297862.0,1.58,-0.83,-0.1,1.25
4828,2017-05-08,11.88,12.0,11.47,11.57,27495,32629916.0,4.44,-3.18,-0.38,1.17
4829,2017-05-09,11.58,11.67,11.21,11.59,35199,40328194.0,3.98,0.17,0.02,1.5
4830,2017-05-10,11.55,11.76,11.29,11.3,29909,34829211.0,4.06,-2.5,-0.29,1.27
4831,2017-05-11,11.15,11.29,10.45,10.89,48562,52895577.0,7.43,-3.63,-0.41,2.07
4832,2017-05-12,10.85,10.89,10.61,10.71,34310,36993479.0,2.57,-1.65,-0.18,1.46
4833,2017-05-15,10.85,11.45,10.85,11.27,70792,79670267.0,5.6,5.23,0.56,3.01
4834,2017-05-16,11.16,11.86,11.15,11.72,81557,94834400.0,6.3,3.99,0.45,3.47
4835,2017-05-17,11.64,11.85,11.48,11.64,45882,53558970.0,3.16,-0.68,-0.08,1.95
4836,2017-05-18,11.63,11.63,11.31,11.41,36846,42426052.0,2.75,-1.98,-0.23,1.57
4837,2017-05-19,11.49,11.49,11.36,11.4,18637,21360244.0,1.14,-0.09,-0.01,0.79
4838,2017-07-24,10.68,11.15,10.28,10.66,149093,158897629.0,7.63,-6.49,-0.74,6.34
4839,2017-07-25,10.55,10.62,10.25,10.39,96312,100294096.0,3.47,-2.53,-0.27,4.09
4840,2017-07-26,10.39,10.64,10.34,10.52,52439,55099189.0,2.89,1.25,0.13,2.23
4841,2017-07-27,10.48,10.67,10.43,10.57,54250,57383548.0,2.28,0.48,0.05,2.31
4842,2017-07-28,10.57,10.9,10.57,10.77,60811,65653971.0,3.12,1.89,0.2,2.59
4843,2017-07-31,10.71,10.81,10.61,10.77,40784,43883140.0,1.86,0.0,0.0,1.73
4844,2017-08-01,10.74,10.83,10.6,10.81,54768,58719583.0,2.14,0.37,0.04,2.33
4845,2017-08-02,10.77,10.8,10.67,10.72,34628,37233963.0,1.2,-0.83,-0.09,1.47
4846,2017-08-03,10.66,10.72,10.6,10.67,22934,24521711.0,1.12,-0.47,-0.05,0.98
4847,2017-08-04,10.64,10.73,10.55,10.55,28554,30477088.0,1.69,-1.12,-0.12,1.21
4848,2017-08-07,10.51,10.61,10.45,10.55,33255,35126436.0,1.52,0.0,0.0,1.41
4849,2017-08-08,10.55,10.74,10.5,10.7,35125,37520942.0,2.27,1.42,0.15,1.49
4850,2017-08-09,10.63,10.8,10.63,10.76,34135,36768390.0,1.59,0.56,0.06,1.45
4851,2017-08-10,10.78,10.78,10.55,10.58,29990,32047068.0,2.14,-1.67,-0.18,1.28
4852,2017-08-11,10.55,10.73,10.46,10.64,34750,37011743.0,2.55,0.57,0.06,1.48
4853,2017-08-14,10.6,10.87,10.59,10.85,32035,34541397.0,2.63,1.97,0.21,1.36
4854,2017-08-15,10.81,10.94,10.68,10.79,28228,30556215.0,2.4,-0.55,-0.06,1.2
4855,2017-08-16,10.78,11.36,10.72,11.17,56710,62782819.0,5.93,3.52,0.38,2.41
4856,2017-08-17,11.09,11.25,11.09,11.15,28797,32234831.0,1.43,-0.18,-0.02,1.22
4857,2017-08-18,11.17,11.65,11.03,11.55,75635,87104153.0,5.56,3.59,0.4,3.22
4858,2017-08-21,11.44,11.82,11.44,11.75,60471,70570780.0,3.29,1.73,0.2,2.57
4859,2017-08-22,11.7,11.77,11.57,11.6,29049,33923600.0,1.7,-1.28,-0.15,1.24
4860,2017-08-23,11.58,11.65,11.24,11.32,34423,39142404.0,3.53,-2.41,-0.28,1.46
4861,2017-08-24,11.27,11.33,10.97,11.09,49371,55378283.0,3.18,-2.03,-0.23,2.1
4862,2017-08-25,11.09,11.27,11.07,11.27,30430,34117083.0,1.8,1.62,0.18,1.29
4863,2017-08-28,11.26,11.58,11.2,11.5,36884,42216369.0,3.37,2.04,0.23,1.57
4864,2017-08-29,11.48,11.7,11.33,11.57,39069,45086853.0,3.22,0.61,0.07,1.66
4865,2017-08-30,11.5,11.62,11.44,11.49,24711,28519964.0,1.56,-0.69,-0.08,1.05
4866,2017-08-31,11.54,11.6,11.46,11.5,17102,19722394.0,1.22,0.09,0.01,0.73
4867,2017-09-01,11.51,11.55,11.39,11.54,21498,24745651.0,1.39,0.35,0.04,0.91
4868,2017-09-04,11.48,12.35,11.45,12.21,118854,141993780.0,7.8,5.81,0.67,5.05
4869,2017-09-05,12.16,12.19,11.93,12.0,67930,82054643.0,2.13,-1.72,-0.21,2.89
4870,2017-09-06,11.97,12.12,11.87,12.05,40239,48377844.0,2.08,0.42,0.05,1.71
4871,2017-09-07,11.97,12.15,11.95,11.96,45741,55313554.0,1.66,-0.75,-0.09,1.94
4872,2017-09-08,11.98,12.25,11.98,12.08,48349,58728236.0,2.26,1.0,0.12,2.06
4873,2017-09-11,12.09,12.3,12.09,12.21,55440,67799894.0,1.74,1.08,0.13,2.36
4874,2017-09-12,12.21,12.71,12.15,12.56,76249,95088253.0,4.59,2.87,0.35,3.24
4875,2017-09-13,12.55,12.82,12.48,12.66,61182,77760299.0,2.71,0.8,0.1,2.6
4876,2017-09-14,12.62,13.28,12.6,13.27,119214,155397014.0,5.37,4.82,0.61,5.07
4877,2017-09-15,13.25,13.25,12.99,13.12,75170,98773058.0,1.96,-1.13,-0.15,3.2
4878,2017-09-18,13.09,13.36,13.0,13.15,47490,62675457.0,2.74,0.23,0.03,2.02
4879,2017-09-19,13.09,13.28,13.05,13.09,41914,55134760.0,1.75,-0.46,-0.06,1.78
4880,2017-09-20,13.15,13.15,12.81,13.01,86123,111635275.0,2.6,-0.61,-0.08,3.66
4881,2017-09-21,12.95,13.07,12.82,12.86,40650,52645312.0,1.92,-1.15,-0.15,1.73
4882,2017-09-22,12.87,13.04,12.77,13.04,28161,36415149.0,2.1,1.4,0.18,1.2
4883,2017-09-25,13.04,13.14,12.87,12.97,40192,52478280.0,2.07,-0.54,-0.07,1.71
4884,2017-09-26,12.99,13.24,12.98,13.24,60732,79704247.0,2.0,2.08,0.27,2.58
4885,2017-09-27,13.17,13.54,13.15,13.45,52996,71099046.0,2.95,1.59,0.21,2.25
4886,2017-09-28,13.46,13.57,13.18,13.5,65701,88251363.0,2.9,0.37,0.05,2.79
4887,2017-09-29,13.5,13.93,13.28,13.33,49100,66271219.0,4.81,-1.26,-0.17,2.09
4888,2017-10-09,13.32,13.46,12.8,13.24,55800,73313878.0,4.95,-0.68,-0.09,2.37
4889,2017-10-10,13.24,13.27,13.12,13.2,23871,31526628.0,1.13,-0.3,-0.04,1.01
4890,2017-10-11,13.19,13.41,13.15,13.37,26385,35226844.0,1.97,1.29,0.17,1.12
4891,2017-10-12,13.3,13.63,13.3,13.55,33968,46014687.0,2.47,1.35,0.18,1.44
4892,2017-10-13,13.38,13.47,13.2,13.29,45300,60496705.0,1.99,-1.92,-0.26,1.93
4893,2017-10-16,13.27,13.4,13.16,13.22,26138,34697866.0,1.81,-0.53,-0.07,1.11
4894,2017-10-17,13.18,13.31,13.17,13.26,16341,21725277.0,1.06,0.3,0.04,0.69
4895,2017-10-18,13.22,13.51,13.22,13.32,23128,31030994.0,2.19,0.45,0.06,0.98
4896,2017-10-19,13.27,13.45,12.63,12.97,30911,40698943.0,6.16,-2.63,-0.35,1.31
4897,2017-10-20,12.86,12.97,12.5,12.81,32478,41517596.0,3.62,-1.23,-0.16,1.38
4898,2017-10-23,12.95,13.23,12.78,13.19,21960,28693925.0,3.51,2.97,0.38,0.93
4899,2017-10-24,13.17,13.27,13.05,13.25,11033,14547472.0,1.67,0.45,0.06,0.47
4900,2017-10-25,13.24,13.31,13.16,13.3,14977,19880300.0,1.13,0.38,0.05,0.64
4901,2017-10-26,13.25,13.39,13.17,13.33,12817,17100656.0,1.65,0.23,0.03,0.54
4902,2017-10-27,13.37,13.39,13.28,13.34,9022,12044216.0,0.83,0.08,0.01,0.38
4903,2017-10-30,13.29,13.55,13.03,13.47,28563,38232832.0,3.9,0.97,0.13,1.21
4904,2017-10-31,13.48,13.62,13.38,13.48,13586,18363985.0,1.78,0.07,0.01,0.58
4905,2017-11-01,13.45,13.56,13.37,13.52,10816,14595702.0,1.41,0.3,0.04,0.46
4906,2017-11-02,13.57,13.61,13.38,13.54,13817,18748352.0,1.7,0.15,0.02,0.59
4907,2017-11-03,13.48,13.77,13.25,13.77,31508,42864359.0,3.84,1.7,0.23,1.34
4908,2017-11-06,13.78,14.07,13.62,13.74,34690,48243892.0,3.27,-0.22,-0.03,1.47
4909,2017-11-07,13.68,13.8,13.32,13.52,27272,37005685.0,3.49,-1.6,-0.22,1.16
4910,2017-11-08,13.47,13.64,13.47,13.57,14554,19755248.0,1.26,0.37,0.05,0.62
4911,2017-11-09,13.52,13.62,13.49,13.56,8278,11248784.0,0.96,-0.07,-0.01,0.35
4912,2017-11-10,13.47,13.59,13.37,13.59,14583,19765236.0,1.62,0.22,0.03,0.62
4913,2017-11-13,13.59,13.6,13.37,13.46,24112,32604188.0,1.69,-0.96,-0.13,1.03
4914,2017-11-14,13.45,13.63,13.07,13.57,41642,55885951.0,4.16,0.82,0.11,1.77
4915,2017-11-15,13.57,13.72,13.48,13.61,16149,22011902.0,1.77,0.29,0.04,0.69
4916,2017-11-16,13.61,13.79,13.58,13.58,12794,17524756.0,1.54,-0.22,-0.03,0.54
4917,2017-11-17,13.47,13.61,13.15,13.15,30447,40973893.0,3.39,-3.17,-0.43,1.29
4918,2017-11-20,13.06,13.4,11.88,13.36,21628,27993221.0,11.56,1.6,0.21,0.92
4919,2017-11-21,13.34,13.49,13.08,13.09,17561,23450362.0,3.07,-2.02,-0.27,0.75
4920,2017-11-22,13.04,13.16,12.88,12.92,14438,18783135.0,2.14,-1.3,-0.17,0.61
4921,2017-11-23,12.96,12.97,12.57,12.67,19260,24521504.0,3.1,-1.93,-0.25,0.82
4922,2017-11-24,12.71,12.74,12.57,12.69,12904,16390197.0,1.34,0.16,0.02,0.55
4923,2017-11-27,12.67,12.75,12.61,12.69,6250,7939671.0,1.1,0.0,0.0,0.27
4924,2017-11-28,12.79,12.79,12.57,12.71,11503,14600150.0,1.73,0.16,0.02,0.49
4925,2017-11-29,12.67,12.71,12.48,12.64,7684,9713542.0,1.81,-0.55,-0.07,0.33
4926,2017-11-30,12.6,13.47,12.47,12.88,21819,28212280.0,7.91,1.9,0.24,0.93
4927,2017-12-01,12.88,13.07,12.69,12.96,23172,29984254.0,2.95,0.62,0.08,0.99
4928,2017-12-04,12.96,13.05,12.93,12.98,17777,23177799.0,0.93,0.15,0.02,0.76
4929,2017-12-05,12.94,13.05,12.83,12.92,10642,13783688.0,1.69,-0.46,-0.06,0.45
4930,2017-12-06,12.97,13.35,12.84,13.25,18658,24621049.0,3.95,2.55,0.33,0.79
4931,2017-12-07,13.29,13.32,13.01,13.06,11252,14850675.0,2.34,-1.43,-0.19,0.48
4932,2017-12-08,13.06,13.21,12.99,13.21,13032,17086319.0,1.68,1.15,0.15,0.55
4933,2017-12-11,13.21,13.21,13.04,13.08,7578,9961979.0,1.29,-0.98,-0.13,0.32
4934,2017-12-12,13.2,13.2,12.97,13.0,5675,7408169.0,1.76,-0.61,-0.08,0.24
4935,2017-12-13,12.97,13.06,12.89,12.91,6056,7855834.0,1.31,-0.69,-0.09,0.26
4936,2017-12-14,12.91,12.96,12.58,12.67,22036,28020595.0,2.94,-1.86,-0.24,0.94
4937,2017-12-15,12.6,12.72,12.47,12.57,11605,14633280.0,1.97,-0.79,-0.1,0.49
4938,2017-12-18,12.57,12.65,12.53,12.54,19163,24197632.0,0.95,-0.24,-0.03,0.81
4939,2017-12-19,12.54,12.63,12.47,12.54,34840,43794511.0,1.28,0.0,0.0,1.48
4940,2017-12-20,12.54,12.67,12.47,12.6,18847,23703894.0,1.59,0.48,0.06,0.8
4941,2017-12-21,12.57,12.74,12.49,12.71,5431,6873237.0,1.98,0.87,0.11,0.23
4942,2017-12-22,12.7,12.75,12.62,12.63,11827,15077135.0,1.02,-0.63,-0.08,0.5
4943,2017-12-25,12.63,12.63,11.82,12.06,26418,32159998.0,6.41,-4.51,-0.57,1.12
4944,2017-12-26,11.97,12.06,11.49,12.01,31694,37469285.0,4.73,-0.41,-0.05,1.35
4945,2017-12-27,11.89,11.94,11.68,11.87,12264,14512545.0,2.16,-1.17,-0.14,0.52
4946,2017-12-28,11.87,11.92,11.67,11.67,15259,18031154.0,2.11,-1.68,-0.2,0.65
4947,2017-12-29,11.67,11.88,11.47,11.69,16923,19696389.0,3.51,0.17,0.02,0.72
4948,2018-01-02,11.69,11.84,11.65,11.78,7237,8522423.0,1.63,0.77,0.09,0.31
4949,2018-01-03,11.79,11.9,11.72,11.81,13949,16479967.0,1.53,0.25,0.03,0.59
4950,2018-01-04,11.79,11.92,11.68,11.87,18872,22404784.0,2.03,0.51,0.06,0.8
4951,2018-01-05,11.83,12.16,11.77,11.87,17252,20669383.0,3.29,0.0,0.0,0.73
4952,2018-01-08,11.91,12.08,11.88,11.95,7441,8938717.0,1.68,0.67,0.08,0.32
4953,2018-01-09,11.95,12.02,11.85,11.87,5937,7077216.0,1.42,-0.67,-0.08,0.25
4954,2018-01-10,11.87,11.93,11.62,11.84,6799,8013667.0,2.61,-0.25,-0.03,0.29
4955,2018-01-11,11.72,11.82,11.27,11.56,11363,13163030.0,4.65,-2.36,-0.28,0.48
4956,2018-01-12,11.55,11.73,11.38,11.46,7113,8245206.0,3.03,-0.87,-0.1,0.3
4957,2018-01-15,11.42,11.42,10.31,10.31,78084,82019630.0,9.69,-10.03,-1.15,3.32
4958,2018-01-16,10.3,11.0,10.13,10.95,66674,71317479.0,8.44,6.21,0.64,2.83
4959,2018-01-17,10.85,11.29,10.69,11.17,49924,54753969.0,5.48,2.01,0.22,2.12
4960,2018-01-18,11.13,11.19,10.98,11.15,11769,13101418.0,1.88,-0.18,-0.02,0.5
4961,2018-01-19,10.98,11.18,10.95,11.02,12982,14405722.0,2.06,-1.17,-0.13,0.55
4962,2018-01-22,11.15,11.25,11.05,11.22,19071,21405522.0,1.81,1.81,0.2,0.81
4963,2018-01-23,11.22,11.63,11.22,11.57,24957,28683588.0,3.65,3.12,0.35,1.06
4964,2018-01-24,11.53,11.65,11.42,11.56,13851,16012571.0,1.99,-0.09,-0.01,0.59
4965,2018-01-25,11.56,11.77,11.46,11.6,16214,18825269.0,2.68,0.35,0.04,0.69
4966,2018-01-26,11.59,11.63,11.47,11.63,6110,7072078.0,1.38,0.26,0.03,0.26
4967,2018-01-29,11.63,11.63,11.5,11.51,5833,6762890.0,1.12,-1.03,-0.12,0.25
4968,2018-01-30,11.52,11.62,11.47,11.6,9248,10715816.0,1.3,0.78,0.09,0.39
4969,2018-01-31,11.63,11.64,11.32,11.61,8832,10171256.0,2.76,0.09,0.01,0.38
4970,2018-02-01,11.58,11.58,11.13,11.41,24702,28218455.0,3.88,-1.72,-0.2,1.05
4971,2018-02-02,11.44,11.44,11.08,11.43,9376,10568037.0,3.16,0.18,0.02,0.4
4972,2018-02-05,11.43,11.44,11.19,11.32,4444,5025382.0,2.19,-0.96,-0.11,0.19
4973,2018-02-06,11.14,11.18,10.83,10.97,13074,14424440.0,3.09,-3.09,-0.35,0.56
4974,2018-02-07,11.12,11.15,10.38,10.53,15219,16462966.0,7.02,-4.01,-0.44,0.65
4975,2018-02-08,10.53,10.7,10.3,10.43,9313,9732601.0,3.8,-0.95,-0.1,0.4
4976,2018-02-09,10.27,10.38,9.38,9.38,24522,23518004.0,9.59,-10.07,-1.05,1.04
4977,2018-02-12,9.33,9.97,8.77,9.97,20596,19328995.0,12.79,6.29,0.59,0.88
4978,2018-02-13,10.05,10.05,9.65,9.84,11041,10881756.0,4.01,-1.3,-0.13,0.47
4979,2018-02-14,9.79,10.0,9.49,9.82,12297,12126985.0,5.18,-0.2,-0.02,0.52
4980,2018-02-22,9.96,10.07,9.87,9.95,6691,6679549.0,2.04,1.32,0.13,0.28
4981,2018-02-23,9.95,9.97,9.81,9.88,6317,6262488.0,1.61,-0.7,-0.07,0.27
4982,2018-02-26,9.88,10.07,9.83,10.0,7719,7715787.0,2.43,1.21,0.12,0.33
4983,2018-02-27,10.04,10.07,9.85,9.9,6152,6125116.0,2.2,-1.0,-0.1,0.26
4984,2018-02-28,9.85,10.09,9.77,9.99,7692,7684918.0,3.23,0.91,0.09,0.33
4985,2018-03-01,9.98,10.15,9.92,10.08,5582,5627964.0,2.3,0.9,0.09,0.24
4986,2018-03-02,10.07,10.24,10.0,10.07,7604,7722963.0,2.38,-0.1,-0.01,0.32
4987,2018-03-05,10.07,10.17,10.07,10.12,3786,3840359.0,0.99,0.5,0.05,0.16
4988,2018-03-06,10.2,10.35,9.92,10.05,17047,17156122.0,4.25,-0.69,-0.07,0.72
4989,2018-03-07,10.06,10.25,9.93,9.97,16331,16425009.0,3.18,-0.8,-0.08,0.69
4990,2018-03-08,9.97,9.97,9.85,9.89,16163,16050850.0,1.2,-0.8,-0.08,0.69
4991,2018-03-09,9.92,10.08,9.88,10.08,40997,40841109.0,2.02,1.92,0.19,1.74
4992,2018-03-12,10.12,10.14,9.95,10.08,34066,34190535.0,1.88,0.0,0.0,1.45
4993,2018-03-13,10.06,10.08,9.98,10.02,16361,16467971.0,0.99,-0.6,-0.06,0.7
4994,2018-03-14,10.02,10.19,9.97,10.11,16073,16243777.0,2.2,0.9,0.09,0.68
4995,2018-03-15,10.11,10.11,9.63,9.86,18120,17955132.0,4.75,-2.47,-0.25,0.77
4996,2018-03-16,9.91,9.93,9.73,9.73,8282,8165416.0,2.03,-1.32,-0.13,0.35
4997,2018-03-19,9.73,10.09,9.6,10.0,30763,30565622.0,5.04,2.77,0.27,1.31
4998,2018-03-20,9.95,10.31,9.85,10.22,41692,42568912.0,4.6,2.2,0.22,1.77
4999,2018-03-21,10.17,10.76,10.09,10.68,90994,96159534.0,6.56,4.5,0.46,3.87
5000,2018-03-22,10.62,10.64,10.4,10.49,27127,28600584.0,2.25,-1.78,-0.19,1.15
5001,2018-03-23,10.39,10.61,9.61,10.05,30493,31225730.0,9.53,-4.19,-0.44,1.3
5002,2018-03-26,9.97,9.97,9.09,9.81,24519,23689398.0,8.76,-2.39,-0.24,1.04
5003,2018-03-27,9.82,10.14,9.76,9.81,25215,25051333.0,3.87,0.0,0.0,1.07
5004,2018-03-28,9.66,9.95,9.56,9.75,16775,16347477.0,3.98,-0.61,-0.06,0.71
5005,2018-03-29,9.74,9.86,9.69,9.78,12411,12150330.0,1.74,0.31,0.03,0.53
5006,2018-03-30,9.79,9.91,9.79,9.89,17165,16981089.0,1.23,1.12,0.11,0.73
5007,2018-04-02,9.87,10.02,9.86,9.97,20236,20161658.0,1.62,0.81,0.08,0.86
5008,2018-04-03,9.88,10.21,9.78,10.11,34012,34243650.0,4.31,1.4,0.14,1.45
5009,2018-04-04,10.03,10.16,9.93,10.1,17462,17562299.0,2.27,-0.1,-0.01,0.74
5010,2018-04-09,10.06,10.07,9.83,9.95,13887,13820698.0,2.38,-1.49,-0.15,0.59
5011,2018-04-10,9.92,9.99,9.81,9.94,14409,14301159.0,1.81,-0.1,-0.01,0.61
5012,2018-04-11,9.97,10.02,9.9,9.94,14390,14383200.0,1.21,0.0,0.0,0.61
5013,2018-04-12,9.97,9.98,9.86,9.87,10800,10740726.0,1.21,-0.7,-0.07,0.46
5014,2018-04-13,9.84,9.92,9.84,9.89,9852,9750958.0,0.81,0.2,0.02,0.42
5015,2018-04-16,9.87,9.87,9.55,9.61,16148,15663696.0,3.24,-2.83,-0.28,0.69
5016,2018-04-17,9.67,9.72,9.49,9.6,10834,10410502.0,2.39,-0.1,-0.01,0.46
5017,2018-04-18,9.67,9.67,9.29,9.56,12264,11640900.0,3.96,-0.42,-0.04,0.52
5018,2018-04-19,9.57,9.66,9.53,9.63,12636,12160517.0,1.36,0.73,0.07,0.54
5019,2018-04-20,9.63,9.65,9.5,9.62,10038,9647324.0,1.56,-0.1,-0.01,0.43
5020,2018-04-23,9.57,9.71,9.57,9.7,12529,12109460.0,1.46,0.83,0.08,0.53
5021,2018-04-24,10.15,10.15,9.85,9.9,24170,24188154.0,3.09,2.06,0.2,1.03
5022,2018-04-25,9.79,9.94,9.77,9.79,9284,9167857.0,1.72,-1.11,-0.11,0.39
5023,2018-04-26,9.8,9.87,9.43,9.55,9167,8906862.0,4.49,-2.45,-0.24,0.39
5024,2018-04-27,9.55,9.7,9.48,9.59,8548,8201529.0,2.3,0.42,0.04,0.36
5025,2018-05-02,9.58,9.66,9.45,9.51,8988,8605943.0,2.19,-0.83,-0.08,0.38
5026,2018-05-03,9.52,9.62,9.42,9.57,7656,7300332.0,2.1,0.63,0.06,0.33
5027,2018-05-04,9.49,9.56,9.45,9.51,10077,9610091.0,1.15,-0.63,-0.06,0.43
5028,2018-05-07,9.48,9.55,9.45,9.55,9806,9356061.0,1.05,0.42,0.04,0.42
5029,2018-05-08,9.52,9.54,9.47,9.53,6236,5948939.0,0.73,-0.21,-0.02,0.27
5030,2018-05-09,9.55,9.55,9.49,9.53,12638,12076642.0,0.63,0.0,0.0,0.54
5031,2018-05-10,9.55,9.56,9.46,9.54,9579,9140697.0,1.05,0.1,0.01,0.41
5032,2018-05-11,9.55,10.26,9.47,9.7,28366,27804850.0,8.28,1.68,0.16,1.21
5033,2018-05-14,9.69,9.69,9.46,9.47,16833,16062138.0,2.37,-2.37,-0.23,0.72
5034,2018-05-15,9.48,9.66,9.33,9.51,11562,10999906.0,3.48,0.42,0.04,0.49
5035,2018-05-16,9.49,9.55,9.44,9.5,10788,10281342.0,1.16,-0.11,-0.01,0.46
5036,2018-05-17,9.52,9.54,9.43,9.43,5809,5528478.0,1.16,-0.74,-0.07,0.25
5037,2018-05-18,9.44,9.5,9.39,9.45,5727,5424258.0,1.17,0.21,0.02,0.24
5038,2018-05-21,9.49,9.53,9.45,9.5,7510,7152507.0,0.85,0.53,0.05,0.32
5039,2018-05-22,8.62,9.56,8.62,9.4,27676,25327452.0,9.89,-1.05,-0.1,1.18
5040,2018-05-23,9.3,9.35,9.14,9.14,18697,17348080.0,2.23,-2.77,-0.26,0.79
5041,2018-05-24,9.2,9.25,9.1,9.15,9652,8890807.0,1.64,0.11,0.01,0.41
5042,2018-05-25,9.18,9.23,8.92,8.92,9012,8162626.0,3.39,-2.51,-0.23,0.38
5043,2018-05-28,8.95,8.97,8.11,8.46,54309,45861249.0,9.64,-5.16,-0.46,2.31
5044,2018-05-29,8.36,8.36,8.18,8.18,17696,14656774.0,2.13,-3.31,-0.28,0.75
5045,2018-05-30,8.15,8.25,7.94,8.07,19066,15496568.0,3.79,-1.34,-0.11,0.81
5046,2018-05-31,8.03,8.32,8.03,8.18,15008,12350324.0,3.59,1.36,0.11,0.64
5047,2018-06-01,8.21,8.24,8.09,8.14,8478,6942280.0,1.83,-0.49,-0.04,0.36
5048,2018-06-04,8.18,8.22,7.95,7.97,15090,12179620.0,3.32,-2.09,-0.17,0.64
5049,2018-06-05,7.2,7.9,7.19,7.37,184444,136006645.0,8.91,-7.53,-0.6,7.84
5050,2018-06-06,7.3,7.38,7.14,7.17,75625,54963530.0,3.26,-2.71,-0.2,3.21
5051,2018-06-07,7.27,7.27,7.08,7.16,43119,31060026.0,2.65,-0.14,-0.01,1.83
5052,2018-06-08,7.15,7.15,6.84,6.96,49056,34295228.0,4.33,-2.79,-0.2,2.08
5053,2018-06-11,6.94,6.97,6.81,6.82,34301,23622640.0,2.3,-2.01,-0.14,1.46
5054,2018-06-12,6.86,6.88,6.72,6.84,41090,28034216.0,2.35,0.29,0.02,1.75
5055,2018-06-13,6.81,6.81,6.6,6.67,44344,29871953.0,3.07,-2.49,-0.17,1.88
5056,2018-06-14,6.68,6.73,6.61,6.7,22191,14902680.0,1.8,0.45,0.03,0.94
5057,2018-06-15,6.82,6.87,6.45,6.47,49780,33071390.0,6.27,-3.43,-0.23,2.12
5058,2018-06-19,6.29,6.36,5.82,5.82,60213,36640848.0,8.35,-10.05,-0.65,2.56
5059,2018-06-20,5.76,5.94,5.62,5.73,89436,51676821.0,5.5,-1.55,-0.09,3.8
5060,2018-06-21,5.73,5.82,5.37,5.41,75845,42972862.0,7.85,-5.58,-0.32,3.22
5061,2018-06-22,5.47,5.66,5.38,5.64,53533,29936637.0,5.18,4.25,0.23,2.28
5062,2018-06-25,5.72,5.8,5.64,5.67,37068,21312676.0,2.84,0.53,0.03,1.58
5063,2018-06-26,5.65,5.85,5.58,5.82,37605,21759072.0,4.76,2.65,0.15,1.6
5064,2018-06-27,5.8,5.85,5.74,5.8,21736,12678036.0,1.89,-0.34,-0.02,0.92
5065,2018-06-28,5.81,6.0,5.76,5.77,36886,21795702.0,4.14,-0.52,-0.03,1.57
5066,2018-06-29,5.75,5.92,5.69,5.9,26825,15689126.0,3.99,2.25,0.13,1.14
5067,2018-07-02,5.89,5.92,5.73,5.78,24007,14094428.0,3.22,-2.03,-0.12,1.02
5068,2018-07-03,5.82,5.9,5.73,5.9,23451,13774878.0,2.94,2.08,0.12,1.0
5069,2018-07-04,5.85,5.93,5.78,5.9,29309,17235592.0,2.54,0.0,0.0,1.25
5070,2018-07-05,5.89,5.9,5.71,5.71,22730,13262003.0,3.22,-3.22,-0.19,0.97
5071,2018-07-06,5.72,5.81,5.62,5.74,21888,12553983.0,3.33,0.53,0.03,0.93
5072,2018-07-09,5.77,5.84,5.75,5.81,23305,13597299.0,1.57,1.22,0.07,0.99
5073,2018-07-10,5.82,5.94,5.78,5.87,30518,17977976.0,2.75,1.03,0.06,1.3
5074,2018-07-11,5.84,5.84,5.57,5.6,37127,21064177.0,4.6,-4.6,-0.27,1.58
5075,2018-07-12,5.58,5.79,5.58,5.76,26074,14998984.0,3.75,2.86,0.16,1.11
5076,2018-07-13,5.75,5.91,5.72,5.84,44823,26213140.0,3.3,1.39,0.08,1.91
5077,2018-07-16,5.82,5.83,5.73,5.79,29403,17070136.0,1.71,-0.86,-0.05,1.25
5078,2018-07-17,5.77,5.83,5.75,5.78,35488,20671636.0,1.38,-0.17,-0.01,1.51
5079,2018-07-18,5.82,6.09,5.77,6.0,79435,47410659.0,5.54,3.81,0.22,3.38
5080,2018-07-19,5.96,6.0,5.81,5.84,41924,24834313.0,3.17,-2.67,-0.16,1.78
5081,2018-07-20,5.92,6.37,5.89,6.06,101494,62063027.0,8.22,3.77,0.22,4.32
5082,2018-07-23,6.08,6.55,5.97,6.41,128621,81509641.0,9.57,5.78,0.35,5.47
5083,2018-07-24,6.32,6.6,6.22,6.52,133265,86453433.0,5.93,1.72,0.11,5.67
5084,2018-07-25,6.42,6.96,6.41,6.74,131316,88937276.0,8.44,3.37,0.22,5.58
5085,2018-07-26,6.87,7.25,6.75,6.96,157600,109974519.0,7.42,3.26,0.22,6.7
5086,2018-07-27,6.7,6.77,6.48,6.56,109517,72825996.0,4.17,-5.75,-0.4,4.66
5087,2018-07-30,6.42,6.43,6.25,6.35,74530,47403624.0,2.74,-3.2,-0.21,3.17
5088,2018-07-31,6.27,6.38,6.25,6.34,44980,28569651.0,2.05,-0.16,-0.01,1.91
5089,2018-08-01,6.33,6.41,6.22,6.24,40874,26003469.0,3.0,-1.58,-0.1,1.74
5090,2018-08-02,6.25,6.27,5.75,5.99,52488,31477012.0,8.33,-4.01,-0.25,2.23
5091,2018-08-03,5.98,6.11,5.91,5.99,27277,16496959.0,3.34,0.0,0.0,1.16
5092,2018-08-06,6.1,6.59,6.09,6.59,72283,46820396.0,8.35,10.02,0.6,3.07
5093,2018-08-07,7.03,7.25,6.88,7.25,120937,87165324.0,5.61,10.02,0.66,5.14
5094,2018-08-08,7.62,7.98,7.42,7.98,302901,237623940.0,7.72,10.07,0.73,12.88
5095,2018-08-09,8.37,8.77,7.5,7.67,465130,381066416.0,15.91,-3.88,-0.31,19.78
5096,2018-08-10,7.3,7.95,7.3,7.37,348253,264107380.0,8.47,-3.91,-0.3,14.81
5097,2018-08-13,6.97,7.23,6.87,7.01,222537,156231879.0,4.88,-4.88,-0.36,9.46
5098,2018-08-14,6.99,7.26,6.9,7.05,195798,139180146.0,5.14,0.57,0.04,8.32
5099,2018-08-15,6.93,7.04,6.7,6.78,139234,95857158.0,4.82,-3.83,-0.27,5.92
5100,2018-08-16,6.67,6.83,6.51,6.64,119588,79833072.0,4.72,-2.06,-0.14,5.08
5101,2018-08-17,6.71,6.75,6.36,6.44,90377,59314399.0,5.87,-3.01,-0.2,3.84
5102,2018-08-20,6.42,6.42,6.11,6.32,85533,53721442.0,4.81,-1.86,-0.12,3.64
5103,2018-08-21,6.29,6.53,6.28,6.5,97676,63068365.0,3.96,2.85,0.18,4.15
5104,2018-08-22,6.45,6.62,6.3,6.52,103031,66959308.0,4.92,0.31,0.02,4.38
5105,2018-08-23,6.46,6.59,6.39,6.56,79894,52158699.0,3.07,0.61,0.04,3.4
5106,2018-08-24,6.53,6.56,6.38,6.4,58705,38166957.0,2.74,-2.44,-0.16,2.5
5107,2018-08-27,6.4,6.56,6.36,6.53,65782,42701755.0,3.13,2.03,0.13,2.8
5108,2018-08-28,6.53,7.03,6.49,6.73,156849,106987058.0,8.27,3.06,0.2,6.67
5109,2018-08-29,6.68,6.76,6.57,6.75,82230,54905483.0,2.82,0.3,0.02,3.5
5110,2018-08-30,6.68,6.94,6.68,6.68,87964,59997148.0,3.85,-1.04,-0.07,3.74
5111,2018-08-31,6.67,6.67,6.39,6.4,68019,44493491.0,4.19,-4.19,-0.28,2.89
5112,2018-09-03,6.37,6.48,6.26,6.39,41702,26580070.0,3.44,-0.16,-0.01,1.77
5113,2018-09-04,6.39,6.48,6.35,6.48,43615,28129129.0,2.03,1.41,0.09,1.85
5114,2018-09-05,6.44,6.74,6.39,6.48,69471,45719664.0,5.4,0.0,0.0,2.95
5115,2018-09-06,6.4,6.59,6.35,6.44,41661,26963858.0,3.7,-0.62,-0.04,1.77
5116,2018-09-07,6.42,6.69,6.39,6.63,93013,61251852.0,4.66,2.95,0.19,3.95
5117,2018-09-10,6.57,6.87,6.54,6.82,138193,93704605.0,4.98,2.87,0.19,5.88
5118,2018-09-11,6.78,6.92,6.65,6.84,86423,58862011.0,3.96,0.29,0.02,3.67
5119,2018-09-12,6.75,6.8,6.6,6.64,69476,46765919.0,2.92,-2.92,-0.2,2.95
5120,2018-09-13,6.69,6.73,6.59,6.71,44242,29584805.0,2.11,1.05,0.07,1.88
5121,2018-09-14,6.7,6.89,6.62,6.82,100536,68420626.0,4.02,1.64,0.11,4.27
5122,2018-09-17,6.84,7.25,6.72,7.18,211293,149946166.0,7.77,5.28,0.36,8.98
5123,2018-09-18,7.02,7.22,6.98,7.22,137224,97821396.0,3.34,0.56,0.04,5.83
5124,2018-09-19,7.17,7.37,7.08,7.16,146209,105898606.0,4.02,-0.83,-0.06,6.22
5125,2018-09-20,7.16,7.7,7.04,7.37,209565,154472806.0,9.22,2.93,0.21,8.91
5126,2018-09-21,7.59,7.77,7.33,7.36,254743,193119672.0,5.97,-0.14,-0.01,10.83
5127,2018-09-25,7.02,7.02,6.62,6.77,172685,118084363.0,5.43,-8.02,-0.59,7.34
5128,2018-09-26,6.81,6.88,6.72,6.87,109679,75092120.0,2.36,1.48,0.1,4.66
5129,2018-09-27,6.86,6.87,6.5,6.55,111271,74257367.0,5.39,-4.66,-0.32,4.73
5130,2018-09-28,6.58,6.8,6.58,6.7,79502,53322433.0,3.36,2.29,0.15,3.38
5131,2018-10-08,6.62,6.62,6.16,6.19,91889,58237392.0,6.87,-7.61,-0.51,3.91
5132,2018-10-09,6.19,6.27,6.17,6.21,33921,21149381.0,1.62,0.32,0.02,1.44
5133,2018-10-10,6.19,6.24,5.95,6.05,57375,34992755.0,4.67,-2.58,-0.16,2.44
5134,2018-10-11,5.77,5.86,5.44,5.47,73198,41380722.0,6.94,-9.59,-0.58,3.11
5135,2018-10-12,5.39,5.52,5.13,5.42,50887,27443731.0,7.13,-0.91,-0.05,2.16
5136,2018-10-15,5.4,5.56,5.34,5.43,37445,20556361.0,4.06,0.18,0.01,1.59
5137,2018-10-16,5.41,5.47,5.17,5.18,40798,21697632.0,5.52,-4.6,-0.25,1.73
5138,2018-10-17,5.26,5.29,5.13,5.23,34275,17941319.0,3.09,0.97,0.05,1.46
5139,2018-10-18,5.19,5.19,4.92,4.93,38057,19218817.0,5.16,-5.74,-0.3,1.62
5140,2018-10-19,4.86,5.07,4.79,5.04,35758,17916716.0,5.68,2.23,0.11,1.52
5141,2018-10-22,5.39,5.52,5.25,5.44,66701,36167091.0,5.36,7.94,0.4,2.84
5142,2018-10-23,5.37,5.8,5.35,5.46,72909,40724047.0,8.27,0.37,0.02,3.1
5143,2018-10-24,5.46,5.75,5.34,5.54,54883,30726754.0,7.51,1.47,0.08,2.33
5144,2018-10-25,5.41,5.54,5.27,5.51,46146,25003880.0,4.87,-0.54,-0.03,1.96
5145,2018-10-26,5.55,5.62,5.48,5.52,37537,20948689.0,2.54,0.18,0.01,1.6
5146,2018-10-29,5.48,5.51,5.36,5.39,27923,15183472.0,2.72,-2.36,-0.13,1.19
5147,2018-10-30,5.39,5.5,5.35,5.48,26719,14626617.0,2.78,1.67,0.09,1.14
5148,2018-10-31,5.56,5.72,5.54,5.59,40245,22747675.0,3.28,2.01,0.11,1.71
5149,2018-11-01,5.6,5.82,5.55,5.68,59567,34019098.0,4.83,1.61,0.09,2.53
5150,2018-11-02,5.71,5.85,5.66,5.78,55615,32108648.0,3.35,1.76,0.1,2.36
5151,2018-11-05,5.77,5.9,5.71,5.81,51559,30052736.0,3.29,0.52,0.03,2.19
5152,2018-11-06,5.84,6.39,5.8,6.19,197140,123871797.0,10.15,6.54,0.38,8.38
5153,2018-11-07,5.97,6.11,5.82,5.91,148101,88575700.0,4.68,-4.52,-0.28,6.3
5154,2018-11-08,5.95,6.04,5.84,5.92,104234,62406830.0,3.38,0.17,0.01,4.43
5155,2018-11-09,5.92,6.22,5.84,5.98,84279,51045630.0,6.42,1.01,0.06,3.58
5156,2018-11-12,6.07,6.27,5.99,6.18,102975,63475798.0,4.68,3.34,0.2,4.38
5157,2018-11-13,6.1,6.54,6.08,6.37,138096,87830256.0,7.44,3.07,0.19,5.87
5158,2018-11-14,6.58,7.01,6.35,7.01,341587,235159091.0,10.36,10.05,0.64,14.52
5159,2018-11-15,7.71,7.71,7.21,7.71,456300,347535520.0,7.13,9.99,0.7,19.4
5160,2018-11-16,8.48,8.48,8.48,8.48,57175,48656316.0,0.0,9.99,0.77,2.43
5161,2018-11-19,9.33,9.33,9.33,9.33,15142,14172481.0,0.0,10.02,0.85,0.64
5162,2018-11-20,10.27,10.27,9.72,10.27,351211,361098784.0,5.89,10.08,0.94,14.93
5163,2018-11-21,10.16,10.55,9.24,9.65,778293,754397456.0,12.76,-6.04,-0.62,33.09
5164,2018-11-22,9.23,9.33,8.72,8.77,526817,474163312.0,6.32,-9.12,-0.88,22.4
5165,2018-11-23,8.4,8.41,7.89,7.89,408117,331999184.0,5.93,-10.03,-0.88,17.35
5166,2018-11-26,7.75,8.07,7.69,8.05,291476,231389169.0,4.82,2.03,0.16,12.39
5167,2018-11-27,8.15,8.2,7.63,7.93,292324,231538821.0,7.08,-1.49,-0.12,12.43
5168,2018-11-28,7.8,7.84,7.28,7.58,330867,249853768.0,7.06,-4.41,-0.35,14.07
5169,2018-11-29,7.55,7.92,7.45,7.59,371104,285726192.0,6.2,0.13,0.01,15.78
5170,2018-11-30,7.44,7.56,7.04,7.29,294825,215073438.0,6.85,-3.95,-0.3,12.53
5171,2018-12-03,7.43,7.57,7.32,7.34,264936,197832335.0,3.43,0.69,0.05,11.26
5172,2018-12-04,7.32,8.01,7.32,7.65,438609,337597408.0,9.4,4.22,0.31,18.65
5173,2018-12-05,7.02,7.2,6.92,6.96,355591,251334795.0,3.66,-9.02,-0.69,15.12
5174,2018-12-06,7.05,7.1,6.82,6.9,180082,126564283.0,4.02,-0.86,-0.06,7.66
5175,2018-12-07,7.04,7.07,6.8,6.91,130160,90411990.0,3.91,0.14,0.01,5.53
5176,2018-12-10,6.88,7.05,6.85,7.02,159930,112090048.0,2.89,1.59,0.11,6.8
5177,2018-12-11,7.05,7.12,6.93,7.0,134689,94717106.0,2.71,-0.28,-0.02,5.73
5178,2018-12-12,7.03,7.23,6.92,7.12,224561,159977418.0,4.43,1.71,0.12,9.55
5179,2018-12-13,7.13,7.13,6.95,7.06,152194,107681921.0,2.53,-0.84,-0.06,6.47
5180,2018-12-14,7.02,7.05,6.64,6.64,168885,116260444.0,5.81,-5.95,-0.42,7.18
5181,2018-12-17,6.6,6.88,6.55,6.79,130074,88215299.0,4.97,2.26,0.15,5.53
5182,2018-12-18,7.13,7.47,7.13,7.47,128244,95865814.0,5.01,10.01,0.68,5.45
5183,2018-12-19,7.54,8.22,7.47,8.22,688499,545182464.0,10.04,10.04,0.75,29.27
5184,2018-12-20,7.78,8.65,7.48,8.05,583840,468091792.0,14.23,-2.07,-0.17,24.82
5185,2018-12-21,7.77,7.92,7.24,7.29,393668,298843776.0,8.45,-9.44,-0.76,16.74
5186,2018-12-24,7.33,7.56,7.14,7.43,286700,211735881.0,5.76,1.92,0.14,12.19
5187,2018-12-25,7.33,8.02,7.18,7.82,419682,324049520.0,11.31,5.25,0.39,17.84
5188,2018-12-26,7.67,8.19,7.53,8.04,446113,356733424.0,8.44,2.81,0.22,18.96
5189,2018-12-27,7.94,8.02,7.47,7.47,297505,231327842.0,6.84,-7.09,-0.57,12.65
5190,2018-12-28,7.59,7.74,7.39,7.46,199851,152034253.0,4.69,-0.13,-0.01,8.5
5191,2019-01-02,7.44,7.69,7.42,7.44,198811,150738670.0,3.62,-0.27,-0.02,8.45
5192,2019-01-03,7.35,7.47,6.85,6.95,260033,184899886.0,8.33,-6.59,-0.49,11.05
5193,2019-01-04,6.92,7.25,6.79,7.24,210499,149468682.0,6.62,4.17,0.29,8.95
5194,2019-01-07,7.26,7.97,7.13,7.57,318544,240873876.0,11.6,4.56,0.33,13.54
5195,2019-01-08,7.59,7.91,7.44,7.6,296412,227802232.0,6.21,0.4,0.03,12.6
5196,2019-01-09,7.64,7.91,7.47,7.83,345650,268165761.0,5.79,3.03,0.23,14.69
5197,2019-01-10,7.71,7.79,7.47,7.49,235788,180402812.0,4.09,-4.34,-0.34,10.02
5198,2019-01-11,7.37,7.59,7.27,7.37,172820,128222346.0,4.27,-1.6,-0.12,7.35
5199,2019-01-14,7.36,7.74,7.36,7.52,202204,153399754.0,5.16,2.04,0.15,8.59
5200,2019-01-15,7.47,7.49,7.22,7.47,168381,124577060.0,3.59,-0.66,-0.05,7.16
5201,2019-01-16,7.49,7.75,7.35,7.69,286693,219822454.0,5.35,2.95,0.22,12.19
5202,2019-01-17,7.65,8.46,7.5,8.46,574772,470173760.0,12.48,10.01,0.77,24.43
5203,2019-01-18,8.17,8.34,7.87,8.04,403167,328686704.0,5.56,-4.96,-0.42,17.14
5204,2019-01-21,8.08,8.17,7.87,8.07,226877,182458587.0,3.73,0.37,0.03,9.64
5205,2019-01-22,8.02,8.36,7.9,8.27,324744,266933137.0,5.7,2.48,0.2,13.8
5206,2019-01-23,8.15,8.37,8.05,8.2,214210,176231313.0,3.87,-0.85,-0.07,9.1
5207,2019-01-24,8.26,8.31,7.71,7.87,253517,201852673.0,7.32,-4.02,-0.33,10.78
5208,2019-01-25,7.75,7.81,7.47,7.51,198798,152195199.0,4.32,-4.57,-0.36,8.45
5209,2019-01-28,7.49,7.62,7.47,7.54,110086,83386553.0,2.0,0.4,0.03,4.68
5210,2019-01-29,7.51,7.51,6.89,7.11,156155,111755077.0,8.22,-5.7,-0.43,6.64
5211,2019-01-30,7.03,7.23,6.99,7.01,78276,55877427.0,3.38,-1.41,-0.1,3.33
5212,2019-01-31,7.17,7.22,6.48,6.74,138731,95719534.0,10.56,-3.85,-0.27,5.9
5213,2019-02-01,6.69,6.95,6.69,6.93,80257,55244955.0,3.86,2.82,0.19,3.41
5214,2019-02-11,7.01,7.2,6.98,7.14,97919,69976706.0,3.17,3.03,0.21,4.16
5215,2019-02-12,7.12,7.29,7.1,7.23,98525,71184612.0,2.66,1.26,0.09,4.19
5216,2019-02-13,7.27,7.37,7.15,7.31,126141,92323450.0,3.04,1.11,0.08,5.36
5217,2019-02-14,7.33,7.74,7.3,7.43,196335,148370004.0,6.02,1.64,0.12,8.34
5218,2019-02-15,7.33,7.55,7.33,7.37,117748,87759354.0,2.96,-0.81,-0.06,5.0
5219,2019-02-18,7.42,7.69,7.39,7.67,185761,140738637.0,4.07,4.07,0.3,7.9
5220,2019-02-19,7.61,7.88,7.55,7.85,268645,208693130.0,4.3,2.35,0.18,11.42
5221,2019-02-20,7.74,7.82,7.6,7.74,151076,116925595.0,2.8,-1.4,-0.11,6.42
5222,2019-02-21,7.7,8.22,7.67,7.76,256499,202853626.0,7.11,0.26,0.02,10.9
5223,2019-02-22,7.66,8.22,7.57,8.14,337533,272122528.0,8.38,4.9,0.38,14.35
5224,2019-02-25,8.29,8.85,8.1,8.75,395645,338214848.0,9.21,7.49,0.61,16.82
5225,2019-02-26,8.58,8.59,8.25,8.27,353457,298415472.0,3.89,-5.49,-0.48,15.02
5226,2019-02-27,8.19,8.75,8.19,8.6,298328,252854626.0,6.77,3.99,0.33,12.68
5227,2019-02-28,8.48,8.49,8.07,8.12,253732,210686580.0,4.88,-5.58,-0.48,10.78
5228,2019-03-01,8.01,8.36,8.01,8.21,158508,130268373.0,4.31,1.11,0.09,6.74
5229,2019-03-04,8.41,8.54,8.3,8.37,256511,216251150.0,2.92,1.95,0.16,10.9
5230,2019-03-05,8.29,8.84,8.23,8.71,322004,277920496.0,7.29,4.06,0.34,13.69
5231,2019-03-06,8.67,8.85,8.39,8.65,286317,246389586.0,5.28,-0.69,-0.06,12.17
5232,2019-03-07,8.68,9.25,8.59,8.95,360416,322759984.0,7.63,3.47,0.3,15.32
5233,2019-03-08,8.59,8.75,8.08,8.17,258797,219863615.0,7.49,-8.72,-0.78,11.0
5234,2019-03-11,8.17,8.56,8.17,8.54,184494,156431150.0,4.77,4.53,0.37,7.84
5235,2019-03-12,8.72,8.95,8.56,8.79,248078,217713503.0,4.57,2.93,0.25,10.54
5236,2019-03-13,8.87,9.67,8.79,9.49,460323,432964144.0,10.01,7.96,0.7,19.56
5237,2019-03-14,9.19,9.21,8.54,8.54,332865,291566432.0,7.06,-10.01,-0.95,14.15
5238,2019-03-15,8.54,9.05,8.49,8.8,264706,233092108.0,6.56,3.04,0.26,11.25
5239,2019-03-18,8.91,9.47,8.81,9.23,306788,283425680.0,7.5,4.89,0.43,13.04
5240,2019-03-19,9.29,9.66,8.92,9.17,314646,290725072.0,8.02,-0.65,-0.06,13.37
5241,2019-03-20,9.18,10.09,9.06,10.09,416871,398744464.0,11.23,10.03,0.92,17.72
5242,2019-03-21,10.85,11.1,10.57,11.1,251809,273637312.0,5.25,10.01,1.01,10.7
5243,2019-03-22,11.66,12.21,11.47,12.21,473437,568570736.0,6.67,10.0,1.11,20.12
5244,2019-03-25,12.57,13.43,12.13,13.43,852116,1114048512.0,10.65,9.99,1.22,36.22
5245,2019-03-26,13.37,14.78,12.08,14.78,1026579,1392848512.0,20.1,10.05,1.35,43.63
5246,2019-03-27,14.01,16.26,14.01,16.26,976734,1485189760.0,15.22,10.01,1.48,41.51
5247,2019-03-28,16.83,17.67,14.86,15.18,1088092,1784378336.0,17.28,-6.64,-1.08,46.25
5248,2019-03-29,14.3,16.28,13.82,15.28,826762,1237920096.0,16.21,0.66,0.1,35.14
5249,2019-04-01,14.67,16.35,14.61,15.77,831710,1298209088.0,11.39,3.21,0.49,35.35
5250,2019-04-02,15.57,16.47,15.32,15.5,812406,1293075808.0,7.29,-1.71,-0.27,34.53
5251,2019-04-03,14.85,15.44,14.47,14.96,470471,703440304.0,6.26,-3.48,-0.54,20.0
5252,2019-04-04,14.97,15.44,14.79,15.1,409280,619776576.0,4.34,0.94,0.14,17.4
5253,2019-04-08,14.98,15.85,14.16,15.57,605884,916444736.0,11.19,3.11,0.47,25.75
5254,2019-04-09,15.3,17.13,15.1,17.13,868562,1430583344.0,13.04,10.02,1.56,36.92
5255,2019-04-10,16.83,18.74,15.74,16.03,970468,1686060000.0,17.51,-6.42,-1.1,41.25
5256,2019-04-11,14.99,15.76,14.97,14.97,529376,809398976.0,4.93,-6.61,-1.06,22.5
5257,2019-04-12,14.79,14.82,13.97,14.24,382110,547225808.0,5.68,-4.88,-0.73,16.24
5258,2019-04-15,14.39,14.93,14.19,14.72,357287,521226192.0,5.2,3.37,0.48,15.19
5259,2019-04-16,14.5,14.92,14.23,14.82,279957,407834560.0,4.69,0.68,0.1,11.9
5260,2019-04-17,14.81,15.65,14.59,15.29,419266,641605744.0,7.15,3.17,0.47,17.82
5261,2019-04-18,15.11,16.52,15.0,16.16,578881,923284144.0,9.94,5.69,0.87,24.6
5262,2019-04-19,15.97,16.88,15.85,16.4,546996,901693248.0,6.37,1.49,0.24,23.25
5263,2019-04-22,16.47,18.04,16.47,18.04,666349,1147983024.0,9.57,10.0,1.64,28.32
5264,2019-04-23,18.27,18.43,16.23,16.23,611719,1041056864.0,12.2,-10.03,-1.81,26.0
5265,2019-04-24,15.35,15.81,14.96,15.33,381771,585337712.0,5.24,-5.55,-0.9,16.23
5266,2019-04-25,15.36,15.64,14.21,14.35,355628,530408320.0,9.33,-6.39,-0.98,15.12
5267,2019-04-26,14.25,14.55,13.65,13.82,296218,418939232.0,6.27,-3.69,-0.53,12.59
5268,2019-04-29,13.82,13.94,12.44,12.44,281242,361507344.0,10.85,-9.99,-1.38,11.95
5269,2019-04-30,12.46,12.82,11.97,12.7,215103,268635872.0,6.83,2.09,0.26,9.14
5270,2019-05-06,12.05,12.07,11.43,11.43,153715,178722461.0,5.04,-10.0,-1.27,6.53
5271,2019-05-07,11.27,11.51,10.6,11.13,265060,293907456.0,7.96,-2.62,-0.3,11.27
5272,2019-05-08,10.75,11.31,10.48,10.93,206228,225663761.0,7.46,-1.8,-0.2,8.77
5273,2019-05-09,10.82,11.08,10.72,10.78,166408,182263085.0,3.29,-1.37,-0.15,7.07
5274,2019-05-10,11.05,11.5,10.44,11.35,304127,339528288.0,9.83,5.29,0.57,12.93
5275,2019-05-13,11.17,11.74,11.03,11.49,251017,286470240.0,6.26,1.23,0.14,10.67
5276,2019-05-14,11.17,11.64,11.08,11.26,175033,199077142.0,4.87,-2.0,-0.23,7.44
5277,2019-05-15,11.46,12.1,11.31,11.97,327981,386779536.0,7.02,6.31,0.71,13.94
5278,2019-05-16,11.77,12.13,11.6,12.01,302736,361420256.0,4.43,0.33,0.04,12.87
5279,2019-05-17,11.94,11.94,10.96,11.04,256961,294083520.0,8.16,-8.08,-0.97,10.92
5280,2019-05-20,11.09,11.16,9.97,10.77,174259,185439229.0,10.78,-2.45,-0.27,7.41
5281,2019-05-21,10.8,11.4,10.8,11.17,196333,220591940.0,5.57,3.71,0.4,8.34
5282,2019-05-22,11.42,11.72,11.07,11.19,199006,227338111.0,5.82,0.18,0.02,8.46
5283,2019-05-23,11.42,11.62,10.99,11.07,197909,224220090.0,5.63,-1.07,-0.12,8.41
5284,2019-05-24,11.0,11.49,11.0,11.13,140205,157855844.0,4.43,0.54,0.06,5.96
5285,2019-05-27,11.21,11.45,10.76,11.38,203156,227640211.0,6.2,2.25,0.25,8.63
5286,2019-05-28,11.37,11.82,11.34,11.52,248478,288487728.0,4.22,1.23,0.14,10.56
5287,2019-05-29,11.29,11.58,11.14,11.29,145885,165608962.0,3.82,-2.0,-0.23,6.2
5288,2019-05-30,11.31,11.37,10.89,11.0,142524,157124779.0,4.25,-2.57,-0.29,6.06
5289,2019-05-31,11.13,11.15,10.82,10.84,111149,121931499.0,3.0,-1.45,-0.16,4.72
5290,2019-06-03,10.78,10.91,10.35,10.42,134058,141826810.0,5.17,-3.87,-0.42,5.7
5291,2019-06-04,10.55,10.62,10.09,10.26,118295,121899675.0,5.09,-1.54,-0.16,5.03
5292,2019-06-05,10.46,10.49,10.1,10.17,96452,98837582.0,3.8,-0.88,-0.09,4.1
5293,2019-06-06,10.19,10.19,9.49,9.57,131104,127863356.0,6.88,-5.9,-0.6,5.57
5294,2019-06-10,9.75,9.84,9.62,9.77,89433,87142563.0,2.3,2.09,0.2,3.8
5295,2019-06-11,9.83,10.42,9.77,10.31,149426,151304895.0,6.65,5.53,0.54,6.35
5296,2019-06-12,10.32,10.32,10.0,10.04,123985,126300969.0,3.1,-2.62,-0.27,5.27
5297,2019-06-13,10.12,10.46,10.05,10.34,150527,154679652.0,4.08,2.99,0.3,6.4
5298,2019-06-14,10.25,10.3,9.97,10.01,106895,108512479.0,3.19,-3.19,-0.33,4.54
5299,2019-06-17,10.02,10.08,9.86,9.89,71119,70731821.0,2.2,-1.2,-0.12,3.02
5300,2019-06-18,9.94,9.98,9.75,9.94,73198,72545072.0,2.33,0.51,0.05,3.11
5301,2019-06-19,10.17,10.34,10.08,10.16,138741,141961374.0,2.62,2.21,0.22,5.9
5302,2019-06-20,10.19,10.4,10.1,10.33,130359,134106681.0,2.95,1.67,0.17,5.54
5303,2019-06-21,10.49,10.54,10.3,10.36,138702,144700313.0,2.32,0.29,0.03,5.9
5304,2019-06-24,10.35,10.47,10.23,10.27,98035,101198302.0,2.32,-0.87,-0.09,4.17
5305,2019-06-25,10.41,10.44,10.1,10.28,120007,123512619.0,3.31,0.1,0.01,5.1
5306,2019-06-26,10.21,10.25,10.04,10.13,77586,78831718.0,2.04,-1.46,-0.15,3.3
5307,2019-06-27,10.13,10.28,10.09,10.11,92525,94151962.0,1.88,-0.2,-0.02,3.93
5308,2019-06-28,10.16,10.16,9.8,9.92,89096,88616292.0,3.56,-1.88,-0.19,3.79
5309,2019-07-01,10.08,10.32,10.07,10.3,130846,133602390.0,2.52,3.83,0.38,5.56
5310,2019-07-02,10.44,10.44,10.23,10.31,93372,96293285.0,2.04,0.1,0.01,3.97
5311,2019-07-03,10.29,10.29,10.08,10.12,74007,75253799.0,2.04,-1.84,-0.19,3.15
5312,2019-07-04,10.18,10.23,9.95,10.04,73082,73836529.0,2.77,-0.79,-0.08,3.11
5313,2019-07-05,10.02,10.15,9.84,10.13,62371,62584063.0,3.09,0.9,0.09,2.65
5314,2019-07-08,10.19,10.27,9.7,9.8,94323,93517608.0,5.63,-3.26,-0.33,4.01
5315,2019-07-09,9.64,9.79,9.49,9.67,71148,68457314.0,3.06,-1.33,-0.13,3.02
5316,2019-07-10,9.64,9.64,9.39,9.45,63262,60181560.0,2.59,-2.28,-0.22,2.69
5317,2019-07-11,9.46,9.56,9.22,9.26,61824,58029408.0,3.6,-2.01,-0.19,2.63
5318,2019-07-12,9.31,9.32,9.16,9.21,46600,43066772.0,1.73,-0.54,-0.05,1.98
5319,2019-07-15,9.21,9.41,8.77,9.34,84934,77381396.0,6.95,1.41,0.13,3.61
5320,2019-07-16,9.29,9.41,9.23,9.28,49843,46383789.0,1.93,-0.64,-0.06,2.12
5321,2019-07-17,9.3,9.36,9.22,9.27,41658,38761419.0,1.51,-0.11,-0.01,1.77
5322,2019-07-18,9.25,9.25,8.89,8.92,61735,55650374.0,3.88,-3.78,-0.35,2.62
5323,2019-07-19,8.96,9.13,8.96,9.02,50195,45516634.0,1.91,1.12,0.1,2.13
5324,2019-07-22,9.17,9.19,8.67,8.69,68182,60195544.0,5.76,-3.66,-0.33,2.9
5325,2019-07-23,8.69,8.86,8.69,8.83,46626,40942710.0,1.96,1.61,0.14,1.98
5326,2019-07-24,8.86,9.17,8.85,9.1,69080,62743966.0,3.62,3.06,0.27,2.94
5327,2019-07-25,9.15,9.21,8.99,9.03,49287,44694507.0,2.42,-0.77,-0.07,2.09
5328,2019-07-26,9.04,9.66,9.0,9.48,150647,142497178.0,7.31,4.98,0.45,6.4
5329,2019-07-29,9.19,9.37,9.17,9.26,85888,79572423.0,2.11,-2.32,-0.22,3.65
5330,2019-07-30,9.29,9.35,9.19,9.22,57156,52922836.0,1.73,-0.43,-0.04,2.43
5331,2019-07-31,9.12,9.21,9.03,9.11,49123,44820843.0,1.95,-1.19,-0.11,2.09
5332,2019-08-01,9.09,9.31,9.09,9.21,65097,60035009.0,2.41,1.1,0.1,2.77
5333,2019-08-02,8.97,9.1,8.72,9.0,59167,53067886.0,4.13,-2.28,-0.21,2.51
5334,2019-08-05,9.01,9.11,8.9,8.9,46996,42419830.0,2.33,-1.11,-0.1,2.0
5335,2019-08-06,8.74,8.74,8.14,8.33,95926,80455598.0,6.74,-6.4,-0.57,4.08
5336,2019-08-07,8.42,8.48,8.19,8.2,49966,41699591.0,3.48,-1.56,-0.13,2.12
5337,2019-08-08,8.24,8.34,8.2,8.21,43413,35824549.0,1.71,0.12,0.01,1.85
5338,2019-08-09,8.26,8.29,7.89,7.97,62304,50299466.0,4.87,-2.92,-0.24,2.65
5339,2019-08-12,7.96,8.23,7.96,8.22,56489,45961881.0,3.39,3.14,0.25,2.4
5340,2019-08-13,8.2,8.39,8.07,8.14,53049,43489729.0,3.89,-0.97,-0.08,2.25
5341,2019-08-14,8.3,8.32,8.08,8.1,40517,33144969.0,2.95,-0.49,-0.04,1.72
5342,2019-08-15,7.85,8.28,7.72,8.15,64858,52223130.0,6.91,0.62,0.05,2.76
5343,2019-08-16,8.13,8.36,8.13,8.28,73836,60907878.0,2.82,1.6,0.13,3.14
5344,2019-08-19,8.32,8.48,8.22,8.46,96051,80379455.0,3.14,2.17,0.18,4.08
5345,2019-08-20,8.46,8.55,8.35,8.39,64450,54424482.0,2.36,-0.83,-0.07,2.74
5346,2019-08-21,8.44,9.09,8.39,8.8,169043,148306773.0,8.34,4.89,0.41,7.18
5347,2019-08-22,8.72,9.68,8.64,9.68,255607,236348297.0,11.82,10.0,0.88,10.86
5348,2019-08-23,9.79,10.27,9.51,9.67,342106,341128432.0,7.85,-0.1,-0.01,14.54
5349,2019-08-26,9.31,10.19,9.1,9.94,229001,220343500.0,11.27,2.79,0.27,9.73
5350,2019-08-27,9.77,10.38,9.72,10.0,232042,233870772.0,6.64,0.6,0.06,9.86
5351,2019-08-28,9.93,10.28,9.84,9.96,180796,181827261.0,4.4,-0.4,-0.04,7.68
5352,2019-08-29,9.96,10.14,9.8,9.82,142973,142045375.0,3.41,-1.41,-0.14,6.08
5353,2019-08-30,9.9,9.98,9.42,9.47,140736,135846277.0,5.7,-3.56,-0.35,5.98
5354,2019-09-02,9.59,9.85,9.53,9.77,126753,123869439.0,3.38,3.17,0.3,5.39
5355,2019-09-03,9.85,10.08,9.71,10.08,166791,164931699.0,3.79,3.17,0.31,7.09
5356,2019-09-04,10.07,11.09,9.94,11.09,378770,403205536.0,11.41,10.02,1.01,16.1
5357,2019-09-05,11.19,12.19,11.08,11.08,495168,569256208.0,10.01,-0.09,-0.01,21.05
5358,2019-09-06,11.08,11.33,10.71,11.07,237531,262182899.0,5.6,-0.09,-0.01,10.1
5359,2019-09-09,11.13,11.35,11.02,11.24,239701,268553008.0,2.98,1.54,0.17,10.19
5360,2019-09-10,11.16,11.23,10.89,11.06,148491,164261057.0,3.02,-1.6,-0.18,6.31
5361,2019-09-11,11.06,11.29,10.87,11.16,182700,203258924.0,3.8,0.9,0.1,7.77
5362,2019-09-12,11.19,11.87,11.08,11.65,297420,342443328.0,7.08,4.39,0.49,12.64
5363,2019-09-16,11.55,11.72,11.31,11.48,180257,206549045.0,3.52,-1.46,-0.17,7.66
5364,2019-09-17,11.38,11.38,10.8,10.84,168826,187215691.0,5.05,-5.57,-0.64,7.18
5365,2019-09-18,10.86,11.06,10.85,10.94,94311,103455643.0,1.94,0.92,0.1,4.01
5366,2019-09-19,10.95,11.64,10.95,11.44,222805,254418103.0,6.31,4.57,0.5,9.47
5367,2019-09-20,11.49,11.49,11.07,11.11,164693,184529351.0,3.67,-2.88,-0.33,7.0
5368,2019-09-23,11.1,11.1,10.79,10.91,90215,98135010.0,2.79,-1.8,-0.2,3.83
5369,2019-09-24,10.93,11.08,10.8,10.83,88126,96137171.0,2.57,-0.73,-0.08,3.75
5370,2019-09-25,10.81,10.81,9.75,10.3,119006,123687659.0,9.79,-4.89,-0.53,5.06
5371,2019-09-26,10.3,10.67,10.09,10.2,122172,127370740.0,5.63,-0.97,-0.1,5.19
5372,2019-09-27,10.16,10.35,9.79,10.2,87096,88646998.0,5.49,0.0,0.0,3.7
5373,2019-09-30,10.2,10.29,9.86,9.86,64698,64849895.0,4.22,-3.33,-0.34,2.75
5374,2019-10-08,9.91,10.01,9.41,9.49,92036,88737876.0,6.09,-3.75,-0.37,3.91
5375,2019-10-09,9.41,9.71,9.27,9.6,70691,67032349.0,4.64,1.16,0.11,3.0
5376,2019-10-10,9.61,9.7,9.53,9.61,55496,53405068.0,1.77,0.1,0.01,2.36
5377,2019-10-11,9.62,9.67,9.42,9.55,58274,55665711.0,2.6,-0.62,-0.06,2.48
5378,2019-10-14,9.63,9.84,9.63,9.73,70024,68285945.0,2.2,1.88,0.18,2.98
5379,2019-10-15,9.72,9.73,9.42,9.59,59304,56600672.0,3.19,-1.44,-0.14,2.52
5380,2019-10-16,9.59,9.62,9.25,9.3,61602,58060807.0,3.86,-3.02,-0.29,2.62
5381,2019-10-17,9.32,9.44,9.19,9.26,57115,53325857.0,2.69,-0.43,-0.04,2.43
5382,2019-10-18,9.34,9.34,8.9,9.05,66697,60664967.0,4.75,-2.27,-0.21,2.83
5383,2019-10-21,9.07,9.12,8.81,9.02,45668,41027532.0,3.43,-0.33,-0.03,1.94
5384,2019-10-22,9.1,9.1,8.91,9.09,46258,41820392.0,2.11,0.78,0.07,1.97
5385,2019-10-23,9.13,9.13,8.84,8.89,52376,46919920.0,3.19,-2.2,-0.2,2.23
5386,2019-10-24,8.9,9.09,8.7,8.88,45382,40424848.0,4.39,-0.11,-0.01,1.93
5387,2019-10-25,8.89,9.0,8.74,8.94,59780,53222300.0,2.93,0.68,0.06,2.54
5388,2019-10-28,8.92,9.07,8.9,9.05,48908,44093120.0,1.9,1.23,0.11,2.08
5389,2019-10-29,9.05,9.13,8.84,8.86,62584,55941209.0,3.2,-2.1,-0.19,2.66
5390,2019-10-30,8.79,8.79,8.4,8.61,55202,47602020.0,4.4,-2.82,-0.25,2.35
5391,2019-10-31,8.61,8.73,8.45,8.49,47946,41278098.0,3.25,-1.39,-0.12,2.04
5392,2019-11-01,8.49,8.67,8.47,8.64,40593,34911030.0,2.36,1.77,0.15,1.73
5393,2019-11-04,8.57,8.74,8.55,8.56,43325,37425529.0,2.2,-0.93,-0.08,1.84
5394,2019-11-05,8.64,8.96,8.56,8.93,113547,100397083.0,4.67,4.32,0.37,4.83
5395,2019-11-06,8.95,8.98,8.66,8.72,67613,59347886.0,3.58,-2.35,-0.21,2.87
5396,2019-11-07,8.63,8.72,8.54,8.61,42260,36402637.0,2.06,-1.26,-0.11,1.8
5397,2019-11-08,8.64,8.74,8.59,8.63,35655,30912822.0,1.74,0.23,0.02,1.52
5398,2019-11-11,8.48,8.52,8.24,8.27,57590,48138504.0,3.24,-4.17,-0.36,2.45
5399,2019-11-12,8.32,8.35,8.09,8.31,40905,33647451.0,3.14,0.48,0.04,1.74
5400,2019-11-13,8.34,8.35,8.22,8.29,27139,22494196.0,1.56,-0.24,-0.02,1.15
5401,2019-11-14,8.32,8.32,8.19,8.22,31135,25645617.0,1.57,-0.84,-0.07,1.32
5402,2019-11-15,8.22,8.22,7.99,7.99,43291,34858879.0,2.8,-2.8,-0.23,1.84
5403,2019-11-18,8.0,8.08,7.96,8.05,28050,22586516.0,1.5,0.75,0.06,1.19
5404,2019-11-19,8.1,8.24,8.04,8.19,35850,29228152.0,2.48,1.74,0.14,1.52
5405,2019-11-20,8.14,8.24,8.14,8.16,30880,25341033.0,1.22,-0.37,-0.03,1.31
5406,2019-11-21,8.16,8.37,8.16,8.27,44408,36744348.0,2.57,1.35,0.11,1.89
5407,2019-11-22,8.3,8.37,8.11,8.16,42200,34755412.0,3.14,-1.33,-0.11,1.79
5408,2019-11-25,8.16,8.19,8.0,8.18,29115,23684979.0,2.33,0.25,0.02,1.24
5409,2019-11-26,8.18,8.29,8.14,8.29,36160,29854139.0,1.83,1.34,0.11,1.54
5410,2019-11-27,8.35,8.35,8.09,8.18,35986,29464281.0,3.14,-1.33,-0.11,1.53
5411,2019-11-28,8.17,8.92,8.09,8.55,119673,102463116.0,10.15,4.52,0.37,5.09
5412,2019-11-29,8.46,8.66,8.29,8.44,73608,62386891.0,4.33,-1.29,-0.11,3.13
5413,2019-12-02,8.4,8.79,8.31,8.64,72634,62434601.0,5.69,2.37,0.2,3.09
5414,2019-12-03,8.48,8.62,8.44,8.59,44039,37671518.0,2.08,-0.58,-0.05,1.87
5415,2019-12-04,8.55,8.81,8.47,8.7,64964,56432890.0,3.96,1.28,0.11,2.76
5416,2019-12-05,8.68,8.77,8.63,8.69,54655,47563718.0,1.61,-0.11,-0.01,2.32
5417,2019-12-06,8.71,8.72,8.52,8.56,52513,45089822.0,2.3,-1.5,-0.13,2.23
5418,2019-12-09,8.56,8.56,8.44,8.5,43965,37365127.0,1.4,-0.7,-0.06,1.87
5419,2019-12-10,8.47,8.63,8.47,8.52,32947,28162329.0,1.88,0.24,0.02,1.4
5420,2019-12-11,8.49,8.53,8.39,8.4,37591,31699598.0,1.64,-1.41,-0.12,1.6
5421,2019-12-12,8.4,9.24,8.3,9.24,227066,205603462.0,11.19,10.0,0.84,9.65
5422,2019-12-13,9.25,9.43,8.99,9.06,228938,209793972.0,4.76,-1.95,-0.18,9.73
5423,2019-12-16,9.08,9.28,8.89,9.12,152632,138555811.0,4.3,0.66,0.06,6.49
5424,2019-12-17,9.06,9.24,9.0,9.2,138646,127140875.0,2.63,0.88,0.08,5.89
5425,2019-12-18,9.17,9.76,9.11,9.33,191578,181085276.0,7.07,1.41,0.13,8.14
5426,2019-12-19,9.24,9.73,9.24,9.52,166180,158161959.0,5.25,2.04,0.19,7.06
5427,2019-12-20,9.47,9.64,9.35,9.36,129052,122279540.0,3.05,-1.68,-0.16,5.49
5428,2019-12-23,9.24,9.48,9.04,9.06,92957,85886984.0,4.7,-3.21,-0.3,3.95
5429,2019-12-24,9.09,9.17,8.95,9.16,64992,58989363.0,2.43,1.1,0.1,2.76
5430,2019-12-25,9.15,9.15,9.04,9.07,48712,44331952.0,1.2,-0.98,-0.09,2.07
5431,2019-12-26,9.09,9.16,9.05,9.11,50801,46287841.0,1.21,0.44,0.04,2.16
5432,2019-12-27,9.11,9.29,9.06,9.12,81471,74690477.0,2.52,0.11,0.01,3.46
5433,2019-12-30,9.12,9.13,8.85,9.09,62034,55974474.0,3.07,-0.33,-0.03,2.64
5434,2019-12-31,9.12,9.23,9.06,9.16,51828,47420534.0,1.87,0.77,0.07,2.2
5435,2020-01-02,9.22,9.43,9.15,9.39,104685,97602005.0,3.06,2.51,0.23,4.45
5436,2020-01-03,9.43,9.87,9.31,9.53,144933,138430515.0,5.96,1.49,0.14,6.16
5437,2020-01-06,9.37,9.57,9.29,9.41,100735,95061759.0,2.94,-1.26,-0.12,4.28
5438,2020-01-07,9.47,9.62,9.4,9.54,92660,88302954.0,2.34,1.38,0.13,3.94
5439,2020-01-08,9.46,9.64,9.3,9.43,123198,116494417.0,3.56,-1.15,-0.11,5.24
5440,2020-01-09,9.49,9.57,9.42,9.49,72007,68383687.0,1.59,0.64,0.06,3.06
5441,2020-01-10,9.54,9.54,9.37,9.41,55859,52750431.0,1.79,-0.84,-0.08,2.37
5442,2020-01-13,9.4,9.42,9.31,9.35,56081,52401802.0,1.17,-0.64,-0.06,2.38
5443,2020-01-14,9.37,9.46,9.33,9.35,55569,52218742.0,1.39,0.0,0.0,2.36
5444,2020-01-15,9.34,9.41,9.19,9.2,58007,53864630.0,2.35,-1.6,-0.15,2.47
5445,2020-01-16,9.19,9.34,9.17,9.21,44268,40891001.0,1.85,0.11,0.01,1.88
5446,2020-01-17,9.21,9.26,9.17,9.17,35416,32668622.0,0.98,-0.43,-0.04,1.51
5447,2020-01-20,8.89,8.97,8.52,8.72,94263,82360576.0,4.91,-4.91,-0.45,4.01
5448,2020-01-21,8.67,8.67,8.34,8.35,88816,75294654.0,3.78,-4.24,-0.37,3.78
5449,2020-01-22,8.18,8.3,8.02,8.26,66289,54199399.0,3.35,-1.08,-0.09,2.82
5450,2020-01-23,8.19,8.19,7.79,7.94,73052,58497956.0,4.84,-3.87,-0.32,3.1
5451,2020-02-03,7.15,7.15,7.15,7.15,3354,2401464.0,0.0,-9.95,-0.79,0.14
5452,2020-02-04,6.43,6.43,6.43,6.43,39330,25328520.0,0.0,-10.07,-0.72,1.67
5453,2020-02-05,6.47,7.04,6.47,6.77,141247,95526166.0,8.86,5.29,0.34,6.0
5454,2020-02-06,6.77,7.09,6.65,6.97,152568,103900600.0,6.5,2.95,0.2,6.48
5455,2020-02-07,6.87,7.29,6.81,7.2,125167,89100663.0,6.89,3.3,0.23,5.32
5456,2020-02-10,7.1,7.65,7.01,7.42,150691,110678724.0,8.89,3.06,0.22,6.4
5457,2020-02-11,7.4,7.69,7.31,7.39,101718,76149503.0,5.12,-0.4,-0.03,4.32
5458,2020-02-12,7.34,7.65,7.3,7.59,97076,73101542.0,4.74,2.71,0.2,4.13
5459,2020-02-13,7.5,7.91,7.46,7.72,123803,94126486.0,5.93,1.71,0.13,5.26
5460,2020-02-14,7.62,7.71,7.4,7.46,112599,84778614.0,4.02,-3.37,-0.26,4.79
5461,2020-02-17,7.4,7.61,7.35,7.6,101267,76453482.0,3.49,1.88,0.14,4.3
5462,2020-02-18,7.64,7.81,7.58,7.77,113951,87814107.0,3.03,2.24,0.17,4.84
5463,2020-02-19,7.75,8.32,7.64,8.14,155250,123127426.0,8.75,4.76,0.37,6.6
5464,2020-02-20,8.07,8.49,8.01,8.39,216464,180785695.0,5.9,3.07,0.25,9.2
5465,2020-02-21,8.29,8.41,8.19,8.36,159164,131942350.0,2.62,-0.36,-0.03,6.77
5466,2020-02-24,8.26,8.27,8.04,8.12,129989,106053566.0,2.75,-2.87,-0.24,5.53
5467,2020-02-25,7.89,7.91,7.56,7.88,148952,115935915.0,4.31,-2.96,-0.24,6.33
5468,2020-02-26,7.67,8.07,7.66,7.83,89447,70633941.0,5.2,-0.63,-0.05,3.8
5469,2020-02-27,8.02,8.54,8.02,8.31,198354,164776510.0,6.64,6.13,0.48,8.43
5470,2020-02-28,7.89,8.24,7.74,7.82,142552,113761967.0,6.02,-5.9,-0.49,6.06
5471,2020-03-02,7.84,8.13,7.84,8.06,90015,72275020.0,3.71,3.07,0.24,3.83
5472,2020-03-03,8.18,8.34,8.05,8.1,108174,88194260.0,3.6,0.5,0.04,4.6
5473,2020-03-04,8.08,8.08,7.91,8.07,66486,53263459.0,2.1,-0.37,-0.03,2.83
5474,2020-03-05,8.17,8.42,8.06,8.35,164217,135746195.0,4.46,3.47,0.28,6.98
5475,2020-03-06,8.2,8.35,8.12,8.25,99387,81761398.0,2.75,-1.2,-0.1,4.22
5476,2020-03-09,8.14,8.41,8.06,8.12,124087,102355832.0,4.24,-1.58,-0.13,5.27
5477,2020-03-10,7.96,8.39,7.81,8.37,159227,130630297.0,7.14,3.08,0.25,6.77
5478,2020-03-11,8.34,9.04,8.29,8.65,287744,249515273.0,8.96,3.35,0.28,12.23
5479,2020-03-12,8.44,8.89,8.35,8.69,198405,170835626.0,6.24,0.46,0.04,8.43
5480,2020-03-13,8.26,9.09,8.1,9.05,285415,250453142.0,11.39,4.14,0.36,12.13
5481,2020-03-16,9.1,9.84,8.89,9.06,381679,356039600.0,10.5,0.11,0.01,16.22
5482,2020-03-17,8.83,9.05,8.33,8.54,238732,205865018.0,7.95,-5.74,-0.52,10.15
5483,2020-03-18,8.59,9.17,8.34,8.9,269406,237853054.0,9.72,4.22,0.36,11.45
5484,2020-03-19,9.19,9.79,9.0,9.59,390833,369533568.0,8.88,7.75,0.69,16.61
5485,2020-03-20,9.19,10.55,9.09,10.55,486248,473111984.0,15.22,10.01,0.96,20.67
5486,2020-03-23,9.93,10.66,9.74,9.76,476676,484440768.0,8.72,-7.49,-0.79,20.26
5487,2020-03-24,9.45,9.73,8.87,9.24,311959,288641232.0,8.81,-5.33,-0.52,13.26
5488,2020-03-25,9.34,9.71,9.07,9.53,267795,254032974.0,6.93,3.14,0.29,11.38
5489,2020-03-26,9.3,9.62,8.91,9.07,229840,213095712.0,7.45,-4.83,-0.46,9.77
5490,2020-03-27,9.26,9.26,8.69,8.75,181639,163101975.0,6.28,-3.53,-0.32,7.72
5491,2020-03-30,8.29,8.47,7.9,7.97,189847,153665979.0,6.51,-8.91,-0.78,8.07
5492,2020-03-31,8.0,8.07,7.67,7.67,139739,109314949.0,5.02,-3.76,-0.3,5.94
5493,2020-04-01,7.57,7.82,7.44,7.64,98382,75568071.0,4.95,-0.39,-0.03,4.18
5494,2020-04-02,7.53,7.93,7.51,7.87,98394,76480644.0,5.5,3.01,0.23,4.18
5495,2020-04-03,7.82,8.12,7.79,7.96,109001,86829443.0,4.19,1.14,0.09,4.63
5496,2020-04-07,8.07,8.29,8.07,8.09,139693,113811224.0,2.76,1.63,0.13,5.94
5497,2020-04-08,8.07,8.9,7.97,8.72,291370,250370783.0,11.5,7.79,0.63,12.38
5498,2020-04-09,8.61,8.69,8.44,8.55,191766,164312005.0,2.87,-1.95,-0.17,8.15
5499,2020-04-10,8.53,8.67,8.21,8.28,129702,109267940.0,5.38,-3.16,-0.27,5.51
5500,2020-04-13,8.16,8.69,8.09,8.58,171799,145825405.0,7.25,3.62,0.3,7.3
5501,2020-04-14,8.49,8.9,8.39,8.69,188974,163319635.0,5.94,1.28,0.11,8.03
5502,2020-04-15,8.61,8.84,8.57,8.6,142592,123741732.0,3.11,-1.04,-0.09,6.06
5503,2020-04-16,8.54,8.63,8.41,8.46,96294,82106219.0,2.56,-1.63,-0.14,4.09
5504,2020-04-17,8.57,8.85,8.57,8.71,180342,157027619.0,3.31,2.96,0.25,7.67
5505,2020-04-20,8.75,8.78,8.45,8.72,158245,136266207.0,3.79,0.11,0.01,6.73
5506,2020-04-21,8.75,9.36,8.6,9.06,291220,259392376.0,8.72,3.9,0.34,12.38
5507,2020-04-22,8.89,9.23,8.81,9.1,211580,190717216.0,4.64,0.44,0.04,8.99
5508,2020-04-23,9.34,9.62,8.99,9.0,250380,233254853.0,6.92,-1.1,-0.1,10.64
5509,2020-04-24,8.82,9.18,8.44,8.7,194424,172820649.0,8.22,-3.33,-0.3,8.26
5510,2020-04-27,8.71,8.85,8.44,8.47,117326,100309227.0,4.71,-2.64,-0.23,4.99
5511,2020-04-28,8.67,8.74,7.9,8.31,136639,114641699.0,9.92,-1.89,-0.16,5.81
5512,2020-04-29,8.07,8.59,8.02,8.45,114598,96123791.0,6.86,1.68,0.14,4.87
5513,2020-04-30,8.47,8.87,8.35,8.71,173859,149080174.0,6.15,3.08,0.26,7.39
5514,2020-05-06,8.4,8.53,8.06,8.33,161386,133751394.0,5.4,-4.36,-0.38,6.86
5515,2020-05-07,8.26,8.28,8.11,8.14,95190,77762519.0,2.04,-2.28,-0.19,4.05
5516,2020-05-08,8.19,8.2,8.1,8.11,75379,61406604.0,1.23,-0.37,-0.03,3.2
5517,2020-05-11,8.14,8.34,8.1,8.17,59528,48577076.0,2.96,0.74,0.06,2.53
5518,2020-05-12,8.16,8.16,8.03,8.09,49620,40181980.0,1.59,-0.98,-0.08,2.11
5519,2020-05-13,8.07,8.07,7.97,8.05,49122,39436490.0,1.24,-0.49,-0.04,2.09
5520,2020-05-14,8.01,8.01,7.88,7.89,61603,48945038.0,1.61,-1.99,-0.16,2.62
5521,2020-05-15,7.89,7.99,7.89,7.9,35460,28150634.0,1.27,0.13,0.01,1.51
5522,2020-05-18,8.06,8.18,8.02,8.09,95264,77290455.0,2.03,2.41,0.19,4.05
5523,2020-05-19,8.21,8.27,8.06,8.11,67165,54759759.0,2.6,0.25,0.02,2.85
5524,2020-05-20,8.1,8.1,7.91,7.94,59245,47287490.0,2.34,-2.1,-0.17,2.52
5525,2020-05-21,7.97,8.19,7.89,8.03,67049,53999176.0,3.78,1.13,0.09,2.85
5526,2020-05-22,7.91,8.0,7.79,7.8,54871,43272310.0,2.62,-2.86,-0.23,2.33
5527,2020-05-25,7.76,7.79,7.64,7.71,34518,26657221.0,1.92,-1.15,-0.09,1.47
5528,2020-05-26,7.77,7.94,7.73,7.88,40415,31833635.0,2.72,2.2,0.17,1.72
5529,2020-05-27,7.9,7.91,7.74,7.79,34080,26593700.0,2.16,-1.14,-0.09,1.45
5530,2020-05-28,7.81,7.83,7.65,7.73,31166,24106498.0,2.31,-0.77,-0.06,1.32
5531,2020-05-29,7.68,7.96,7.66,7.84,49383,38894435.0,3.88,1.42,0.11,2.1
5532,2020-06-01,7.84,8.2,7.84,8.09,100766,81083348.0,4.59,3.19,0.25,4.28
5533,2020-06-02,8.12,8.29,8.07,8.09,84657,68983053.0,2.72,0.0,0.0,3.6
5534,2020-06-03,8.09,8.77,7.99,8.43,192156,161411558.0,9.64,4.2,0.34,8.17
5535,2020-06-04,8.42,8.68,8.35,8.51,177994,151827843.0,3.91,0.95,0.08,7.57
5536,2020-06-05,8.53,8.75,8.22,8.41,158196,133857708.0,6.23,-1.18,-0.1,6.72
5537,2020-06-08,8.33,8.41,8.17,8.21,116581,96279696.0,2.85,-2.38,-0.2,4.96
5538,2020-06-09,8.14,8.69,8.14,8.52,170710,145275323.0,6.7,3.78,0.31,7.26
5539,2020-06-10,8.37,8.43,8.21,8.24,100574,83279040.0,2.58,-3.29,-0.28,4.27
5540,2020-06-11,8.24,8.25,8.1,8.11,68325,55805274.0,1.82,-1.58,-0.13,2.9
5541,2020-06-12,7.97,8.29,7.86,8.24,83257,68026813.0,5.3,1.6,0.13,3.54
5542,2020-06-15,8.1,8.16,7.99,8.0,87035,70109120.0,2.06,-2.91,-0.24,3.7
5543,2020-06-16,8.03,8.07,8.0,8.04,44631,35888020.0,0.88,0.5,0.04,1.9
5544,2020-06-17,8.03,8.03,7.89,7.92,64027,50760300.0,1.74,-1.49,-0.12,2.72
5545,2020-06-18,7.89,7.96,7.88,7.9,31401,24906802.0,1.01,-0.25,-0.02,1.33
5546,2020-06-19,7.91,8.28,7.91,8.1,94303,76514586.0,4.68,2.53,0.2,4.01
5547,2020-06-22,8.06,8.14,7.94,8.07,61399,49380519.0,2.47,-0.37,-0.03,2.61
5548,2020-06-23,8.03,8.07,8.0,8.03,42884,34491777.0,0.87,-0.5,-0.04,1.82
5549,2020-06-24,8.04,8.07,8.0,8.03,42170,33929806.0,0.87,0.0,0.0,1.79
5550,2020-06-29,7.94,7.95,7.84,7.87,42036,33182954.0,1.37,-1.99,-0.16,1.79
5551,2020-06-30,7.96,8.07,7.94,7.95,40363,32281841.0,1.65,1.02,0.08,1.71
5552,2020-07-01,7.96,7.98,7.9,7.95,41667,33138398.0,1.01,0.0,0.0,1.77
5553,2020-07-02,7.96,8.24,7.91,8.12,97949,79110373.0,4.15,2.14,0.17,4.16
5554,2020-07-03,8.07,8.28,8.07,8.22,132802,108786686.0,2.59,1.23,0.1,5.64
5555,2020-07-06,8.3,8.54,8.2,8.49,189914,159714399.0,4.14,3.28,0.27,8.07
5556,2020-07-07,8.52,8.77,8.4,8.48,189785,162625265.0,4.36,-0.12,-0.01,8.06
5557,2020-07-08,8.47,8.74,8.43,8.67,175207,150893059.0,3.66,2.24,0.19,7.44
5558,2020-07-09,8.7,9.04,8.6,8.98,192917,171002262.0,5.07,3.58,0.31,8.2
5559,2020-07-10,8.94,9.17,8.75,8.85,182753,163593315.0,4.68,-1.45,-0.13,7.76
5560,2020-07-13,8.83,8.96,8.74,8.91,186105,165371434.0,2.49,0.68,0.06,7.91
5561,2020-07-14,8.87,9.09,8.75,8.89,183949,164282864.0,3.82,-0.22,-0.02,7.81
5562,2020-07-15,9.78,9.78,9.78,9.78,110295,107978902.0,0.0,10.01,0.89,4.69
5563,2020-07-16,10.18,10.18,8.81,8.9,377856,353782240.0,14.01,-9.0,-0.88,16.05
5564,2020-07-17,8.64,9.59,8.64,9.14,267041,244141703.0,10.67,2.7,0.24,11.34
5565,2020-07-20,9.07,9.29,8.82,9.23,215408,196037331.0,5.14,0.98,0.09,9.15
5566,2020-07-21,9.15,9.18,8.94,9.02,144101,130542038.0,2.6,-2.28,-0.21,6.12
5567,2020-07-22,8.98,9.1,8.86,8.92,121577,109052406.0,2.66,-1.11,-0.1,5.16
5568,2020-07-23,8.8,8.86,8.54,8.79,126907,110547538.0,3.59,-1.46,-0.13,5.39
5569,2020-07-24,8.74,8.84,8.4,8.4,99480,85598518.0,5.01,-4.44,-0.39,4.23
5570,2020-07-27,8.39,8.48,8.22,8.47,55960,46874660.0,3.1,0.83,0.07,2.38
5571,2020-07-28,8.45,8.61,8.45,8.52,47767,40799304.0,1.89,0.59,0.05,2.03
5572,2020-07-29,8.54,8.69,8.46,8.64,61672,52997912.0,2.7,1.41,0.12,2.62
5573,2020-07-30,8.59,8.72,8.54,8.57,55328,47665060.0,2.08,-0.81,-0.07,2.35
5574,2020-07-31,8.52,8.97,8.52,8.75,106683,93513204.0,5.25,2.1,0.18,4.53
5575,2020-08-03,8.8,8.99,8.77,8.94,121535,108111583.0,2.51,2.17,0.19,5.16
5576,2020-08-04,9.01,9.01,8.76,8.83,83069,73570023.0,2.8,-1.23,-0.11,3.53
5577,2020-08-05,8.81,8.89,8.71,8.84,72262,63779376.0,2.04,0.11,0.01,3.07
5578,2020-08-06,8.89,8.9,8.64,8.78,70980,61994761.0,2.94,-0.68,-0.06,3.02
5579,2020-08-07,8.7,9.11,8.7,8.89,196040,175731624.0,4.67,1.25,0.11,8.33
5580,2020-08-10,8.81,9.13,8.6,9.08,173515,154284523.0,5.96,2.14,0.19,7.37
5581,2020-08-11,8.98,9.79,8.95,9.27,292155,270590944.0,9.25,2.09,0.19,12.41
5582,2020-08-12,9.15,9.45,8.96,9.15,174559,160296937.0,5.29,-1.29,-0.12,7.42
5583,2020-08-13,9.13,9.43,9.08,9.2,157182,145753411.0,3.83,0.55,0.05,6.68
5584,2020-08-14,9.0,9.26,9.0,9.1,125501,114315662.0,2.83,-1.09,-0.1,5.33
5585,2020-08-17,9.09,9.37,9.08,9.29,165092,152582267.0,3.19,2.09,0.19,7.01
5586,2020-08-18,9.32,9.62,9.27,9.53,208666,198253074.0,3.77,2.58,0.24,8.86
5587,2020-08-19,10.0,10.18,9.61,9.63,251399,248122384.0,5.98,1.05,0.1,10.68
5588,2020-08-20,9.86,10.59,9.85,10.59,282125,292584016.0,7.68,9.97,0.96,11.99
5589,2020-08-21,10.94,10.94,10.15,10.29,465614,492407664.0,7.46,-2.83,-0.3,19.78
5590,2020-08-24,10.12,10.56,9.85,9.87,255901,258338021.0,6.9,-4.08,-0.42,10.87
5591,2020-08-25,9.86,9.97,9.4,9.42,228027,219788228.0,5.78,-4.56,-0.45,9.69
5592,2020-08-26,9.33,9.65,9.28,9.49,150336,142081029.0,3.93,0.74,0.07,6.39
5593,2020-08-27,9.49,9.62,9.32,9.51,102505,97239861.0,3.16,0.21,0.02,4.35
5594,2020-08-28,9.49,9.65,9.35,9.59,116908,110822407.0,3.15,0.84,0.08,4.97
5595,2020-08-31,9.59,9.98,9.54,9.7,142424,139181025.0,4.59,1.15,0.11,6.05
5596,2020-09-01,9.63,9.96,9.6,9.92,141922,139673805.0,3.71,2.27,0.22,6.03
5597,2020-09-02,9.94,10.45,9.94,10.16,224439,229338883.0,5.14,2.42,0.24,9.53
5598,2020-09-03,10.09,10.79,9.99,10.36,220379,229231538.0,7.87,1.97,0.2,9.36
5599,2020-09-04,10.15,10.54,10.08,10.27,170557,176331822.0,4.44,-0.87,-0.09,7.25
5600,2020-09-07,10.39,10.92,10.29,10.71,278040,297089952.0,6.13,4.28,0.44,11.81
5601,2020-09-08,10.86,10.93,10.44,10.65,193818,205468277.0,4.58,-0.56,-0.06,8.23
5602,2020-09-09,10.49,10.49,9.95,9.99,194805,197472674.0,5.07,-6.2,-0.66,8.28
5603,2020-09-10,10.19,10.37,9.65,9.7,146348,146632904.0,7.21,-2.9,-0.29,6.22
5604,2020-09-11,9.64,10.53,9.6,10.38,181901,184337845.0,9.59,7.01,0.68,7.73
5605,2020-09-14,10.55,10.93,10.25,10.74,220197,235471360.0,6.55,3.47,0.36,9.35
5606,2020-09-15,10.75,11.82,10.65,11.59,392303,440784928.0,10.89,7.91,0.85,16.67
5607,2020-09-16,11.16,11.36,10.82,11.13,315424,350516224.0,4.66,-3.97,-0.46,13.4
5608,2020-09-17,11.07,11.29,10.66,10.77,170666,185443441.0,5.66,-3.23,-0.36,7.25
5609,2020-09-18,10.85,11.28,10.65,11.22,221943,245095785.0,5.85,4.18,0.45,9.43
5610,2020-09-21,11.16,11.19,10.79,10.93,153754,168651943.0,3.57,-2.58,-0.29,6.53
5611,2020-09-22,10.74,10.84,10.4,10.47,156178,165216602.0,4.03,-4.21,-0.46,6.63
5612,2020-09-23,10.48,10.82,10.47,10.67,125248,133789563.0,3.34,1.91,0.2,5.32
5613,2020-09-24,10.45,10.54,10.22,10.23,115740,120001682.0,3.0,-4.12,-0.44,4.92
5614,2020-09-25,10.34,10.54,10.04,10.31,122960,127170876.0,4.89,0.78,0.08,5.22
5615,2020-09-28,10.33,10.53,10.19,10.22,91541,94895245.0,3.3,-0.87,-0.09,3.89
5616,2020-09-29,10.25,10.28,9.57,9.8,132758,130451363.0,6.95,-4.11,-0.42,5.64
5617,2020-09-30,9.83,9.83,9.35,9.44,117007,111027513.0,4.9,-3.67,-0.36,4.97
5618,2020-10-09,9.59,9.69,9.25,9.37,119366,112243167.0,4.66,-0.74,-0.07,5.07
5619,2020-10-12,9.37,9.62,9.33,9.54,142507,135129034.0,3.09,1.81,0.17,6.05
5620,2020-10-13,9.5,9.52,9.29,9.35,115610,108242281.0,2.41,-1.99,-0.19,4.91
5621,2020-10-14,9.48,9.64,9.37,9.4,102908,97384818.0,2.89,0.53,0.05,4.37
5622,2020-10-15,9.31,9.32,9.05,9.06,95209,87022300.0,2.87,-3.62,-0.34,4.04
5623,2020-10-16,9.05,9.17,8.99,9.14,59331,53940300.0,1.99,0.88,0.08,2.52
5624,2020-10-19,9.06,9.28,9.06,9.15,68163,62605152.0,2.41,0.11,0.01,2.9
5625,2020-10-20,9.16,9.18,8.94,9.12,85559,77550164.0,2.62,-0.33,-0.03,3.63
5626,2020-10-21,9.09,9.23,9.06,9.13,50628,46187411.0,1.86,0.11,0.01,2.15
5627,2020-10-22,9.12,9.19,9.0,9.02,48375,43829152.0,2.08,-1.2,-0.11,2.06
5628,2020-10-23,9.04,9.07,8.81,8.83,65426,58510693.0,2.88,-2.11,-0.19,2.78
5629,2020-10-26,8.79,8.8,8.61,8.68,58493,50795773.0,2.15,-1.7,-0.15,2.48
5630,2020-10-27,8.64,8.73,8.54,8.65,37174,32223011.0,2.19,-0.35,-0.03,1.58
5631,2020-10-28,8.68,8.75,8.44,8.72,57601,49600188.0,3.58,0.81,0.07,2.45
5632,2020-10-29,8.54,8.68,8.53,8.63,42595,36704744.0,1.72,-1.03,-0.09,1.81
5633,2020-10-30,8.63,8.73,8.41,8.43,57429,49456408.0,3.71,-2.32,-0.2,2.44
5634,2020-11-02,8.39,8.43,8.17,8.21,60966,50551934.0,3.08,-2.61,-0.22,2.59
5635,2020-11-03,8.24,8.64,8.19,8.53,71974,61166464.0,5.48,3.9,0.32,3.06
5636,2020-11-04,8.54,8.63,8.41,8.5,45235,38568066.0,2.58,-0.35,-0.03,1.92
5637,2020-11-05,8.56,8.67,8.5,8.66,56141,48356017.0,2.0,1.88,0.16,2.38
5638,2020-11-06,8.64,8.7,8.45,8.55,51352,43934224.0,2.89,-1.27,-0.11,2.18
5639,2020-11-09,8.55,8.76,8.55,8.66,66635,57785128.0,2.46,1.29,0.11,2.83
5640,2020-11-10,9.07,9.24,8.78,8.83,145277,130816492.0,5.31,1.96,0.17,6.17
5641,2020-11-11,8.74,8.92,8.66,8.69,71938,63136707.0,2.94,-1.59,-0.14,3.06
5642,2020-11-12,8.67,8.78,8.5,8.72,73858,63896872.0,3.22,0.35,0.03,3.14
5643,2020-11-13,8.62,8.66,8.49,8.59,47718,40964682.0,1.95,-1.49,-0.13,2.03
5644,2020-11-16,8.59,8.72,8.54,8.67,47499,41124038.0,2.1,0.93,0.08,2.02
5645,2020-11-17,8.69,8.92,8.68,8.9,111058,98099942.0,2.77,2.65,0.23,4.72
5646,2020-11-18,8.82,9.02,8.8,8.93,77733,69510035.0,2.47,0.34,0.03,3.3
5647,2020-11-19,8.97,9.27,8.89,9.17,137535,125782966.0,4.26,2.69,0.24,5.84
5648,2020-11-20,9.07,9.14,8.95,9.08,84022,75903237.0,2.07,-0.98,-0.09,3.57
5649,2020-11-23,8.97,9.04,8.82,8.92,79140,70455510.0,2.42,-1.76,-0.16,3.36
5650,2020-11-24,8.89,9.11,8.84,9.1,88326,79650075.0,3.03,2.02,0.18,3.75
5651,2020-11-25,9.11,9.13,8.91,8.93,69983,63146071.0,2.42,-1.87,-0.17,2.97
5652,2020-11-26,8.94,9.15,8.89,9.04,84742,76857188.0,2.91,1.23,0.11,3.6
5653,2020-11-27,9.04,9.11,8.94,9.05,57735,52090481.0,1.88,0.11,0.01,2.45
5654,2020-11-30,9.04,9.14,8.97,9.02,60409,54700790.0,1.88,-0.33,-0.03,2.57
5655,2020-12-01,8.49,8.96,8.49,8.85,136135,119153216.0,5.21,-1.88,-0.17,5.78
5656,2020-12-02,8.78,9.45,8.78,9.13,170162,155513847.0,7.57,3.16,0.28,7.23
5657,2020-12-03,9.08,9.18,8.91,8.97,106087,95663886.0,2.96,-1.75,-0.16,4.51
5658,2020-12-04,8.91,8.95,8.81,8.92,44381,39540711.0,1.56,-0.56,-0.05,1.89
5659,2020-12-07,8.98,8.98,8.82,8.86,43189,38356214.0,1.79,-0.67,-0.06,1.83
5660,2020-12-08,8.87,8.92,8.71,8.81,57114,50424424.0,2.37,-0.56,-0.05,2.43
5661,2020-12-09,8.83,8.83,8.6,8.63,57845,50395156.0,2.61,-2.04,-0.18,2.46
5662,2020-12-10,8.58,8.72,8.55,8.67,34921,30297223.0,1.97,0.46,0.04,1.48
5663,2020-12-11,8.67,8.73,8.45,8.51,49178,42080144.0,3.23,-1.85,-0.16,2.09
5664,2020-12-14,8.47,8.7,8.39,8.54,51647,44128566.0,3.64,0.35,0.03,2.19
5665,2020-12-15,8.52,8.61,8.42,8.57,37296,31819691.0,2.22,0.35,0.03,1.58
5666,2020-12-16,8.57,9.15,8.42,8.77,106975,94167722.0,8.52,2.33,0.2,4.54
5667,2020-12-17,8.62,8.82,8.51,8.8,66108,57489640.0,3.53,0.34,0.03,2.81
5668,2020-12-18,8.81,8.81,8.64,8.69,48256,42018408.0,1.93,-1.25,-0.11,2.05
5669,2020-12-21,8.58,8.64,8.46,8.57,54333,46511510.0,2.07,-1.38,-0.12,2.31
5670,2020-12-22,8.53,8.77,8.48,8.54,71786,61792410.0,3.38,-0.35,-0.03,3.05
5671,2020-12-23,8.49,8.59,8.45,8.5,50758,43252728.0,1.64,-0.47,-0.04,2.16
5672,2020-12-24,8.48,8.51,8.2,8.2,61807,51511227.0,3.65,-3.53,-0.3,2.63
5673,2020-12-25,8.19,8.37,8.09,8.25,33790,27884243.0,3.41,0.61,0.05,1.44
5674,2020-12-28,8.25,8.25,7.99,8.02,49460,39841750.0,3.15,-2.79,-0.23,2.1
5675,2020-12-29,7.99,8.09,7.89,8.02,28561,22908147.0,2.49,0.0,0.0,1.21
5676,2020-12-30,7.99,8.06,7.94,7.99,22749,18211014.0,1.5,-0.37,-0.03,0.97
5677,2020-12-31,8.0,8.39,7.99,8.29,70688,58216858.0,5.01,3.75,0.3,3.0
5678,2021-01-04,8.27,8.3,8.15,8.23,50733,41771102.0,1.81,-0.72,-0.06,2.16
5679,2021-01-05,8.18,8.19,8.07,8.12,43282,35159196.0,1.46,-1.34,-0.11,1.84
5680,2021-01-06,8.11,8.12,7.94,7.98,45651,36532739.0,2.22,-1.72,-0.14,1.94
5681,2021-01-07,7.94,7.96,7.64,7.69,68344,53056124.0,4.01,-3.63,-0.29,2.9
5682,2021-01-08,7.64,7.68,7.39,7.66,36699,27789591.0,3.77,-0.39,-0.03,1.56
5683,2021-01-11,7.65,7.65,7.4,7.41,38991,29260660.0,3.26,-3.26,-0.25,1.66
5684,2021-01-12,7.38,7.55,7.3,7.43,22166,16517390.0,3.37,0.27,0.02,0.94
5685,2021-01-13,7.42,7.43,7.21,7.26,32367,23620841.0,2.96,-2.29,-0.17,1.37
5686,2021-01-14,7.2,7.39,7.18,7.35,28025,20461921.0,2.89,1.24,0.09,1.19
5687,2021-01-15,7.3,7.48,7.3,7.44,27744,20643982.0,2.45,1.22,0.09,1.18
5688,2021-01-18,7.44,7.58,7.39,7.49,20179,15127700.0,2.55,0.67,0.05,0.86
5689,2021-01-19,7.46,7.72,7.42,7.68,48324,36927991.0,4.01,2.54,0.19,2.05
5690,2021-01-20,7.71,7.71,7.55,7.62,24635,18730972.0,2.08,-0.78,-0.06,1.05
5691,2021-01-21,7.58,7.67,7.56,7.57,24486,18626999.0,1.44,-0.66,-0.05,1.04
5692,2021-01-22,7.51,7.57,7.39,7.43,29371,21896714.0,2.38,-1.85,-0.14,1.25
5693,2021-01-25,7.35,7.49,7.28,7.36,29551,21842319.0,2.83,-0.94,-0.07,1.26
5694,2021-01-26,7.32,7.53,7.28,7.42,27455,20448357.0,3.4,0.82,0.06,1.17
5695,2021-01-27,7.4,7.52,7.34,7.49,29713,22151944.0,2.43,0.94,0.07,1.26
5696,2021-01-28,7.39,7.69,7.38,7.55,43872,33253055.0,4.14,0.8,0.06,1.86
5697,2021-01-29,7.55,8.31,7.5,8.31,179465,146455073.0,10.73,10.07,0.76,7.62
5698,2021-02-01,8.39,8.49,8.04,8.18,198078,162979411.0,5.42,-1.56,-0.13,8.41
5699,2021-02-02,8.05,8.27,7.99,8.14,91552,74517925.0,3.42,-0.49,-0.04,3.89
5700,2021-02-03,8.04,8.34,7.93,8.02,95218,77343699.0,5.04,-1.47,-0.12,4.05
5701,2021-02-04,8.04,8.14,7.82,7.88,67300,53514039.0,3.99,-1.75,-0.14,2.86
5702,2021-02-05,7.89,8.39,7.87,8.28,136775,112182384.0,6.6,5.08,0.4,5.81
5703,2021-02-08,8.22,8.5,8.16,8.45,151104,126638304.0,4.11,2.05,0.17,6.42
5704,2021-02-09,8.32,8.47,8.22,8.39,99157,82899373.0,2.96,-0.71,-0.06,4.21
5705,2021-02-10,8.31,8.61,8.31,8.49,105161,89389228.0,3.58,1.19,0.1,4.47
5706,2021-02-18,8.7,8.83,8.54,8.56,149160,129531440.0,3.42,0.82,0.07,6.34
5707,2021-02-19,8.55,9.17,8.44,8.98,160520,142281463.0,8.53,4.91,0.42,6.82
5708,2021-02-22,8.97,9.27,8.84,9.08,169413,153780051.0,4.79,1.11,0.1,7.2
5709,2021-02-23,9.06,9.34,8.84,9.28,160164,146235161.0,5.51,2.2,0.2,6.8
5710,2021-02-24,9.24,9.54,9.14,9.32,175964,164038462.0,4.31,0.43,0.04,7.48
5711,2021-02-25,9.2,9.35,8.97,9.01,120518,109995406.0,4.08,-3.33,-0.31,5.12
5712,2021-02-26,8.89,9.24,8.84,9.04,92051,83539291.0,4.44,0.33,0.03,3.91
5713,2021-03-01,9.05,9.29,9.01,9.2,94833,87126843.0,3.1,1.77,0.16,4.03
5714,2021-03-02,9.2,9.29,9.04,9.12,84711,77771700.0,2.72,-0.87,-0.08,3.6
5715,2021-03-03,9.08,9.47,9.08,9.32,127723,119085168.0,4.28,2.19,0.2,5.43
5716,2021-03-04,9.23,9.49,9.2,9.36,117951,110452619.0,3.11,0.43,0.04,5.01
5717,2021-03-05,9.21,9.41,8.99,9.19,117503,108243925.0,4.49,-1.82,-0.17,4.99
5718,2021-03-08,9.22,9.34,9.02,9.05,85084,77963461.0,3.48,-1.52,-0.14,3.61
5719,2021-03-09,9.01,9.96,8.74,9.63,301446,287979312.0,13.48,6.41,0.58,12.81
5720,2021-03-10,9.41,9.83,9.38,9.62,198763,190407750.0,4.67,-0.1,-0.01,8.44
5721,2021-03-11,9.57,9.95,9.55,9.83,175987,172446176.0,4.16,2.18,0.21,7.48
5722,2021-03-12,9.74,10.17,9.74,10.11,227608,228447333.0,4.37,2.85,0.28,9.67
5723,2021-03-15,10.14,11.12,10.01,10.72,308634,329331728.0,10.98,6.03,0.61,13.11
5724,2021-03-16,10.59,10.91,10.47,10.63,247741,264053950.0,4.1,-0.84,-0.09,10.52
5725,2021-03-17,10.5,10.91,10.49,10.55,191624,204262669.0,3.95,-0.75,-0.08,8.14
5726,2021-03-18,10.48,10.66,10.16,10.3,208508,216604486.0,4.74,-2.37,-0.25,8.86
5727,2021-03-19,10.14,10.41,10.03,10.15,165946,169287741.0,3.69,-1.46,-0.15,7.05
5728,2021-03-22,10.17,10.59,9.94,10.59,276127,284070672.0,6.4,4.33,0.44,11.73
5729,2021-03-23,10.57,10.57,9.84,9.88,209484,212402872.0,6.89,-6.7,-0.71,8.9
5730,2021-03-24,9.79,10.07,9.59,9.78,136936,134997161.0,4.86,-1.01,-0.1,5.82
5731,2021-03-25,9.69,10.19,9.51,9.92,153219,151904881.0,6.95,1.43,0.14,6.51
5732,2021-03-26,9.88,10.29,9.87,10.26,176947,180235582.0,4.23,3.43,0.34,7.52
5733,2021-03-29,10.26,10.65,10.16,10.3,171016,178165119.0,4.78,0.39,0.04,7.27
5734,2021-03-30,10.29,10.34,10.02,10.04,119259,120683422.0,3.11,-2.52,-0.26,5.07
5735,2021-03-31,10.05,10.13,9.64,9.75,128120,126364046.0,4.88,-2.89,-0.29,5.44
5736,2021-04-01,9.75,9.75,9.43,9.67,110080,105473346.0,3.28,-0.82,-0.08,4.68
5737,2021-04-02,9.63,10.15,9.5,10.02,160232,158258351.0,6.72,3.62,0.35,6.81
5738,2021-04-06,9.96,9.96,9.62,9.71,109330,106428388.0,3.39,-3.09,-0.31,4.64
5739,2021-04-07,9.62,9.81,9.62,9.77,68922,67201008.0,1.96,0.62,0.06,2.93
5740,2021-04-08,9.77,10.08,9.77,9.81,97064,96135935.0,3.17,0.41,0.04,4.12
5741,2021-04-09,9.69,10.04,9.67,9.97,100470,99803097.0,3.77,1.63,0.16,4.27
5742,2021-04-12,9.99,10.28,9.99,10.2,162721,165891822.0,2.91,2.31,0.23,6.91
5743,2021-04-13,9.89,10.64,9.69,10.23,214142,216892592.0,9.31,0.29,0.03,9.1
5744,2021-04-14,10.17,10.82,10.12,10.78,308925,328186160.0,6.84,5.38,0.55,13.12
5745,2021-04-15,10.63,10.65,10.39,10.57,171051,179820993.0,2.41,-1.95,-0.21,7.27
5746,2021-04-16,10.57,11.2,10.39,10.88,254275,273411904.0,7.66,2.93,0.31,10.8
5747,2021-04-19,10.93,11.88,10.93,11.44,368244,422638336.0,8.73,5.15,0.56,15.64
5748,2021-04-20,11.14,11.45,11.01,11.21,241703,271277024.0,3.85,-2.01,-0.23,10.27
5749,2021-04-21,11.1,11.1,10.6,10.78,217863,234658973.0,4.46,-3.84,-0.43,9.26
5750,2021-04-22,10.76,10.99,10.64,10.81,145045,156620277.0,3.25,0.28,0.03,6.16
5751,2021-04-23,10.63,10.67,10.43,10.56,128675,135472842.0,2.22,-2.31,-0.25,5.47
5752,2021-04-26,10.45,10.52,10.02,10.07,149009,153576198.0,4.73,-4.64,-0.49,6.33
5753,2021-04-27,10.0,10.03,9.49,9.56,164135,158595510.0,5.36,-5.06,-0.51,6.97
5754,2021-04-28,9.46,9.94,9.29,9.94,142324,137844230.0,6.8,3.97,0.38,6.05
5755,2021-04-29,9.92,9.92,9.6,9.64,111500,108502659.0,3.22,-3.02,-0.3,4.74
5756,2021-04-30,9.64,9.97,9.64,9.95,115819,113646185.0,3.42,3.22,0.31,4.92
5757,2021-05-06,9.69,9.7,8.96,8.97,175130,160608742.0,7.44,-9.85,-0.98,7.44
5758,2021-05-07,8.99,9.1,8.79,8.86,86247,77219991.0,3.46,-1.23,-0.11,3.66
5759,2021-05-10,8.86,8.96,8.65,8.9,75000,66285976.0,3.5,0.45,0.04,3.19
5760,2021-05-11,8.85,8.99,8.74,8.9,65933,58434369.0,2.81,0.0,0.0,2.8
5761,2021-05-12,8.81,9.04,8.72,9.02,65970,58898224.0,3.6,1.35,0.12,2.8
5762,2021-05-13,8.91,9.1,8.9,8.98,60343,54429683.0,2.22,-0.44,-0.04,2.56
5763,2021-05-14,8.98,9.02,8.86,8.99,51659,46374297.0,1.78,0.11,0.01,2.19
5764,2021-05-17,8.87,8.91,8.72,8.83,63253,55789352.0,2.11,-1.78,-0.16,2.69
5765,2021-05-18,8.81,8.96,8.76,8.88,51616,45805320.0,2.27,0.57,0.05,2.19
5766,2021-05-19,8.83,8.87,8.77,8.79,51634,45512018.0,1.13,-1.01,-0.09,2.19
5767,2021-05-20,8.79,8.83,8.61,8.67,55774,48509876.0,2.5,-1.37,-0.12,2.37
5768,2021-05-21,8.78,9.1,8.76,8.94,99590,89059040.0,3.92,3.11,0.27,4.23
5769,2021-05-24,8.9,9.05,8.81,9.03,64402,57846390.0,2.68,1.01,0.09,2.74
5770,2021-05-25,8.98,9.12,8.94,9.08,66746,60642439.0,1.99,0.55,0.05,2.84
5771,2021-05-26,9.09,9.17,9.02,9.12,57359,52295570.0,1.65,0.44,0.04,2.44
5772,2021-05-27,9.11,9.26,9.05,9.23,59857,55077319.0,2.3,1.21,0.11,2.54
5773,2021-05-28,9.21,9.21,8.99,9.06,66067,60135379.0,2.38,-1.84,-0.17,2.81
5774,2021-05-31,8.96,9.01,8.86,8.99,50212,44832607.0,1.66,-0.77,-0.07,2.13
5775,2021-06-01,8.95,9.16,8.94,9.15,58103,52807366.0,2.45,1.78,0.16,2.47
5776,2021-06-02,9.13,9.39,9.07,9.39,96816,89318723.0,3.5,2.62,0.24,4.11
5777,2021-06-03,9.49,9.57,9.24,9.27,128970,121283932.0,3.51,-1.28,-0.12,5.48
5778,2021-06-04,9.15,9.23,9.0,9.16,57736,52720291.0,2.48,-1.19,-0.11,2.45
5779,2021-06-07,9.15,9.38,9.07,9.37,87950,81293896.0,3.38,2.29,0.21,3.74
5780,2021-06-08,9.32,9.58,9.28,9.55,122605,116031654.0,3.2,1.92,0.18,5.21
5781,2021-06-09,9.54,10.2,9.44,9.9,176220,173743252.0,7.96,3.66,0.35,7.49
5782,2021-06-10,9.85,9.86,9.66,9.69,99079,96513124.0,2.02,-2.12,-0.21,4.21
5783,2021-06-11,9.64,9.83,9.51,9.52,92100,88878047.0,3.3,-1.75,-0.17,3.91
5784,2021-06-15,9.5,9.5,9.19,9.25,79935,74272883.0,3.26,-2.84,-0.27,3.4
5785,2021-06-16,9.21,9.38,9.21,9.28,53568,49902421.0,1.84,0.32,0.03,2.28
5786,2021-06-17,9.26,9.43,9.22,9.3,51164,47759541.0,2.26,0.22,0.02,2.17
5787,2021-06-18,9.28,9.65,9.17,9.6,94229,89383209.0,5.16,3.23,0.3,4.0
5788,2021-06-21,9.6,9.8,9.5,9.65,71500,69100244.0,3.13,0.52,0.05,3.04
5789,2021-06-22,9.66,9.91,9.66,9.76,85718,83929275.0,2.59,1.14,0.11,3.64
5790,2021-06-23,9.79,10.1,9.76,9.95,121964,121437410.0,3.48,1.95,0.19,5.18
5791,2021-06-24,9.94,9.95,9.77,9.85,75890,74905254.0,1.81,-1.01,-0.1,3.22
5792,2021-06-25,9.85,9.99,9.73,9.88,76873,75855318.0,2.64,0.3,0.03,3.27
5793,2021-06-28,9.86,10.43,9.83,10.32,165108,168153232.0,6.07,4.45,0.44,7.01
5794,2021-06-29,10.39,10.57,10.13,10.17,122221,125751724.0,4.26,-1.45,-0.15,5.19
5795,2021-06-30,10.17,10.24,9.9,9.93,111860,111932620.0,3.34,-2.36,-0.24,4.75
5796,2021-07-01,10.0,10.06,9.74,9.78,89610,88568332.0,3.22,-1.51,-0.15,3.81
5797,2021-07-02,9.76,10.09,9.68,10.02,105186,103943662.0,4.19,2.45,0.24,4.47
5798,2021-07-05,10.0,10.09,9.85,9.87,82307,81962361.0,2.4,-1.5,-0.15,3.5
5799,2021-07-06,9.86,10.07,9.79,10.03,75100,74729192.0,2.84,1.62,0.16,3.19
5800,2021-07-07,10.03,10.25,9.99,10.12,92375,93707063.0,2.59,0.9,0.09,3.92
5801,2021-07-08,10.12,10.17,9.86,9.9,80611,80329572.0,3.06,-2.17,-0.22,3.42
5802,2021-07-09,9.84,9.97,9.77,9.9,50681,50076411.0,2.02,0.0,0.0,2.15
5803,2021-07-12,9.9,10.23,9.87,10.22,97037,97359274.0,3.64,3.23,0.32,4.12
5804,2021-07-13,10.16,10.3,10.08,10.11,90462,92125095.0,2.15,-1.08,-0.11,3.84
5805,2021-07-14,10.01,10.06,9.85,9.9,77955,77383938.0,2.08,-2.08,-0.21,3.31
5806,2021-07-15,9.86,9.91,9.31,9.49,115320,110346835.0,6.06,-4.14,-0.41,4.9
5807,2021-07-16,9.42,9.55,9.39,9.46,48066,45521961.0,1.69,-0.32,-0.03,2.04
5808,2021-07-19,9.53,9.74,9.46,9.69,60032,57719249.0,2.96,2.43,0.23,2.55
5809,2021-07-20,9.63,9.75,9.59,9.7,39664,38244406.0,1.65,0.1,0.01,1.68
5810,2021-07-21,9.73,9.73,9.52,9.55,45551,43662395.0,2.16,-1.55,-0.15,1.94
5811,2021-07-22,9.54,9.65,9.42,9.64,45168,43066595.0,2.41,0.94,0.09,1.92
5812,2021-07-23,9.57,9.58,9.34,9.39,60366,56929077.0,2.49,-2.59,-0.25,2.56
5813,2021-07-26,9.31,9.31,8.91,9.03,75002,67938810.0,4.26,-3.83,-0.36,3.19
5814,2021-07-27,9.0,9.14,8.92,8.94,36187,32646383.0,2.44,-1.0,-0.09,1.54
5815,2021-07-28,8.92,8.92,8.4,8.43,72170,61904304.0,5.82,-5.7,-0.51,3.07
5816,2021-07-29,8.37,8.53,8.32,8.44,64143,53982749.0,2.49,0.12,0.01,2.72
5817,2021-07-30,8.31,8.32,7.93,7.99,95973,77166331.0,4.62,-5.33,-0.45,4.08
5818,2021-08-02,7.52,7.94,7.33,7.85,110234,84222340.0,7.63,-1.75,-0.14,4.68
5819,2021-08-03,7.88,8.1,7.75,7.92,74881,59635434.0,4.46,0.89,0.07,3.18
5820,2021-08-04,7.9,7.98,7.85,7.91,40988,32373660.0,1.64,-0.13,-0.01,1.74
5821,2021-08-05,7.9,8.15,7.83,8.06,62225,50042284.0,4.05,1.9,0.15,2.64
5822,2021-08-06,8.04,8.1,7.94,8.06,35853,28775409.0,1.99,0.0,0.0,1.52
5823,2021-08-09,8.08,8.39,8.07,8.35,66563,55078515.0,3.97,3.6,0.29,2.83
5824,2021-08-10,8.36,8.69,8.31,8.64,71831,61599548.0,4.55,3.47,0.29,3.05
5825,2021-08-11,8.64,8.72,8.54,8.58,47950,41298651.0,2.08,-0.69,-0.06,2.04
5826,2021-08-12,8.55,8.67,8.52,8.61,30214,26028827.0,1.75,0.35,0.03,1.28
5827,2021-08-13,8.53,8.61,8.47,8.61,33955,28996662.0,1.63,0.0,0.0,1.44
5828,2021-08-16,8.63,9.03,8.63,8.96,82988,74065201.0,4.65,4.07,0.35,3.53
5829,2021-08-17,8.95,9.08,8.81,8.89,53637,48010752.0,3.01,-0.78,-0.07,2.28
5830,2021-08-18,8.85,9.09,8.83,9.07,51767,46501363.0,2.92,2.02,0.18,2.2
5831,2021-08-19,9.01,9.08,8.94,8.98,34725,31268030.0,1.54,-0.99,-0.09,1.48
5832,2021-08-20,8.97,9.12,8.91,9.12,52154,47114209.0,2.34,1.56,0.14,2.22
5833,2021-08-23,9.13,9.56,9.13,9.31,78598,73623532.0,4.71,2.08,0.19,3.34
5834,2021-08-24,9.25,9.45,9.23,9.33,53390,49775470.0,2.36,0.21,0.02,2.27
5835,2021-08-25,9.38,9.65,9.33,9.63,98143,93662702.0,3.43,3.22,0.3,4.17
5836,2021-08-26,9.58,10.05,9.53,10.0,140497,138804839.0,5.4,3.84,0.37,5.97
5837,2021-08-27,9.97,10.0,9.73,9.82,92286,90824995.0,2.7,-1.8,-0.18,3.92
5838,2021-08-30,9.82,9.98,9.73,9.9,79189,77943174.0,2.55,0.81,0.08,3.36
5839,2021-08-31,9.97,9.97,9.65,9.81,82988,80968318.0,3.23,-0.91,-0.09,3.53
5840,2021-09-01,9.73,9.96,9.72,9.74,79788,78294425.0,2.45,-0.71,-0.07,3.39
5841,2021-09-02,9.79,9.89,9.5,9.73,95062,91741778.0,4.0,-0.1,-0.01,4.04
5842,2021-09-03,10.15,10.26,9.7,9.88,99172,97629293.0,5.76,1.54,0.15,4.21
5843,2021-09-06,9.83,9.87,9.54,9.69,81841,79215469.0,3.34,-1.92,-0.19,3.48
5844,2021-09-07,9.69,9.88,9.6,9.75,69677,67905697.0,2.89,0.62,0.06,2.96
5845,2021-09-08,9.74,9.83,9.65,9.79,62655,61143409.0,1.85,0.41,0.04,2.66
5846,2021-09-09,9.84,10.1,9.72,9.96,122140,121287418.0,3.88,1.74,0.17,5.19
5847,2021-09-10,10.21,10.76,9.84,9.84,311627,320318416.0,9.24,-1.2,-0.12,13.24
5848,2021-09-13,9.35,9.35,8.86,8.86,290234,259191188.0,4.98,-9.96,-0.98,12.33
5849,2021-09-14,8.7,9.16,8.65,8.92,213064,189370479.0,5.76,0.68,0.06,9.05
5850,2021-09-15,8.98,8.98,8.56,8.73,139065,120447620.0,4.71,-2.13,-0.19,5.91
5851,2021-09-16,8.7,8.85,8.62,8.66,95743,83262797.0,2.63,-0.8,-0.07,4.07
5852,2021-09-17,8.66,8.69,8.26,8.56,118417,100040149.0,4.97,-1.15,-0.1,5.03
5853,2021-09-22,8.34,8.5,8.31,8.42,62302,52343923.0,2.22,-1.64,-0.14,2.65
5854,2021-09-23,8.38,8.69,8.37,8.66,91253,78363158.0,3.8,2.85,0.24,3.88
5855,2021-09-24,8.62,8.66,8.52,8.55,54751,46957706.0,1.62,-1.27,-0.11,2.33
5856,2021-09-27,8.53,8.61,8.21,8.29,60356,50397733.0,4.68,-3.04,-0.26,2.56
5857,2021-09-28,8.3,8.44,8.18,8.4,41854,34840377.0,3.14,1.33,0.11,1.78
5858,2021-09-29,8.35,8.37,8.13,8.22,45631,37592502.0,2.86,-2.14,-0.18,1.94
5859,2021-09-30,8.25,8.34,8.2,8.3,45875,37996727.0,1.7,0.97,0.08,1.95
5860,2021-10-08,8.32,8.54,8.31,8.37,59464,50072211.0,2.77,0.84,0.07,2.53
5861,2021-10-11,8.34,8.45,8.18,8.3,47362,39206883.0,3.23,-0.84,-0.07,2.01
5862,2021-10-12,8.26,8.29,8.15,8.19,32177,26390585.0,1.69,-1.33,-0.11,1.37
5863,2021-10-13,8.17,8.3,8.14,8.26,30792,25313489.0,1.95,0.85,0.07,1.31
5864,2021-10-14,8.2,8.47,8.1,8.43,73257,61343275.0,4.48,2.06,0.17,3.11
5865,2021-10-15,8.31,8.43,8.25,8.26,39587,32965665.0,2.14,-2.02,-0.17,1.68
5866,2021-10-18,8.16,8.22,8.09,8.16,50886,41468108.0,1.57,-1.21,-0.1,2.16
5867,2021-10-19,8.12,8.18,7.92,8.0,48819,39145442.0,3.19,-1.96,-0.16,2.07
5868,2021-10-20,7.98,8.05,7.86,7.95,40819,32346531.0,2.38,-0.63,-0.05,1.73
5869,2021-10-21,8.0,8.0,7.85,7.88,32102,25343663.0,1.89,-0.88,-0.07,1.36
5870,2021-10-22,7.88,7.89,7.76,7.79,34585,26995484.0,1.65,-1.14,-0.09,1.47
5871,2021-10-25,7.75,7.95,7.59,7.94,44851,34995768.0,4.62,1.93,0.15,1.91
5872,2021-10-26,7.98,8.15,7.94,7.98,44816,36091115.0,2.64,0.5,0.04,1.9
5873,2021-10-27,7.99,8.07,7.85,7.85,24100,19042140.0,2.76,-1.63,-0.13,1.02
5874,2021-10-28,7.84,7.9,7.77,7.82,18247,14275045.0,1.66,-0.38,-0.03,0.78
5875,2021-10-29,7.75,7.99,7.75,7.93,22644,17920116.0,3.07,1.41,0.11,0.96
5876,2021-11-01,7.93,7.98,7.8,7.96,24062,19002107.0,2.27,0.38,0.03,1.02
5877,2021-11-02,7.95,7.97,7.78,7.82,24655,19374276.0,2.39,-1.76,-0.14,1.05
5878,2021-11-03,7.86,7.88,7.77,7.83,16669,13040545.0,1.41,0.13,0.01,0.71
5879,2021-11-04,7.87,7.87,7.8,7.84,14973,11708071.0,0.89,0.13,0.01,0.64
5880,2021-11-05,7.84,7.84,7.75,7.76,21722,16920482.0,1.15,-1.02,-0.08,0.92
5881,2021-11-08,7.81,8.08,7.8,7.92,60847,48546628.0,3.61,2.06,0.16,2.58
5882,2021-11-09,7.84,8.22,7.84,8.2,84567,68742323.0,4.8,3.54,0.28,3.59
5883,2021-11-10,8.18,8.22,8.11,8.19,33933,27683673.0,1.34,-0.12,-0.01,1.44
5884,2021-11-11,8.19,8.22,8.14,8.18,21787,17797235.0,0.98,-0.12,-0.01,0.93
5885,2021-11-12,8.16,8.2,8.06,8.15,23948,19469165.0,1.71,-0.37,-0.03,1.02
5886,2021-11-15,8.15,8.4,8.12,8.36,87979,73013787.0,3.44,2.58,0.21,3.74
5887,2021-11-16,8.37,8.41,8.24,8.24,40360,33523699.0,2.03,-1.44,-0.12,1.71
5888,2021-11-17,8.2,8.44,8.2,8.29,42445,35373492.0,2.91,0.61,0.05,1.8
5889,2021-11-18,8.27,8.36,8.22,8.23,25085,20741747.0,1.69,-0.72,-0.06,1.07
5890,2021-11-19,8.21,8.28,8.13,8.23,26254,21528259.0,1.82,0.0,0.0,1.12
5891,2021-11-22,8.26,8.31,8.17,8.18,26614,21833824.0,1.7,-0.61,-0.05,1.13
5892,2021-11-23,8.22,8.27,8.16,8.19,20707,16970759.0,1.34,0.12,0.01,0.88
5893,2021-11-24,8.16,8.2,8.09,8.17,23333,19002377.0,1.34,-0.24,-0.02,0.99
5894,2021-11-25,8.15,8.24,8.12,8.17,21541,17604630.0,1.47,0.0,0.0,0.92
5895,2021-11-26,8.12,8.13,7.98,7.98,39065,31353782.0,1.84,-2.33,-0.19,1.66
5896,2021-11-29,7.71,7.87,7.61,7.81,36392,28352000.0,3.26,-2.13,-0.17,1.55
5897,2021-11-30,7.84,7.94,7.83,7.87,18788,14827383.0,1.41,0.77,0.06,0.8
5898,2021-12-01,7.89,7.97,7.84,7.95,13398,10611022.0,1.65,1.02,0.08,0.57
5899,2021-12-02,7.9,7.99,7.87,7.87,14877,11779992.0,1.51,-1.01,-0.08,0.63
5900,2021-12-03,7.9,7.98,7.85,7.93,15952,12616829.0,1.65,0.76,0.06,0.68
5901,2021-12-06,7.94,7.94,7.86,7.89,17884,14093381.0,1.01,-0.5,-0.04,0.76
5902,2021-12-07,7.89,7.96,7.86,7.9,17005,13440599.0,1.27,0.13,0.01,0.72
5903,2021-12-08,7.9,7.92,7.85,7.91,13920,10974674.0,0.89,0.13,0.01,0.59
5904,2021-12-09,7.9,7.99,7.89,7.97,30276,24094107.0,1.26,0.76,0.06,1.29
5905,2021-12-10,7.96,8.05,7.91,8.02,30465,24373423.0,1.76,0.63,0.05,1.29
5906,2021-12-13,8.0,8.0,7.89,7.93,24197,19178556.0,1.37,-1.12,-0.09,1.03
5907,2021-12-14,7.93,7.95,7.88,7.92,20307,16069825.0,0.88,-0.13,-0.01,0.86
5908,2021-12-15,7.95,8.06,7.88,8.02,35675,28527327.0,2.27,1.26,0.1,1.52
5909,2021-12-16,7.98,8.02,7.95,8.01,23122,18463415.0,0.87,-0.12,-0.01,0.98
5910,2021-12-17,8.01,8.05,7.97,8.02,23656,18961190.0,1.0,0.12,0.01,1.0
5911,2021-12-20,7.97,7.97,7.74,7.87,33036,26060755.0,2.87,-1.87,-0.15,1.4
5912,2021-12-21,7.88,8.31,7.88,8.21,101463,82667703.0,5.46,4.32,0.34,4.31
5913,2021-12-22,8.08,8.25,8.05,8.08,60875,49560226.0,2.44,-1.58,-0.13,2.59
5914,2021-12-23,8.04,8.1,7.9,7.91,58015,46177844.0,2.48,-2.1,-0.17,2.46
5915,2021-12-24,8.0,8.17,7.87,8.01,64918,52144097.0,3.79,1.26,0.1,2.76
5916,2021-12-27,7.99,8.14,7.92,8.1,47053,37900672.0,2.75,1.12,0.09,2.0
5917,2021-12-28,8.05,8.2,8.05,8.15,39739,32367775.0,1.85,0.62,0.05,1.69
5918,2021-12-29,8.21,8.35,8.11,8.3,75620,62517278.0,2.94,1.84,0.15,3.21
5919,2021-12-30,8.29,8.39,8.22,8.38,68479,57074842.0,2.05,0.96,0.08,2.91
5920,2021-12-31,8.38,8.4,8.24,8.27,45226,37498281.0,1.91,-1.31,-0.11,1.92
5921,2022-01-04,8.29,8.55,8.21,8.55,100260,84773560.0,4.11,3.39,0.28,4.26
5922,2022-01-05,8.5,8.68,8.39,8.45,98532,83681685.0,3.39,-1.17,-0.1,4.19
5923,2022-01-06,8.43,8.54,8.4,8.48,57140,48422067.0,1.66,0.36,0.03,2.43
5924,2022-01-07,8.45,8.53,8.26,8.28,65372,54759562.0,3.18,-2.36,-0.2,2.78
5925,2022-01-10,8.23,8.48,8.14,8.38,53795,44923304.0,4.11,1.21,0.1,2.28
5926,2022-01-11,8.42,8.5,8.37,8.4,41750,35191169.0,1.55,0.24,0.02,1.77
5927,2022-01-12,8.5,8.86,8.35,8.77,155874,135523889.0,6.07,4.4,0.37,6.62
5928,2022-01-13,8.7,9.03,8.69,8.94,155538,138576058.0,3.88,1.94,0.17,6.61
5929,2022-01-14,8.96,8.99,8.54,8.57,136749,119410589.0,5.03,-4.14,-0.37,5.81
5930,2022-01-17,8.55,8.8,8.44,8.65,78085,67346251.0,4.2,0.93,0.08,3.32
5931,2022-01-18,8.75,8.75,8.38,8.43,90804,76802231.0,4.28,-2.54,-0.22,3.86
5932,2022-01-19,8.45,8.81,8.35,8.71,112075,97159887.0,5.46,3.32,0.28,4.76
5933,2022-01-20,8.65,8.7,8.48,8.52,59969,51439688.0,2.53,-2.18,-0.19,2.55
5934,2022-01-21,8.93,9.12,8.53,8.67,195279,170632192.0,6.92,1.76,0.15,8.29
5935,2022-01-24,8.62,9.08,8.44,8.78,191170,168248949.0,7.38,1.27,0.11,8.12
5936,2022-01-25,8.79,9.66,8.6,9.43,505775,476943616.0,12.07,7.4,0.65,21.48
5937,2022-01-26,9.2,9.38,8.57,8.88,401385,358857232.0,8.59,-5.83,-0.55,17.05
5938,2022-01-27,8.62,8.66,8.0,8.01,225997,186633778.0,7.43,-9.8,-0.87,9.6
5939,2022-01-28,8.01,8.81,7.85,8.64,275803,235749152.0,11.99,7.87,0.63,11.71
5940,2022-02-07,8.7,8.74,8.26,8.52,164028,138883275.0,5.56,-1.39,-0.12,6.97
5941,2022-02-08,8.59,9.21,8.5,9.0,193019,172423765.0,8.33,5.63,0.48,8.2
5942,2022-02-09,9.18,9.2,8.82,8.99,144454,129418646.0,4.22,-0.11,-0.01,6.14
5943,2022-02-10,8.97,9.34,8.94,9.25,228302,209281539.0,4.45,2.89,0.26,9.7
5944,2022-02-11,9.18,9.9,9.09,9.35,331474,311935024.0,8.76,1.08,0.1,14.08
5945,2022-02-14,9.34,10.29,9.24,10.07,576769,576073568.0,11.23,7.7,0.72,24.5
5946,2022-02-15,9.65,9.65,9.12,9.25,387352,363103376.0,5.26,-8.14,-0.82,16.45
5947,2022-02-16,9.5,9.58,9.18,9.39,244001,228143543.0,4.32,1.51,0.14,10.36
5948,2022-02-17,9.22,9.28,8.89,8.97,225626,204295076.0,4.15,-4.47,-0.42,9.58
5949,2022-02-18,8.97,9.19,8.85,9.07,140779,127446828.0,3.79,1.11,0.1,5.98
5950,2022-02-21,9.03,9.15,8.9,9.12,115139,104471892.0,2.76,0.55,0.05,4.89
5951,2022-02-22,9.0,9.15,8.72,8.94,134444,120024737.0,4.71,-1.97,-0.18,5.71
5952,2022-02-23,8.94,9.0,8.88,8.97,89875,80401858.0,1.34,0.34,0.03,3.82
5953,2022-02-24,8.88,9.06,8.5,8.66,131964,115790152.0,6.24,-3.46,-0.31,5.61
5954,2022-02-25,8.68,8.79,8.6,8.7,62677,54486889.0,2.19,0.46,0.04,2.66
5955,2022-02-28,8.61,8.65,8.39,8.57,65906,56060568.0,2.99,-1.49,-0.13,2.8
5956,2022-03-01,8.58,8.94,8.58,8.9,109859,97102392.0,4.2,3.85,0.33,4.67
5957,2022-03-02,8.8,9.04,8.76,8.87,77860,69402689.0,3.15,-0.34,-0.03,3.31
5958,2022-03-03,8.95,9.25,8.93,9.07,115777,105448017.0,3.61,2.25,0.2,4.92
5959,2022-03-04,9.0,9.15,8.97,9.02,74022,66883743.0,1.98,-0.55,-0.05,3.14
5960,2022-03-07,8.8,9.06,8.8,8.88,78004,69595104.0,2.88,-1.55,-0.14,3.31
5961,2022-03-08,8.96,9.06,8.56,8.72,100000,88334023.0,5.63,-1.8,-0.16,4.25
5962,2022-03-09,8.82,9.06,8.48,8.91,118404,104522609.0,6.65,2.18,0.19,5.03
5963,2022-03-10,8.93,9.16,8.84,8.89,131780,118761086.0,3.59,-0.22,-0.02,5.6
5964,2022-03-11,8.74,9.16,8.42,9.09,163698,143710329.0,8.32,2.25,0.2,6.95
5965,2022-03-14,8.9,8.93,8.5,8.54,119977,104870504.0,4.73,-6.05,-0.55,5.1
5966,2022-03-15,8.4,8.64,8.1,8.1,114858,96032700.0,6.32,-5.15,-0.44,4.88
5967,2022-03-16,8.5,8.91,8.22,8.91,319497,282655360.0,8.52,10.0,0.81,13.57
5968,2022-03-17,8.85,9.19,8.71,9.03,337893,303775568.0,5.39,1.35,0.12,14.35
5969,2022-03-18,8.95,9.41,8.88,9.2,201847,186274957.0,5.87,1.88,0.17,8.57
5970,2022-03-21,9.21,9.43,9.13,9.38,160483,149025679.0,3.26,1.96,0.18,6.82
5971,2022-03-22,9.21,9.5,9.21,9.27,117957,109874664.0,3.09,-1.17,-0.11,5.01
5972,2022-03-23,9.26,9.37,9.2,9.28,104733,97126674.0,1.83,0.11,0.01,4.45
5973,2022-03-24,9.25,9.29,9.02,9.06,68021,61954017.0,2.91,-2.37,-0.22,2.89
5974,2022-03-25,9.06,9.44,8.95,9.36,152348,140669984.0,5.41,3.31,0.3,6.47
5975,2022-03-28,9.2,9.74,9.13,9.5,182911,173049239.0,6.52,1.5,0.14,7.77
5976,2022-03-29,9.42,9.69,9.28,9.38,148625,140920774.0,4.32,-1.26,-0.12,6.31
5977,2022-03-30,9.38,9.53,9.24,9.48,123629,116426991.0,3.09,1.07,0.1,5.25
5978,2022-03-31,9.38,9.51,9.2,9.28,106527,99419653.0,3.27,-2.11,-0.2,4.52
5979,2022-04-01,9.22,9.89,9.22,9.52,193948,185740692.0,7.22,2.59,0.24,8.24
5980,2022-04-06,9.38,9.82,9.31,9.67,193466,186098458.0,5.36,1.58,0.15,8.22
5981,2022-04-07,9.62,9.74,9.36,9.38,109802,104311418.0,3.93,-3.0,-0.29,4.66
5982,2022-04-08,9.34,9.43,8.89,9.38,160721,147517633.0,5.76,0.0,0.0,6.83
5983,2022-04-11,9.2,9.33,8.85,8.96,174970,158703243.0,5.12,-4.48,-0.42,7.43
5984,2022-04-12,9.03,9.86,8.95,9.86,336434,319542448.0,10.16,10.04,0.9,14.29
5985,2022-04-13,9.64,9.82,9.41,9.46,299162,286302128.0,4.16,-4.06,-0.4,12.71
5986,2022-04-14,9.46,9.8,9.3,9.61,249919,239803030.0,5.29,1.59,0.15,10.62
5987,2022-04-15,9.6,10.25,9.46,9.59,343319,333715712.0,8.22,-0.21,-0.02,14.58
5988,2022-04-18,9.3,9.74,9.13,9.5,226419,214385243.0,6.36,-0.94,-0.09,9.62
5989,2022-04-19,9.6,10.29,9.32,9.8,272631,265626385.0,10.21,3.16,0.3,11.58
5990,2022-04-20,9.74,10.23,9.6,10.02,349788,346419024.0,6.43,2.24,0.22,14.86
5991,2022-04-21,9.87,9.97,9.27,9.37,281146,269266464.0,6.99,-6.49,-0.65,11.94
5992,2022-04-22,9.16,9.37,8.43,8.54,255761,224384197.0,10.03,-8.86,-0.83,10.86
5993,2022-04-25,8.11,8.3,7.69,7.7,206440,164364507.0,7.14,-9.84,-0.84,8.77
5994,2022-04-26,7.79,7.93,7.43,7.57,138809,106696409.0,6.49,-1.69,-0.13,5.9
5995,2022-04-27,7.38,7.7,7.15,7.7,150443,111591343.0,7.27,1.72,0.13,6.39
5996,2022-04-28,7.58,7.73,7.3,7.57,109749,82354858.0,5.58,-1.69,-0.13,4.66
5997,2022-04-29,7.6,7.85,7.5,7.79,117753,90960360.0,4.62,2.91,0.22,5.0
5998,2022-05-05,7.62,7.87,7.51,7.77,116758,90095363.0,4.62,-0.26,-0.02,4.96
5999,2022-05-06,7.53,7.67,7.46,7.5,94931,71609639.0,2.7,-3.47,-0.27,4.03
6000,2022-05-09,7.46,7.85,7.43,7.68,88534,67641627.0,5.6,2.4,0.18,3.76
6001,2022-05-10,7.53,7.89,7.48,7.79,95461,73499477.0,5.34,1.43,0.11,4.05
6002,2022-05-11,7.74,8.17,7.74,7.85,144469,115447478.0,5.52,0.77,0.06,6.14
6003,2022-05-12,7.74,8.05,7.74,7.98,86653,68675052.0,3.95,1.66,0.13,3.68
6004,2022-05-13,7.98,8.08,7.86,8.05,86022,68674404.0,2.76,0.88,0.07,3.65
6005,2022-05-16,8.09,8.4,8.0,8.23,130012,106812508.0,4.97,2.24,0.18,5.52
6006,2022-05-17,8.22,8.26,8.03,8.17,79210,64288811.0,2.79,-0.73,-0.06,3.36
6007,2022-05-18,8.15,8.3,8.06,8.19,76633,62782203.0,2.94,0.24,0.02,3.25
6008,2022-05-19,8.05,8.29,8.02,8.18,61656,50422201.0,3.3,-0.12,-0.01,2.62
6009,2022-05-20,8.19,8.35,8.17,8.27,72556,59890925.0,2.2,1.1,0.09,3.08
6010,2022-05-23,8.2,8.44,8.2,8.35,74569,62032885.0,2.9,0.97,0.08,3.17
6011,2022-05-24,8.37,8.4,8.12,8.13,73494,60712530.0,3.35,-2.63,-0.22,3.12
6012,2022-05-25,8.15,8.37,8.1,8.32,65623,54229412.0,3.32,2.34,0.19,2.79
6013,2022-05-26,8.37,8.49,8.25,8.44,67296,56430648.0,2.88,1.44,0.12,2.86
6014,2022-05-27,8.44,8.72,8.4,8.69,118476,101820734.0,3.79,2.96,0.25,5.03
6015,2022-05-30,8.68,8.9,8.58,8.86,118286,103907998.0,3.68,1.96,0.17,5.02
6016,2022-05-31,8.82,8.94,8.73,8.82,94853,83717390.0,2.37,-0.45,-0.04,4.03
6017,2022-06-01,8.87,9.02,8.71,8.82,94287,83451043.0,3.51,0.0,0.0,4.0
6018,2022-06-02,8.71,8.85,8.6,8.74,69219,60209071.0,2.83,-0.91,-0.08,2.94
6019,2022-06-06,8.76,8.8,8.66,8.76,63046,55086413.0,1.6,0.23,0.02,2.68
6020,2022-06-07,8.75,8.78,8.58,8.64,49675,43003923.0,2.28,-1.37,-0.12,2.11
6021,2022-06-08,8.66,8.7,8.38,8.6,61742,52701279.0,3.7,-0.46,-0.04,2.62
6022,2022-06-09,8.59,8.63,8.44,8.62,53708,45691391.0,2.21,0.23,0.02,2.28
6023,2022-06-10,8.65,8.88,8.57,8.69,134324,116988887.0,3.6,0.81,0.07,5.71
6024,2022-06-13,8.62,9.56,8.4,9.03,243767,219000941.0,13.35,3.91,0.34,10.35
6025,2022-06-14,8.9,8.94,8.58,8.83,178409,155747644.0,3.99,-2.21,-0.2,7.58
6026,2022-06-15,8.98,9.0,8.71,8.78,163085,144181770.0,3.28,-0.57,-0.05,6.93
6027,2022-06-16,8.8,9.16,8.76,9.06,185962,166909238.0,4.56,3.19,0.28,7.9
6028,2022-06-17,8.93,8.95,8.72,8.93,126244,111605400.0,2.54,-1.43,-0.13,5.36
6029,2022-06-20,8.87,9.03,8.82,8.93,92363,82542634.0,2.35,0.0,0.0,3.92
6030,2022-06-21,8.89,9.05,8.77,8.89,115920,103379137.0,3.14,-0.45,-0.04,4.92
6031,2022-06-22,8.89,8.89,8.6,8.6,86213,75161128.0,3.26,-3.26,-0.29,3.66
6032,2022-06-23,8.56,8.67,8.52,8.64,55787,47998099.0,1.74,0.47,0.04,2.37
6033,2022-06-24,8.62,9.27,8.62,9.19,254699,229640708.0,7.52,6.37,0.55,10.82
6034,2022-06-27,9.2,9.52,9.11,9.29,235929,220388241.0,4.46,1.09,0.1,10.02
6035,2022-06-28,9.14,10.22,9.14,10.22,439227,431502288.0,11.63,10.01,0.93,18.66
6036,2022-06-29,10.7,11.22,9.9,10.42,562199,586185168.0,12.92,1.96,0.2,23.88
6037,2022-06-30,10.8,11.34,10.43,10.9,523028,569030384.0,8.73,4.61,0.48,22.22
6038,2022-07-01,10.38,10.4,9.81,9.81,343519,341080368.0,5.41,-10.0,-1.09,14.59
6039,2022-07-04,9.34,9.63,9.33,9.44,224008,211417087.0,3.06,-3.77,-0.37,9.52
6040,2022-07-05,9.35,9.56,9.27,9.45,178670,167614415.0,3.07,0.11,0.01,7.59
6041,2022-07-06,9.1,9.14,8.92,9.05,164160,148233821.0,2.33,-4.23,-0.4,6.97
6042,2022-07-07,9.0,9.1,8.94,8.97,85665,77272208.0,1.77,-0.88,-0.08,3.64
6043,2022-07-08,9.2,9.3,9.02,9.1,112686,103092336.88,3.12,1.45,0.13,4.79
6044,2022-07-11,8.97,9.23,8.9,9.15,96929,88144057.27,3.63,0.55,0.05,4.12
6045,2022-07-12,9.15,9.23,9.0,9.05,70537,64112179.0,2.51,-1.09,-0.1,3.0
6046,2022-07-13,9.03,9.22,9.01,9.13,69722,63719578.86,2.32,0.88,0.08,2.96
6047,2022-07-14,9.13,9.17,9.0,9.14,57735,52475209.0,1.86,0.11,0.01,2.45
6048,2022-07-15,9.09,9.42,9.0,9.2,137341,126539555.22,4.6,0.66,0.06,5.83
6049,2022-07-18,9.17,9.28,9.07,9.25,77864,71685104.05,2.28,0.54,0.05,3.31
6050,2022-07-19,9.45,9.48,9.25,9.32,95795,89478661.05,2.49,0.76,0.07,4.07
6051,2022-07-20,9.25,9.68,9.22,9.52,131052,124193496.85,4.94,2.15,0.2,5.57
6052,2022-07-21,9.44,9.57,9.31,9.37,79662,75051490.0,2.73,-1.58,-0.15,3.38
6053,2022-07-22,9.37,9.52,9.28,9.39,64585,60575402.0,2.56,0.21,0.02,2.74
6054,2022-07-25,9.35,9.39,9.13,9.17,54939,50830136.02,2.77,-2.34,-0.22,2.33
6055,2022-07-26,9.51,9.64,9.31,9.59,151118,143426178.66,3.6,4.58,0.42,6.42
6056,2022-07-27,9.45,9.58,9.35,9.38,96918,91647696.07,2.4,-2.19,-0.21,4.12
6057,2022-07-28,9.33,9.5,9.33,9.35,69363,65169875.7,1.81,-0.32,-0.03,2.95
6058,2022-07-29,9.28,9.36,9.15,9.15,84334,77949410.83,2.25,-2.14,-0.2,3.58
6059,2022-08-01,9.17,9.21,9.01,9.03,51206,46376884.9,2.19,-1.31,-0.12,2.18
6060,2022-08-02,8.96,8.97,8.4,8.5,110104,94343332.58,6.31,-5.87,-0.53,4.68
6061,2022-08-03,8.5,8.7,8.32,8.4,59741,50849770.75,4.47,-1.18,-0.1,2.54
6062,2022-08-04,8.43,8.59,8.4,8.59,48204,41025705.31,2.26,2.26,0.19,2.05
6063,2022-08-05,8.56,8.68,8.51,8.67,36629,31451486.0,1.98,0.93,0.08,1.56
6064,2022-08-08,8.55,8.65,8.43,8.65,32490,27869795.0,2.54,-0.23,-0.02,1.38
6065,2022-08-09,8.75,8.78,8.6,8.64,30718,26648831.0,2.08,-0.12,-0.01,1.3
6066,2022-08-10,8.64,8.69,8.57,8.62,23174,19982255.12,1.39,-0.23,-0.02,0.98
6067,2022-08-11,8.62,8.83,8.61,8.79,44171,38569670.79,2.55,1.97,0.17,1.88
6068,2022-08-12,8.79,8.89,8.76,8.84,39208,34668673.72,1.48,0.57,0.05,1.67
6069,2022-08-15,8.8,8.87,8.73,8.85,29628,26117734.0,1.58,0.11,0.01,1.26
6070,2022-08-16,8.8,8.84,8.76,8.81,30295,26640863.0,0.9,-0.45,-0.04,1.29
6071,2022-08-17,8.75,8.96,8.75,8.86,38097,33733543.73,2.38,0.57,0.05,1.62
6072,2022-08-18,8.87,8.89,8.71,8.71,33050,28964256.0,2.03,-1.69,-0.15,1.4
6073,2022-08-19,8.72,8.79,8.59,8.61,36659,31763145.0,2.3,-1.15,-0.1,1.56
6074,2022-08-22,8.6,8.8,8.52,8.78,39308,34204533.0,3.25,1.97,0.17,1.67
6075,2022-08-23,8.83,8.93,8.71,8.87,45132,39840753.59,2.51,1.03,0.09,1.92
6076,2022-08-24,8.95,8.95,8.69,8.75,54892,48473029.8,2.93,-1.35,-0.12,2.33
6077,2022-08-25,8.74,8.85,8.65,8.79,43866,38414973.0,2.29,0.46,0.04,1.86
6078,2022-08-26,8.83,9.18,8.8,9.15,125475,113656668.37,4.32,4.1,0.36,5.33
6079,2022-08-29,9.07,9.37,8.97,9.31,105724,97415063.27,4.37,1.75,0.16,4.49
6080,2022-08-30,9.29,9.42,9.25,9.34,89997,84038663.9,1.83,0.32,0.03,3.82
6081,2022-08-31,9.38,9.57,9.3,9.43,120976,114217519.92,2.89,0.96,0.09,5.14
6082,2022-09-01,9.49,9.65,9.18,9.24,123319,115962355.04,4.98,-2.01,-0.19,5.24
6083,2022-09-02,9.28,9.48,9.09,9.44,94679,88043767.4,4.22,2.16,0.2,4.02
6084,2022-09-05,9.45,9.53,9.35,9.44,56478,53203625.0,1.91,0.0,0.0,2.4
6085,2022-09-06,9.44,9.63,9.37,9.52,68195,64865622.0,2.75,0.85,0.08,2.9
6086,2022-09-07,9.48,9.53,9.35,9.43,46757,44202173.0,1.89,-0.95,-0.09,1.99
6087,2022-09-08,9.5,10.2,9.41,9.84,190265,186392718.32,8.38,4.35,0.41,8.08
6088,2022-09-09,9.53,9.69,9.45,9.58,98571,94152688.63,2.44,-2.64,-0.26,4.19
6089,2022-09-13,9.58,9.79,9.5,9.72,73509,70975629.0,3.03,1.46,0.14,3.12
6090,2022-09-14,9.55,9.81,9.54,9.72,75044,72502718.58,2.78,0.0,0.0,3.19
6091,2022-09-15,9.78,9.89,9.52,9.72,75460,72921803.48,3.81,0.0,0.0,3.21
6092,2022-09-16,9.7,9.9,9.51,9.52,93243,90365594.0,4.01,-2.06,-0.2,3.96
6093,2022-09-19,9.52,9.79,9.36,9.77,147067,142436315.12,4.52,2.63,0.25,6.25
6094,2022-09-20,9.6,9.83,9.4,9.77,115614,111889177.5,4.4,0.0,0.0,4.91
6095,2022-09-21,9.6,9.7,9.36,9.61,85515,81787404.67,3.48,-1.64,-0.16,3.63
6096,2022-09-22,9.5,9.66,9.23,9.32,90185,84839568.24,4.47,-3.02,-0.29,3.83
6097,2022-09-23,9.37,9.44,9.01,9.03,85768,78566825.0,4.61,-3.11,-0.29,3.64
6098,2022-09-26,9.15,9.49,9.04,9.26,109282,101932820.73,4.98,2.55,0.23,4.64
6099,2022-09-27,9.17,10.19,9.07,10.05,263296,257192747.14,12.1,8.53,0.79,11.18
6100,2022-09-28,9.78,9.91,9.44,9.48,187825,182076768.5,4.68,-5.67,-0.57,7.98
6101,2022-09-29,9.58,9.62,8.86,8.92,159432,145347851.6,8.02,-5.91,-0.56,6.77
6102,2022-09-30,8.81,9.12,8.5,8.51,108599,94582576.44,6.95,-4.6,-0.41,4.61
6103,2022-10-10,8.46,8.46,7.84,7.92,122457,98605909.0,7.29,-6.93,-0.59,5.2
6104,2022-10-11,8.02,8.02,7.75,7.82,74875,58547649.0,3.41,-1.26,-0.1,3.18
6105,2022-10-12,7.79,7.91,7.65,7.91,80828,62809509.0,3.32,1.15,0.09,3.43
6106,2022-10-13,7.86,8.1,7.75,8.0,68906,54800569.64,4.42,1.14,0.09,2.93
6107,2022-10-14,8.04,8.12,7.97,8.1,53424,43138705.07,1.88,1.25,0.1,2.27
6108,2022-10-17,8.11,8.26,8.05,8.23,48162,39340696.41,2.59,1.6,0.13,2.05
6109,2022-10-18,8.3,8.69,8.24,8.34,108618,92024582.56,5.47,1.34,0.11,4.61
6110,2022-10-19,8.23,8.63,8.22,8.39,76141,64338328.71,4.92,0.6,0.05,3.23
6111,2022-10-20,8.31,8.85,8.25,8.66,129462,111206493.61,7.15,3.22,0.27,5.5
6112,2022-10-21,8.49,8.66,8.49,8.55,64435,55169520.39,1.96,-1.27,-0.11,2.74
6113,2022-10-24,8.55,8.65,8.2,8.23,72029,60289319.72,5.26,-3.74,-0.32,3.06
6114,2022-10-25,8.22,8.58,8.2,8.46,72752,61098214.0,4.62,2.79,0.23,3.09
6115,2022-10-26,8.42,8.83,8.39,8.56,76287,65578292.59,5.2,1.18,0.1,3.24
6116,2022-10-27,8.62,8.79,8.5,8.67,67859,58954338.5,3.39,1.29,0.11,2.88
6117,2022-10-28,8.67,8.83,8.46,8.54,74502,64616302.14,4.27,-1.5,-0.13,3.16
6118,2022-10-31,8.42,8.65,8.27,8.37,53973,45324531.0,4.45,-1.99,-0.17,2.29
6119,2022-11-01,8.41,9.19,8.35,8.95,125251,110110573.96,10.04,6.93,0.58,5.32
6120,2022-11-02,9.0,9.25,8.85,9.1,131040,118475948.0,4.47,1.68,0.15,5.57
6121,2022-11-03,9.08,9.47,8.93,9.3,114536,106529366.81,5.93,2.2,0.2,4.87
6122,2022-11-04,9.26,9.95,9.21,9.67,167951,161184597.28,7.96,3.98,0.37,7.13
6123,2022-11-07,9.35,9.84,9.28,9.71,138162,133278601.21,5.79,0.41,0.04,5.87
6124,2022-11-08,9.78,10.06,9.65,9.83,162358,158990600.47,4.22,1.24,0.12,6.9
6125,2022-11-09,9.77,10.81,9.75,10.81,217958,228270641.21,10.78,9.97,0.98,9.26
6126,2022-11-10,11.0,11.89,10.4,11.89,574086,642068329.72,13.78,9.99,1.08,24.39
6127,2022-11-11,12.49,13.08,11.52,13.08,839318,1059417390.36,13.12,10.01,1.19,35.65
6128,2022-11-14,12.49,14.13,12.4,12.84,771888,1022886466.65,13.23,-1.83,-0.24,32.79
6129,2022-11-15,12.53,12.53,11.56,11.56,643634,762770301.4,7.55,-9.97,-1.28,27.34
6130,2022-11-16,12.01,12.3,11.26,11.52,499015,584981511.76,9.0,-0.35,-0.04,21.2
6131,2022-11-17,11.18,11.89,10.91,11.59,448361,514784362.88,8.51,0.61,0.07,19.04
6132,2022-11-18,11.3,11.57,10.63,10.93,469224,517013626.42,8.11,-5.69,-0.66,19.93
6133,2022-11-21,10.72,10.79,10.28,10.55,282873,296233998.03,4.67,-3.48,-0.38,12.02
6134,2022-11-22,10.45,10.61,9.95,10.15,271164,276903754.95,6.26,-3.79,-0.4,11.52
6135,2022-11-23,10.05,10.08,9.8,9.93,167493,166373891.0,2.76,-2.17,-0.22,7.11
6136,2022-11-24,9.95,10.16,9.95,10.01,161384,161927699.63,2.11,0.81,0.08,6.86
6137,2022-11-25,10.02,10.09,9.9,10.08,152720,153144724.0,1.9,0.7,0.07,6.49
6138,2022-11-28,9.94,10.73,9.81,10.7,406842,423348061.78,9.13,6.15,0.62,17.28
6139,2022-11-29,10.46,11.77,10.32,11.29,622900,694118751.79,13.55,5.51,0.59,26.46
6140,2022-11-30,11.03,11.56,10.62,11.45,481959,533960680.52,8.33,1.42,0.16,20.47
6141,2022-12-01,11.78,11.93,11.14,11.17,394057,450445308.81,6.9,-2.45,-0.28,16.74
6142,2022-12-02,11.17,11.89,11.17,11.58,341182,393609793.43,6.45,3.67,0.41,14.49
6143,2022-12-05,11.96,11.96,11.36,11.47,284619,329023587.65,5.18,-0.95,-0.11,12.09
6144,2022-12-06,11.33,11.98,11.31,11.82,336963,395765221.31,5.84,3.05,0.35,14.31
6145,2022-12-07,11.6,12.5,11.39,12.02,453837,543681812.19,9.39,1.69,0.2,19.28
6146,2022-12-08,11.95,12.42,11.5,12.2,417619,497381038.63,7.65,1.5,0.18,17.74
6147,2022-12-09,11.86,12.05,11.54,11.66,290360,341323440.97,4.18,-4.43,-0.54,12.33
6148,2022-12-12,11.48,11.96,11.35,11.89,301689,355101412.86,5.23,1.97,0.23,12.81
6149,2022-12-13,11.66,13.08,11.62,13.08,537209,679517700.11,12.28,10.01,1.19,22.82
6150,2022-12-14,13.15,14.39,13.0,14.39,402475,560393592.24,10.63,10.02,1.31,17.1
6151,2022-12-15,15.49,15.83,13.31,14.0,872901,1298804007.29,17.51,-2.71,-0.39,37.08
6152,2022-12-16,12.67,15.0,12.67,14.56,682275,938471989.92,16.64,4.0,0.56,28.98
6153,2022-12-19,13.88,14.69,13.42,13.43,475940,663996456.29,8.72,-7.76,-1.13,20.22
6154,2022-12-20,13.44,13.65,12.33,12.55,378341,480856782.75,9.83,-6.55,-0.88,16.07
6155,2022-12-21,12.3,13.81,12.3,13.81,202690,272889078.01,12.03,10.04,1.26,8.61
6156,2022-12-22,14.22,15.19,14.02,14.79,795378,1169645432.68,8.47,7.1,0.98,33.79
6157,2022-12-23,14.2,15.15,13.52,13.68,561729,796025048.2,11.02,-7.51,-1.11,23.86
6158,2022-12-26,13.81,15.05,13.4,15.05,676441,989102592.97,12.06,10.01,1.37,28.73
6159,2022-12-27,15.2,16.56,14.55,16.56,708538,1100407239.03,13.36,10.03,1.51,30.1
6160,2022-12-28,16.66,18.22,15.98,18.22,454875,794076057.86,13.53,10.02,1.66,19.32
6161,2022-12-29,19.0,20.04,18.8,20.04,588401,1161739043.4,6.81,9.99,1.82,24.99
6162,2022-12-30,20.04,21.77,18.04,20.57,1122019,2210191043.34,18.61,2.64,0.53,47.66
6163,2023-01-03,18.51,18.9,18.51,18.51,123176,228211978.0,1.9,-10.01,-2.06,5.23
6164,2023-01-04,17.02,18.88,17.02,17.72,749881,1342631587.15,10.05,-4.27,-0.79,31.85
6165,2023-01-05,17.0,17.26,16.1,16.78,647311,1074138112.54,6.55,-5.3,-0.94,27.49
6166,2023-01-06,16.58,17.39,15.96,17.0,632109,1053363448.68,8.52,1.31,0.22,26.85
6167,2023-01-09,16.66,17.48,16.5,16.8,475604,809493091.8,5.76,-1.18,-0.2,20.2
6168,2023-01-10,16.86,17.55,16.57,17.41,506006,866731832.15,5.83,3.63,0.61,21.49
6169,2023-01-11,17.31,17.5,16.75,17.03,424028,724907399.22,4.31,-2.18,-0.38,18.01
6170,2023-01-12,16.6,16.96,15.33,15.33,474367,763293997.04,9.57,-9.98,-1.7,20.15
6171,2023-01-13,14.6,14.96,14.01,14.47,427490,620985251.72,6.2,-5.61,-0.86,18.16
6172,2023-01-16,14.47,14.84,14.29,14.75,247030,362035271.09,3.8,1.94,0.28,10.49
6173,2023-01-17,14.79,16.23,14.79,16.23,478000,743168467.03,9.76,10.03,1.48,20.3
6174,2023-01-18,16.4,16.43,14.93,15.05,397168,619231776.59,9.24,-7.27,-1.18,16.87
6175,2023-01-19,15.07,15.2,14.2,14.24,302008,438178086.77,6.64,-5.38,-0.81,12.83
6176,2023-01-20,14.25,15.26,14.25,14.97,302926,451891400.34,7.09,5.13,0.73,12.87
6177,2023-01-30,15.86,15.95,14.73,14.82,342828,523939608.99,8.15,-1.0,-0.15,14.56
6178,2023-01-31,14.52,14.96,14.52,14.7,192964,283145793.8,2.97,-0.81,-0.12,8.2
6179,2023-02-01,14.63,14.7,14.15,14.55,234546,336483709.64,3.74,-1.02,-0.15,9.96
6180,2023-02-02,14.5,15.51,14.27,15.25,359485,535939818.03,8.52,4.81,0.7,15.27
6181,2023-02-03,15.0,15.01,14.62,14.83,213362,316316158.7,2.56,-2.75,-0.42,9.06
6182,2023-02-06,14.83,15.49,14.63,15.09,288246,437240488.55,5.8,1.75,0.26,12.24
6183,2023-02-07,15.0,15.35,14.6,14.77,215842,319652009.61,4.97,-2.12,-0.32,9.17
6184,2023-02-08,14.64,14.88,14.45,14.56,128735,188684119.74,2.91,-1.42,-0.21,5.47
6185,2023-02-09,14.5,14.69,14.21,14.6,136109,197198779.12,3.3,0.27,0.04,5.78
6186,2023-02-10,14.58,15.3,14.49,15.07,280850,420691578.21,5.55,3.22,0.47,11.93
6187,2023-02-13,15.16,16.33,15.0,16.01,433287,676091922.39,8.83,6.24,0.94,18.4
6188,2023-02-14,15.8,16.42,15.5,15.95,380927,603923847.15,5.75,-0.37,-0.06,16.18
6189,2023-02-15,15.98,16.06,15.51,15.63,215636,338768138.84,3.45,-2.01,-0.32,9.16
6190,2023-02-16,15.53,15.83,14.63,14.97,279526,429957511.3,7.68,-4.22,-0.66,11.87
6191,2023-02-17,14.96,15.26,14.65,15.13,214892,322983025.17,4.07,1.07,0.16,9.13
6192,2023-02-20,15.06,15.45,14.72,15.26,166162,252234571.78,4.82,0.86,0.13,7.06
6193,2023-02-21,15.27,15.3,14.97,15.1,146938,221645536.94,2.16,-1.05,-0.16,6.24
6194,2023-02-22,15.0,15.47,14.9,15.34,193192,294204065.89,3.77,1.59,0.24,8.21
6195,2023-02-23,15.26,15.48,15.16,15.23,167428,256651499.92,2.09,-0.72,-0.11,7.11
6196,2023-02-24,15.19,15.35,14.82,15.16,129103,194312737.41,3.48,-0.46,-0.07,5.48
6197,2023-02-27,15.17,15.89,14.99,15.8,356676,556648603.72,5.94,4.22,0.64,15.15
6198,2023-02-28,15.82,16.96,15.61,16.46,503052,817839810.91,8.54,4.18,0.66,21.37
6199,2023-03-01,16.25,16.61,16.09,16.45,342364,560607787.18,3.16,-0.06,-0.01,14.54
6200,2023-03-02,16.37,17.77,16.02,17.1,491119,820410048.4,10.64,3.95,0.65,20.86
6201,2023-03-03,16.73,17.37,16.66,16.8,414600,707454255.63,4.15,-1.75,-0.3,17.61
6202,2023-03-06,16.7,18.4,16.41,17.73,563733,982171193.21,11.85,5.54,0.93,23.94
6203,2023-03-07,17.3,18.34,17.04,17.41,464502,812761887.15,7.33,-1.8,-0.32,19.73
6204,2023-03-08,17.0,17.44,16.52,16.63,306723,519443040.16,5.28,-4.48,-0.78,13.03
6205,2023-03-09,16.3,16.4,15.9,15.9,258409,416085952.26,3.01,-4.39,-0.73,10.98
6206,2023-03-10,15.69,16.21,15.63,15.84,191698,306843934.61,3.65,-0.38,-0.06,8.14
6207,2023-03-13,15.61,16.5,15.61,16.46,244157,397279428.78,5.62,3.91,0.62,10.37
6208,2023-03-14,16.35,16.65,16.06,16.06,220565,359413403.33,3.58,-2.43,-0.4,9.37
6209,2023-03-15,16.18,16.27,15.1,15.29,238517,376214712.76,7.29,-4.79,-0.77,10.13
6210,2023-03-16,15.18,15.19,14.61,14.74,216384,319827523.92,3.79,-3.6,-0.55,9.19
6211,2023-03-17,14.95,15.33,14.78,15.0,162280,244287199.6,3.73,1.76,0.26,6.89
6212,2023-03-20,15.01,15.3,14.87,15.15,140334,212214477.0,2.87,1.0,0.15,5.96
6213,2023-03-21,15.16,15.94,15.06,15.74,223637,349711516.58,5.81,3.89,0.59,9.5
6214,2023-03-22,15.61,15.76,15.41,15.49,149825,232842720.95,2.22,-1.59,-0.25,6.36
6215,2023-03-23,15.54,15.68,15.35,15.68,139903,217314935.62,2.13,1.23,0.19,5.94
6216,2023-03-24,15.7,16.9,15.7,16.46,351945,577220980.88,7.65,4.97,0.78,14.95
6217,2023-03-27,16.15,17.18,16.11,16.99,352812,593981913.68,6.5,3.22,0.53,14.99
6218,2023-03-28,16.99,17.29,16.58,16.59,306701,518855633.47,4.18,-2.35,-0.4,13.03
6219,2023-03-29,16.5,17.08,16.24,16.7,260416,435701030.99,5.06,0.66,0.11,11.06
6220,2023-03-30,16.57,17.9,16.31,17.56,468916,804125874.71,9.52,5.15,0.86,19.92
6221,2023-03-31,17.4,17.59,17.15,17.25,332609,575853170.4,2.51,-1.77,-0.31,14.13
6222,2023-04-03,17.26,17.4,17.1,17.2,251282,432886381.06,1.74,-0.29,-0.05,10.67
6223,2023-04-04,17.1,17.7,16.8,17.03,326358,564539454.0,5.23,-0.99,-0.17,13.86
6224,2023-04-06,16.91,17.09,16.4,16.78,204946,344370860.2,4.05,-1.47,-0.25,8.71
6225,2023-04-07,16.79,17.36,16.78,16.98,265569,454485162.8,3.46,1.19,0.2,11.28
6226,2023-04-10,16.8,18.47,16.76,18.36,560052,992683982.42,10.07,8.13,1.38,23.79
6227,2023-04-11,18.49,19.88,17.98,18.12,675581,1274612370.86,10.35,-1.31,-0.24,28.7
6228,2023-04-12,17.87,19.35,17.87,19.15,559372,1040458421.76,8.17,5.68,1.03,23.76
6229,2023-04-13,18.79,21.07,18.64,21.07,681849,1352619406.18,12.69,10.03,1.92,28.96
6230,2023-04-14,22.07,22.55,20.26,20.5,831981,1788724533.96,10.87,-2.71,-0.57,35.34
6231,2023-04-17,19.89,21.39,19.81,20.76,537688,1117418407.82,7.71,1.27,0.26,22.84
6232,2023-04-18,20.04,20.46,18.92,19.61,486596,956299045.35,7.42,-5.54,-1.15,20.67
6233,2023-04-19,19.6,21.57,19.08,21.57,598846,1212162954.08,12.7,9.99,1.96,25.44
6234,2023-04-20,20.92,22.28,20.62,21.53,687608,1471569585.11,7.7,-0.19,-0.04,29.21
6235,2023-04-21,21.01,23.0,21.01,22.09,710842,1574925695.74,9.24,2.6,0.56,30.19
6236,2023-04-24,21.28,22.39,19.88,21.35,538918,1122407867.94,11.36,-3.35,-0.74,22.89
6237,2023-04-25,20.6,21.05,19.22,19.62,464065,925230768.42,8.57,-8.1,-1.73,19.71
6238,2023-04-26,19.51,20.49,19.32,19.38,382156,761569391.68,5.96,-1.22,-0.24,16.23
6239,2023-04-27,18.56,18.78,17.44,17.47,402328,724292931.46,6.91,-9.86,-1.91,17.09
6240,2023-04-28,17.42,18.37,17.38,18.27,359125,649229516.71,5.67,4.58,0.8,15.25
6241,2023-05-04,18.28,18.28,16.65,17.02,362874,621806070.2,8.92,-6.84,-1.25,15.41
6242,2023-05-05,16.88,17.09,16.19,16.25,292145,483193700.68,5.29,-4.52,-0.77,12.41
6243,2023-05-08,16.02,16.22,15.61,15.74,252026,397357583.66,3.75,-3.14,-0.51,10.7
6244,2023-05-09,15.73,16.36,15.54,15.87,299438,478200390.73,5.21,0.83,0.13,12.72
6245,2023-05-10,15.8,15.83,15.3,15.62,187516,291726997.46,3.34,-1.58,-0.25,7.96
6246,2023-05-11,15.55,15.81,15.47,15.54,149554,233718688.97,2.18,-0.51,-0.08,6.35
6247,2023-05-12,15.64,16.68,15.15,16.53,426563,687585539.06,9.85,6.37,0.99,18.12
6248,2023-05-15,16.22,17.05,15.9,16.54,374852,617991689.27,6.96,0.06,0.01,15.92
6249,2023-05-16,16.13,16.37,15.61,15.69,247063,392601195.63,4.59,-5.14,-0.85,10.49
6250,2023-05-17,15.52,16.26,15.47,16.15,206733,329657785.21,5.04,2.93,0.46,8.78
6251,2023-05-18,16.16,16.25,15.8,15.99,154144,246791380.99,2.79,-0.99,-0.16,6.55
6252,2023-05-19,16.17,16.2,15.58,15.81,183417,291441837.19,3.88,-1.13,-0.18,7.79
6253,2023-05-22,15.7,16.19,15.5,15.99,180324,287454020.98,4.36,1.14,0.18,7.66
6254,2023-05-23,15.96,16.35,15.81,16.07,189906,305965445.75,3.38,0.5,0.08,8.07
6255,2023-05-24,16.18,16.18,15.51,15.64,156377,245678149.0,4.17,-2.68,-0.43,6.64
6256,2023-05-25,15.5,15.61,14.83,15.18,178611,271098326.44,4.99,-2.94,-0.46,7.59
6257,2023-05-26,15.14,15.32,14.93,15.23,100936,153024364.43,2.57,0.33,0.05,4.29
6258,2023-05-29,15.23,15.31,14.95,15.02,91471,138024101.0,2.36,-1.38,-0.21,3.89
6259,2023-05-30,14.96,15.14,14.71,15.14,95808,143329858.0,2.86,0.8,0.12,4.07
6260,2023-05-31,15.06,15.77,15.02,15.61,227508,354405235.77,4.95,3.1,0.47,9.66
6261,2023-06-01,15.47,16.37,15.42,16.27,299629,484219960.76,6.09,4.23,0.66,12.73
6262,2023-06-02,16.13,16.59,15.85,16.25,233449,379139398.48,4.55,-0.12,-0.02,9.92
6263,2023-06-05,16.21,16.9,16.2,16.52,244915,406955102.2,4.31,1.66,0.27,10.4
6264,2023-06-06,16.6,16.69,15.93,16.0,186053,302609095.0,4.6,-3.15,-0.52,7.9
6265,2023-06-07,16.01,17.47,15.96,17.28,440080,744704080.95,9.44,8.0,1.28,18.69
6266,2023-06-08,17.29,18.6,16.94,18.0,487568,862898859.73,9.61,4.17,0.72,20.71
6267,2023-06-09,17.5,18.3,17.2,17.43,334297,586251821.08,6.11,-3.17,-0.57,14.2
6268,2023-06-12,17.43,17.47,16.89,17.15,207158,354362904.48,3.33,-1.61,-0.28,8.8
6269,2023-06-13,17.12,17.41,16.97,17.02,173450,297066233.0,2.57,-0.76,-0.13,7.37
6270,2023-06-14,17.0,17.28,16.87,17.08,163708,279883785.0,2.41,0.35,0.06,6.95
6271,2023-06-15,17.12,17.53,16.8,17.38,233154,400538423.0,4.27,1.76,0.3,9.9
6272,2023-06-16,17.29,17.65,17.1,17.47,206930,360017749.0,3.16,0.52,0.09,8.79
6273,2023-06-19,17.49,17.65,17.01,17.07,201558,348246871.04,3.66,-2.29,-0.4,8.56
6274,2023-06-20,16.97,17.0,16.62,16.63,166307,278271011.3,2.23,-2.58,-0.44,7.06
6275,2023-06-21,16.63,16.94,16.24,16.25,144295,239300399.0,4.21,-2.29,-0.38,6.13
6276,2023-06-26,16.16,16.46,15.68,15.73,131090,210878328.92,4.8,-3.2,-0.52,5.57
6277,2023-06-27,15.73,17.3,15.71,17.3,266718,452669358.57,10.11,9.98,1.57,11.33
6278,2023-06-28,16.98,17.51,16.91,17.28,334845,578466762.56,3.47,-0.12,-0.02,14.22
6279,2023-06-29,17.2,17.45,16.86,16.95,184941,315420531.0,3.41,-1.91,-0.33,7.86
6280,2023-06-30,17.0,17.19,16.81,16.95,138199,234563816.09,2.24,0.0,0.0,5.87
6281,2023-07-03,16.85,18.04,16.8,17.75,356189,627269228.7,7.32,4.72,0.8,15.13
6282,2023-07-04,17.62,17.89,17.32,17.68,224667,395232629.64,3.21,-0.39,-0.07,9.54
6283,2023-07-05,17.67,17.74,17.31,17.42,135960,237603181.36,2.43,-1.47,-0.26,5.77
6284,2023-07-06,17.3,17.64,17.1,17.24,122751,212074965.67,3.1,-1.03,-0.18,5.21
6285,2023-07-07,17.2,17.5,17.09,17.37,144444,250331275.63,2.38,0.75,0.13,6.14
6286,2023-07-10,17.6,18.77,17.5,17.88,306873,552904013.67,7.31,2.94,0.51,13.03
6287,2023-07-11,17.88,17.91,17.49,17.57,168387,296243656.29,2.35,-1.73,-0.31,7.15
6288,2023-07-12,17.55,18.27,17.32,18.01,271222,483781254.8,5.41,2.5,0.44,11.52
6289,2023-07-13,17.88,18.04,17.5,18.03,212245,378189687.88,3.0,0.11,0.02,9.02
6290,2023-07-14,17.45,17.45,16.65,16.79,278150,471426181.93,4.44,-6.88,-1.24,11.81
6291,2023-07-17,16.59,17.07,16.25,16.82,116621,194697507.74,4.88,0.18,0.03,4.95
6292,2023-07-18,16.81,16.95,16.48,16.61,98203,163484747.29,2.79,-1.25,-0.21,4.17
6293,2023-07-19,16.73,16.8,16.47,16.61,68674,114255529.52,1.99,0.0,0.0,2.92
6294,2023-07-20,16.7,17.88,16.63,17.43,307794,535869635.43,7.53,4.94,0.82,13.07
6295,2023-07-21,17.31,17.96,16.93,17.22,287971,502316750.32,5.91,-1.2,-0.21,12.23
6296,2023-07-24,17.0,17.35,16.58,17.02,152123,258222119.03,4.47,-1.16,-0.2,6.46
6297,2023-07-25,17.35,17.57,17.13,17.46,181442,314004872.51,2.59,2.59,0.44,7.71
6298,2023-07-26,17.8,18.56,17.57,17.6,345870,621604471.62,5.67,0.8,0.14,14.69
6299,2023-07-27,17.2,18.14,17.1,17.63,248849,440516061.32,5.91,0.17,0.03,10.57
6300,2023-07-28,17.51,17.86,17.21,17.66,183493,321835714.1,3.69,0.17,0.03,7.79
6301,2023-07-31,17.95,18.89,17.7,18.68,495341,913369632.63,6.74,5.78,1.02,21.04
6302,2023-08-01,18.68,18.87,17.75,17.8,382212,694853652.1,6.0,-4.71,-0.88,16.23
6303,2023-08-02,17.41,17.73,17.24,17.32,204154,355569484.16,2.75,-2.7,-0.48,8.67
6304,2023-08-03,17.24,17.55,17.17,17.43,143112,248471011.0,2.19,0.64,0.11,6.08
6305,2023-08-04,17.52,17.64,17.26,17.34,139546,242712827.0,2.18,-0.52,-0.09,5.93
6306,2023-08-07,17.26,17.43,17.06,17.43,93305,161322098.3,2.13,0.52,0.09,3.96
6307,2023-08-08,17.39,17.55,17.17,17.55,120894,210456630.0,2.18,0.69,0.12,5.13
6308,2023-08-09,17.47,17.49,17.08,17.12,102775,177052625.12,2.34,-2.45,-0.43,4.37
6309,2023-08-10,17.12,17.5,17.09,17.35,101547,175875338.0,2.39,1.34,0.23,4.31
6310,2023-08-11,17.3,17.87,17.23,17.36,163636,287306751.21,3.69,0.06,0.01,6.95
6311,2023-08-14,17.01,17.84,16.98,17.54,177362,311468251.96,4.95,1.04,0.18,7.53
6312,2023-08-15,17.34,17.35,17.0,17.13,128219,219768842.54,2.0,-2.34,-0.41,5.45
6313,2023-08-16,16.96,17.05,16.5,16.5,116745,194334730.5,3.21,-3.68,-0.63,4.96
6314,2023-08-17,16.42,16.65,16.19,16.59,72912,120247151.0,2.79,0.55,0.09,3.1
6315,2023-08-18,16.55,16.62,15.88,15.89,102077,165272311.8,4.46,-4.22,-0.7,4.34
6316,2023-08-21,15.97,16.15,15.76,15.79,63011,100518522.0,2.45,-0.63,-0.1,2.68
6317,2023-08-22,15.74,15.95,15.3,15.93,117193,182495354.0,4.12,0.89,0.14,4.98
6318,2023-08-23,15.88,15.88,15.25,15.31,78204,121025548.99,3.95,-3.89,-0.62,3.32
