,日期,开盘,最高,最低,收盘,成交量,成交额,振幅,涨跌幅,涨跌额,换手率
0,2015-06-26,15.6,18.72,15.6,18.72,224,417298.0,24.0,44.0,5.72,0.06
1,2015-06-29,20.59,20.59,20.59,20.59,172,354148.0,0.0,9.99,1.87,0.05
2,2015-06-30,22.65,22.65,22.65,22.65,269,609285.0,0.0,10.0,2.06,0.07
3,2015-07-01,24.92,24.92,24.92,24.92,101,251692.0,0.0,10.02,2.27,0.03
4,2015-07-02,27.41,27.41,27.41,27.41,637,1746017.0,0.0,9.99,2.49,0.17
5,2015-07-03,30.15,30.15,28.15,30.15,120468,359911280.0,7.3,10.0,2.74,32.34
6,2015-07-06,33.17,33.17,32.03,33.17,108024,357390528.0,3.78,10.02,3.02,29.0
7,2015-07-07,30.17,30.28,29.85,29.85,23846,71348919.0,1.3,-10.01,-3.32,6.4
8,2015-07-08,26.87,26.87,26.87,26.87,7689,20660343.0,0.0,-9.98,-2.98,2.06
9,2015-07-09,24.18,29.56,24.18,29.56,159186,429227056.0,20.02,10.01,2.69,42.73
10,2015-07-10,32.0,32.52,31.36,32.52,36655,117554430.0,3.92,10.01,2.96,9.84
11,2015-07-13,35.77,35.77,34.5,35.77,62289,221965066.0,3.91,9.99,3.25,16.72
12,2015-07-14,37.71,39.35,36.77,39.35,117908,458117568.0,7.21,10.01,3.58,31.65
13,2015-07-15,39.0,39.0,35.42,35.42,105792,385123328.0,9.1,-9.99,-3.93,28.4
14,2015-07-16,31.88,37.01,31.88,32.83,132820,441488064.0,14.48,-7.31,-2.59,35.66
15,2015-07-17,33.19,36.0,32.1,35.43,102686,351031088.0,11.88,7.92,2.6,27.57
16,2015-07-20,34.33,35.43,32.15,33.1,99735,338529712.0,9.26,-6.58,-2.33,26.77
17,2015-07-21,32.11,35.8,31.53,34.87,97430,329405984.0,12.9,5.35,1.77,26.16
18,2015-07-22,34.8,35.66,33.4,34.2,79146,274119920.0,6.48,-1.92,-0.67,21.25
19,2015-07-23,33.8,37.62,33.52,37.62,78019,277748496.0,11.99,10.0,3.42,20.94
20,2015-07-24,39.96,41.38,38.15,39.49,173378,699766896.0,8.59,4.97,1.87,46.54
21,2015-07-27,37.5,42.16,35.54,35.54,136864,539473312.0,16.76,-10.0,-3.95,36.74
22,2015-07-28,32.81,37.48,31.99,34.7,103581,352999616.0,15.45,-2.36,-0.84,27.81
23,2015-07-29,35.38,38.17,33.8,38.17,92555,332559344.0,12.59,10.0,3.47,24.85
24,2015-07-30,39.18,41.99,38.45,41.15,150278,622010432.0,9.27,7.81,2.98,40.34
25,2015-07-31,39.11,45.27,38.89,45.27,173128,749616160.0,15.5,10.01,4.12,46.48
26,2015-08-03,45.27,49.8,43.27,49.8,168385,795190864.0,14.42,10.01,4.53,45.2
27,2015-08-04,51.1,52.43,44.82,44.82,189863,882807664.0,15.28,-10.0,-4.98,50.97
28,2015-08-05,42.0,49.2,42.0,48.1,148742,687140816.0,16.06,7.32,3.28,39.93
29,2015-08-06,46.21,47.29,43.29,44.49,114612,514357632.0,8.32,-7.51,-3.61,30.77
30,2015-08-07,44.49,45.5,42.72,44.07,97247,431732608.0,6.25,-0.94,-0.42,26.11
31,2015-08-10,43.9,45.85,43.3,45.51,97953,440126944.0,5.79,3.27,1.44,26.3
32,2015-08-11,45.25,48.21,44.88,47.28,112020,526423904.0,7.32,3.89,1.77,30.07
33,2015-08-12,46.2,47.28,43.0,43.55,86413,389993168.0,9.05,-7.89,-3.73,23.2
34,2015-08-13,43.2,44.39,41.39,43.64,61223,263703617.0,6.89,0.21,0.09,16.44
35,2015-08-14,43.71,45.0,43.0,44.0,58181,255655131.0,4.58,0.82,0.36,15.62
36,2015-08-17,43.77,44.3,42.2,42.45,46176,197918757.0,4.77,-3.52,-1.55,12.4
37,2015-08-18,42.45,44.29,38.21,38.23,62503,260808867.0,14.32,-9.94,-4.22,16.78
38,2015-08-19,37.08,39.37,34.87,38.9,56960,214161154.0,11.77,1.75,0.67,15.29
39,2015-08-20,38.0,38.6,36.0,36.0,38405,142438437.0,6.68,-7.46,-2.9,10.31
40,2015-08-21,35.44,36.0,33.2,33.26,37244,128865228.0,7.78,-7.61,-2.74,10.0
41,2015-08-24,31.99,31.99,29.93,29.93,31104,94170231.0,6.19,-10.01,-3.33,8.35
42,2015-08-25,27.02,32.32,27.02,28.1,67048,196608385.0,17.71,-6.11,-1.83,18.0
43,2015-08-26,29.0,30.91,28.5,30.91,97795,296003680.0,8.58,10.0,2.81,26.25
44,2015-08-27,31.7,32.5,29.5,32.18,84849,263684107.0,9.71,4.11,1.27,22.78
45,2015-08-28,31.5,34.1,30.52,33.14,91201,292068544.0,11.12,2.98,0.96,24.48
46,2015-08-31,32.5,32.5,29.83,29.83,53789,166800364.0,8.06,-9.99,-3.31,14.44
47,2015-09-01,28.8,28.8,26.85,26.85,44495,122211812.0,6.54,-9.99,-2.98,11.95
48,2015-09-02,25.28,28.2,24.58,25.51,47716,127310157.0,13.48,-4.99,-1.34,12.81
49,2015-09-07,26.45,27.5,25.38,25.55,33174,87570472.0,8.31,0.16,0.04,8.91
50,2015-09-08,25.55,28.11,25.35,28.11,68604,188782247.0,10.8,10.02,2.56,18.42
51,2015-09-09,29.24,30.56,28.89,29.6,83433,246522937.0,5.94,5.3,1.49,22.4
52,2015-09-10,29.0,29.3,28.01,28.14,44150,126806417.0,4.36,-4.93,-1.46,11.85
53,2015-09-11,27.65,28.97,27.65,28.8,32334,92205708.0,4.69,2.35,0.66,8.68
54,2015-09-14,28.7,28.74,25.92,25.92,35412,95978456.0,9.79,-10.0,-2.88,9.51
55,2015-09-15,24.8,25.99,23.58,23.9,39304,97314003.0,9.3,-7.79,-2.02,10.55
56,2015-09-16,24.52,26.29,24.33,26.29,47775,121296522.0,8.2,10.0,2.39,12.83
57,2015-09-17,26.44,26.89,25.28,25.5,57245,149037990.0,6.12,-3.0,-0.79,15.37
58,2015-09-18,25.67,25.99,25.02,25.61,26121,66643930.0,3.8,0.43,0.11,7.01
59,2015-09-21,25.6,26.84,25.11,26.73,39931,104959662.0,6.76,4.37,1.12,10.72
60,2015-09-22,26.79,27.29,26.33,26.9,42767,115036651.0,3.59,0.64,0.17,11.48
61,2015-09-23,26.45,28.5,26.31,28.08,58429,161444283.0,8.14,4.39,1.18,15.69
62,2015-09-24,28.08,28.77,27.54,27.92,43094,121184048.0,4.38,-0.57,-0.16,11.57
63,2015-09-25,27.5,27.96,25.8,26.0,33408,89289801.0,7.74,-6.88,-1.92,8.97
64,2015-09-28,26.12,27.1,26.12,26.95,21665,57760225.0,3.77,3.65,0.95,5.82
65,2015-09-29,26.8,26.8,25.92,26.22,20519,54011129.0,3.27,-2.71,-0.73,5.51
66,2015-09-30,26.15,26.69,26.0,26.36,16409,43274866.0,2.63,0.53,0.14,4.41
67,2015-10-08,27.6,28.25,27.34,27.97,39888,111019658.0,3.45,6.11,1.61,10.71
68,2015-10-09,27.89,28.49,27.61,28.3,36636,103210564.0,3.15,1.18,0.33,9.84
69,2015-10-12,28.83,30.6,28.82,30.06,56796,168184867.0,6.29,6.22,1.76,15.25
70,2015-10-13,32.98,33.07,31.77,33.07,43238,142055612.0,4.32,10.01,3.01,11.61
71,2015-10-14,35.6,36.38,34.99,36.38,52658,190109172.0,4.2,10.01,3.31,14.14
72,2015-10-15,38.5,40.0,36.52,38.06,158818,602395872.0,9.57,4.62,1.68,42.64
73,2015-10-16,37.25,37.91,37.06,37.68,106123,397228704.0,2.23,-1.0,-0.38,28.49
74,2015-10-19,37.06,40.49,36.45,38.53,129895,495893536.0,10.72,2.26,0.85,34.87
75,2015-10-20,37.66,37.98,36.6,37.57,79394,296065696.0,3.58,-2.49,-0.96,21.31
76,2015-10-21,37.79,39.24,34.0,34.04,96932,359275760.0,13.95,-9.4,-3.53,26.02
77,2015-10-22,34.05,35.42,33.42,35.34,77577,267425581.0,5.88,3.82,1.3,20.83
78,2015-10-23,35.2,36.15,35.02,35.93,62940,223687826.0,3.2,1.67,0.59,16.9
79,2015-10-26,36.35,36.98,35.21,36.24,63331,228865960.0,4.93,0.86,0.31,17.0
80,2015-10-27,35.76,36.6,34.0,36.32,55618,195191383.0,7.17,0.22,0.08,14.93
81,2015-10-28,35.76,36.41,34.5,34.67,41299,146732311.0,5.26,-4.54,-1.65,11.09
82,2015-10-29,34.91,36.38,34.6,35.83,51776,185132772.0,5.13,3.35,1.16,13.9
83,2015-10-30,35.77,36.98,34.71,36.62,64750,233840122.0,6.34,2.2,0.79,17.38
84,2015-11-02,35.66,40.28,34.89,40.28,123514,488100928.0,14.72,9.99,3.66,33.16
85,2015-11-10,44.31,44.31,44.31,44.31,2771,12278301.0,0.0,10.0,4.03,0.74
86,2015-11-11,48.74,48.74,45.95,48.74,161008,774674192.0,6.3,10.0,4.43,43.22
87,2015-11-12,49.97,53.5,47.27,49.28,176187,879136368.0,12.78,1.11,0.54,47.3
88,2015-11-13,47.8,52.5,46.78,48.5,140859,702709744.0,11.61,-1.58,-0.78,37.81
89,2015-11-16,47.9,49.94,45.48,48.66,86553,413507008.0,9.2,0.33,0.16,23.24
90,2015-11-17,48.9,53.53,48.23,52.93,159866,827105664.0,10.89,8.78,4.27,42.92
91,2015-11-18,52.5,52.5,47.64,47.64,107673,531150016.0,9.18,-9.99,-5.29,28.91
92,2015-11-19,47.63,49.13,45.35,48.6,88322,416708880.0,7.93,2.02,0.96,23.71
93,2015-11-20,48.87,49.13,46.8,47.51,78215,374610064.0,4.79,-2.24,-1.09,21.0
94,2015-11-23,47.0,47.0,44.7,44.92,71244,324631136.0,4.84,-5.45,-2.59,19.13
95,2015-11-24,44.85,47.88,44.8,47.2,64305,298839600.0,6.86,5.08,2.28,17.26
96,2015-11-25,47.13,48.48,46.02,47.51,67236,321065072.0,5.21,0.66,0.31,18.05
97,2015-11-26,48.0,52.26,48.0,49.96,127506,652020144.0,8.97,5.16,2.45,34.23
98,2015-11-27,48.0,48.95,45.0,45.35,86224,409017008.0,7.91,-9.23,-4.61,23.15
99,2015-11-30,45.35,49.65,44.95,48.98,80817,379539600.0,10.36,8.0,3.63,21.7
100,2015-12-01,48.12,51.52,46.6,48.45,87384,432679056.0,10.04,-1.08,-0.53,23.46
101,2015-12-02,47.0,48.0,44.2,46.2,54145,248544967.0,7.84,-4.64,-2.25,14.54
102,2015-12-03,46.39,49.37,46.39,48.85,67056,323216928.0,6.45,5.74,2.65,18.0
103,2015-12-04,48.88,51.45,48.04,51.15,98382,488318208.0,6.98,4.71,2.3,26.41
104,2015-12-07,50.3,51.0,49.2,50.02,56712,283251904.0,3.52,-2.21,-1.13,15.22
105,2015-12-08,50.1,55.0,49.5,51.4,114331,600947632.0,11.0,2.76,1.38,30.69
106,2015-12-09,51.26,51.73,47.31,48.29,80043,392757936.0,8.6,-6.05,-3.11,21.49
107,2015-12-10,48.0,49.18,46.8,47.29,45689,216681259.0,4.93,-2.07,-1.0,12.27
108,2015-12-11,46.98,47.8,46.28,46.75,28819,135262074.0,3.21,-1.14,-0.54,7.74
109,2015-12-14,45.6,48.2,45.18,47.95,28086,132054899.0,6.46,2.57,1.2,7.54
110,2015-12-15,48.0,48.48,46.93,47.25,29957,142657654.0,3.23,-1.46,-0.7,8.04
111,2015-12-16,47.36,50.47,47.36,49.22,55301,272483520.0,6.58,4.17,1.97,14.85
112,2015-12-17,49.67,52.0,49.01,51.5,65953,331031200.0,6.07,4.63,2.28,17.71
113,2015-12-18,51.0,52.48,49.5,50.03,53287,269926240.0,5.79,-2.85,-1.47,14.31
114,2015-12-21,50.03,52.0,48.52,51.0,51133,256685663.0,6.96,1.94,0.97,13.73
115,2015-12-22,51.51,54.63,51.5,53.3,78312,416093296.0,6.14,4.51,2.3,21.02
116,2015-12-23,52.39,55.48,51.58,53.15,84751,452989152.0,7.32,-0.28,-0.15,22.75
117,2015-12-24,53.01,54.55,51.61,54.24,54184,287453680.0,5.53,2.05,1.09,14.55
118,2015-12-25,55.0,56.58,51.11,52.0,68261,366772688.0,10.08,-4.13,-2.24,18.33
119,2015-12-28,51.4,51.91,49.0,49.0,55630,280713568.0,5.6,-5.77,-3.0,14.93
120,2015-12-29,48.9,49.71,48.5,49.68,26530,130570545.0,2.47,1.39,0.68,7.12
121,2015-12-30,49.68,50.26,48.95,49.52,24409,120802377.0,2.64,-0.32,-0.16,6.55
122,2015-12-31,49.9,49.92,47.8,47.81,27311,132911400.0,4.28,-3.45,-1.71,7.33
123,2016-01-04,47.87,47.87,43.03,43.03,29384,132301629.0,10.12,-10.0,-4.78,7.89
124,2016-01-05,39.99,42.94,38.74,40.72,36964,151624521.0,9.76,-5.37,-2.31,9.92
125,2016-01-06,41.82,42.63,41.2,42.5,32877,138324150.0,3.51,4.37,1.78,8.83
126,2016-01-07,41.35,41.39,38.25,38.25,9388,37059237.0,7.39,-10.0,-4.25,2.52
127,2016-01-08,38.5,40.74,35.01,38.86,33127,129050969.0,14.98,1.59,0.61,8.89
128,2016-01-11,37.79,39.8,35.59,36.0,31084,117661415.0,10.83,-7.36,-2.86,8.34
129,2016-01-12,36.36,37.56,35.5,36.75,26269,96012429.0,5.72,2.08,0.75,7.05
130,2016-01-13,36.99,37.71,35.08,35.51,20776,76528174.0,7.16,-3.37,-1.24,5.58
131,2016-01-14,34.21,37.4,33.6,37.15,26993,96927222.0,10.7,4.62,1.64,7.25
132,2016-01-15,37.05,37.5,34.4,34.92,25294,91217149.0,8.34,-6.0,-2.23,6.79
133,2016-01-18,33.75,36.3,33.65,35.67,20827,73545136.0,7.59,2.15,0.75,5.59
134,2016-01-19,35.55,37.1,35.22,37.05,24364,88622366.0,5.27,3.87,1.38,6.54
135,2016-01-20,36.8,37.84,36.5,37.14,28279,105383638.0,3.62,0.24,0.09,7.59
136,2016-01-21,36.02,37.9,35.0,35.0,25197,92475062.0,7.81,-5.76,-2.14,6.76
137,2016-01-22,35.82,36.47,34.45,35.9,20341,72159863.0,5.77,2.57,0.9,5.46
138,2016-01-25,36.34,37.12,36.02,36.4,18587,68113507.0,3.06,1.39,0.5,4.99
139,2016-01-26,36.08,36.08,32.76,32.76,25534,87547960.0,9.12,-10.0,-3.64,6.85
140,2016-01-27,32.7,33.0,30.02,32.12,21544,68041345.0,9.1,-1.95,-0.64,5.78
141,2016-01-28,31.2,32.44,29.0,29.0,19026,58167208.0,10.71,-9.71,-3.12,5.11
142,2016-01-29,28.8,30.8,28.8,30.44,18366,55177567.0,6.9,4.97,1.44,4.93
143,2016-02-01,30.09,30.71,29.52,30.05,14310,43227396.0,3.91,-1.28,-0.39,3.84
144,2016-02-02,30.05,31.68,30.01,31.44,20074,62624612.0,5.56,4.63,1.39,5.39
145,2016-02-03,31.0,31.64,30.8,31.42,14877,46374117.0,2.67,-0.06,-0.02,3.99
146,2016-02-04,31.55,33.55,31.5,33.1,26675,87364570.0,6.52,5.35,1.68,7.16
147,2016-02-05,33.33,33.33,32.5,32.51,15019,49256603.0,2.51,-1.78,-0.59,4.03
148,2016-02-15,31.0,32.18,30.5,31.9,14002,44065835.0,5.17,-1.88,-0.61,3.76
149,2016-02-16,32.17,33.36,32.15,33.27,18749,61965292.0,3.79,4.29,1.37,5.03
150,2016-02-17,33.95,35.58,33.95,35.39,38239,134138932.0,4.9,6.37,2.12,10.27
151,2016-02-18,35.1,35.6,34.81,35.15,27106,95365272.0,2.23,-0.68,-0.24,7.28
152,2016-02-19,34.8,38.67,34.8,37.22,43603,162359221.0,11.01,5.89,2.07,11.71
153,2016-02-22,40.0,40.8,38.3,39.03,68239,268934416.0,6.72,4.86,1.81,18.32
154,2016-02-23,38.59,40.0,38.59,39.08,41487,162755296.0,3.61,0.13,0.05,11.14
155,2016-02-24,39.0,39.05,36.67,38.0,38579,146182475.0,6.09,-2.76,-1.08,10.36
156,2016-02-25,37.75,37.78,34.2,34.23,35512,126709544.0,9.42,-9.92,-3.77,9.53
157,2016-02-26,35.61,35.97,34.72,35.35,31446,111443243.0,3.65,3.27,1.12,8.44
158,2016-02-29,34.5,34.88,31.9,32.29,24867,81557602.0,8.43,-8.66,-3.06,6.68
159,2016-03-01,32.8,34.0,32.0,33.47,21380,70523550.0,6.19,3.65,1.18,5.74
160,2016-03-02,33.01,35.73,33.01,35.57,25788,89234026.0,8.13,6.27,2.1,6.92
161,2016-03-03,35.58,37.2,35.09,36.4,34384,124936192.0,5.93,2.33,0.83,9.23
162,2016-03-04,35.8,36.15,33.33,33.7,28684,99595334.0,7.75,-7.42,-2.7,7.7
163,2016-03-07,34.99,35.79,34.02,34.79,18261,64081813.0,5.25,3.23,1.09,4.9
164,2016-03-08,34.78,34.99,32.0,34.99,21699,73256222.0,8.59,0.57,0.2,5.83
165,2016-03-09,34.02,34.72,33.23,33.69,13786,46856296.0,4.26,-3.72,-1.3,3.7
166,2016-03-10,33.88,34.24,33.05,33.15,11450,38525731.0,3.53,-1.6,-0.54,3.07
167,2016-03-11,32.83,33.98,32.5,33.6,12868,43109105.0,4.46,1.36,0.45,3.45
168,2016-03-14,34.36,35.85,34.18,35.31,24369,85937128.0,4.97,5.09,1.71,6.54
169,2016-03-15,35.31,35.5,34.4,34.55,16583,57878186.0,3.12,-2.15,-0.76,4.45
170,2016-03-16,34.86,35.21,34.07,34.18,12778,44237717.0,3.3,-1.07,-0.37,3.43
171,2016-03-17,34.56,35.68,34.21,35.58,25026,88100681.0,4.3,4.1,1.4,6.72
172,2016-03-18,35.67,37.58,35.67,37.16,37809,139160919.0,5.37,4.44,1.58,10.15
173,2016-03-21,37.22,37.93,37.17,37.73,32432,121601207.0,2.05,1.53,0.57,8.71
174,2016-03-22,37.05,39.92,37.0,38.87,45661,175983936.0,7.74,3.02,1.14,12.26
175,2016-03-23,42.76,42.76,42.76,42.76,17875,76434569.0,0.0,10.01,3.89,4.8
176,2016-03-24,47.04,47.04,47.04,47.04,24508,115287137.0,0.0,10.01,4.28,6.58
177,2016-03-25,51.74,51.74,50.88,51.74,125806,650309632.0,1.83,9.99,4.7,33.77
178,2016-03-28,53.0,53.5,49.05,49.67,126165,636891888.0,8.6,-4.0,-2.07,33.87
179,2016-03-29,50.0,50.28,46.71,47.88,82961,402668432.0,7.19,-3.6,-1.79,22.27
180,2016-03-30,48.25,51.11,48.05,50.43,108202,537953280.0,6.39,5.33,2.55,29.05
181,2016-03-31,50.4,52.51,49.7,49.98,107660,549477632.0,5.57,-0.89,-0.45,28.9
182,2016-04-01,49.5,52.06,48.22,51.63,86384,435487056.0,7.68,3.3,1.65,23.19
183,2016-04-05,51.99,56.79,50.88,56.79,99012,537063152.0,11.45,9.99,5.16,26.58
184,2016-04-06,56.5,61.44,56.0,59.02,108248,631236976.0,9.58,3.93,2.23,29.06
185,2016-04-07,59.0,64.5,58.19,62.46,99029,599689824.0,10.69,5.83,3.44,26.58
186,2016-04-08,60.88,61.5,58.2,59.1,73337,438799584.0,5.28,-5.38,-3.36,19.69
187,2016-04-11,62.5,63.11,57.12,57.57,102293,615458000.0,10.14,-2.59,-1.53,27.46
188,2016-04-12,57.0,60.14,53.8,57.91,113837,644748608.0,11.01,0.59,0.34,30.56
189,2016-04-13,57.3,60.53,56.48,58.27,88745,518423120.0,6.99,0.62,0.36,23.82
190,2016-04-14,58.28,58.6,55.94,56.79,72538,415173680.0,4.56,-2.54,-1.48,19.47
191,2016-04-15,27.1,30.04,26.85,27.99,224378,638418512.0,5.62,-50.71,-28.8,29.36
192,2016-04-18,27.23,27.51,25.86,26.35,138064,368693152.0,5.89,-5.86,-1.64,18.07
193,2016-04-19,26.8,26.86,25.5,25.85,105843,276049264.0,5.16,-1.9,-0.5,13.85
194,2016-04-20,26.3,26.59,23.27,23.77,161614,400899504.0,12.84,-8.05,-2.08,21.15
195,2016-04-21,23.77,23.99,22.7,22.7,117709,274330624.0,5.43,-4.5,-1.07,15.4
196,2016-04-22,22.68,23.8,22.63,23.45,99967,232105962.0,5.15,3.3,0.75,13.08
197,2016-04-25,22.8,22.98,22.0,22.92,84209,190258447.0,4.18,-2.26,-0.53,11.02
198,2016-04-26,23.2,25.21,23.0,25.21,138540,339526080.0,9.64,9.99,2.29,18.13
199,2016-04-27,26.0,26.36,25.0,25.51,219920,563192320.0,5.39,1.19,0.3,28.78
200,2016-04-28,25.13,27.39,25.13,26.3,197600,520744912.0,8.86,3.1,0.79,25.86
201,2016-04-29,25.72,26.8,25.22,25.64,128436,332093056.0,6.01,-2.51,-0.66,16.81
202,2016-05-03,25.18,26.25,24.75,26.22,134525,345115552.0,5.85,2.26,0.58,17.61
203,2016-05-04,25.98,26.08,25.45,25.61,110403,284242848.0,2.4,-2.33,-0.61,14.45
204,2016-05-05,25.41,27.86,25.21,27.38,200023,532164112.0,10.35,6.91,1.77,26.18
205,2016-05-06,27.0,27.37,25.61,25.67,169841,448988976.0,6.43,-6.25,-1.71,22.23
206,2016-05-09,25.01,25.1,23.5,24.29,94120,228850062.0,6.23,-5.38,-1.38,12.32
207,2016-05-10,24.35,24.74,23.83,24.2,51619,125312244.0,3.75,-0.37,-0.09,6.76
208,2016-05-11,24.58,25.2,24.07,24.52,81077,200117044.0,4.67,1.32,0.32,10.61
209,2016-05-12,23.66,24.38,22.8,23.94,64207,152151288.0,6.44,-2.37,-0.58,8.4
210,2016-05-13,23.65,24.94,23.65,24.19,73255,179376624.0,5.39,1.04,0.25,9.59
211,2016-05-16,24.31,24.86,24.1,24.85,61389,151069542.0,3.14,2.73,0.66,8.03
212,2016-05-17,24.89,25.0,23.9,24.37,72404,176671410.0,4.43,-1.93,-0.48,9.48
213,2016-05-18,23.96,24.15,22.9,23.04,67793,158647036.0,5.13,-5.46,-1.33,8.87
214,2016-05-19,23.14,23.69,22.8,23.05,55328,128579897.0,3.86,0.04,0.01,7.24
215,2016-05-20,22.55,23.25,22.5,23.23,51017,116426389.0,3.25,0.78,0.18,6.68
216,2016-05-23,23.45,23.8,23.25,23.58,53788,126610612.0,2.37,1.51,0.35,7.04
217,2016-05-24,23.61,25.02,23.38,24.59,119919,291436656.0,6.96,4.28,1.01,15.69
218,2016-05-25,24.63,25.08,23.87,24.21,88576,216554944.0,4.92,-1.55,-0.38,11.59
219,2016-05-26,24.02,24.24,23.28,24.1,59048,140212398.0,3.97,-0.45,-0.11,7.73
220,2016-05-27,24.0,24.65,23.9,24.19,61758,150259484.0,3.11,0.37,0.09,8.08
221,2016-05-30,24.18,24.18,23.3,23.52,46796,110540501.0,3.64,-2.77,-0.67,6.12
222,2016-05-31,23.52,24.78,23.52,24.78,89301,217924933.0,5.36,5.36,1.26,11.69
223,2016-06-01,24.9,27.0,24.9,26.29,154856,398169328.0,8.47,6.09,1.51,20.27
224,2016-06-02,25.72,26.7,25.71,26.39,114788,301217808.0,3.77,0.38,0.1,15.02
225,2016-06-03,26.5,26.78,26.02,26.21,93081,245215880.0,2.88,-0.68,-0.18,12.18
226,2016-06-06,26.21,26.37,25.36,25.7,77183,199268989.0,3.85,-1.95,-0.51,10.1
227,2016-06-07,25.58,27.4,25.58,27.38,149571,397038112.0,7.08,6.54,1.68,19.57
228,2016-06-08,27.11,27.11,26.25,26.39,112180,298744672.0,3.14,-3.62,-0.99,14.68
229,2016-06-13,25.6,26.01,24.0,24.15,89437,225923087.0,7.62,-8.49,-2.24,11.7
230,2016-06-14,23.68,24.38,23.31,23.85,67624,160856067.0,4.43,-1.24,-0.3,8.85
231,2016-06-15,23.31,25.1,23.3,24.63,69453,170081314.0,7.55,3.27,0.78,9.09
232,2016-06-16,24.5,24.99,24.4,24.55,60340,149334555.0,2.4,-0.32,-0.08,7.9
233,2016-06-17,24.57,25.17,24.11,24.44,53412,131842546.0,4.32,-0.45,-0.11,6.99
234,2016-06-20,24.43,24.6,23.7,24.21,61846,148950107.0,3.68,-0.94,-0.23,8.09
235,2016-06-21,24.33,26.63,24.33,25.73,196147,507319856.0,9.5,6.28,1.52,25.67
236,2016-06-22,25.2,25.65,24.4,25.65,133978,334416336.0,4.86,-0.31,-0.08,17.53
237,2016-06-23,25.4,25.4,24.59,24.85,95690,238932202.0,3.16,-3.12,-0.8,12.52
238,2016-06-24,24.88,25.32,23.2,24.45,95712,236516353.0,8.53,-1.61,-0.4,12.53
239,2016-06-27,23.8,25.05,23.8,24.9,72404,178500928.0,5.11,1.84,0.45,4.58
240,2016-06-28,24.8,25.68,24.7,25.5,89904,228173432.0,3.94,2.41,0.6,5.68
241,2016-06-29,25.74,25.8,25.13,25.61,89179,227074782.0,2.63,0.43,0.11,5.64
242,2016-06-30,25.2,25.38,24.81,25.03,71010,178177570.0,2.23,-2.26,-0.58,4.5
243,2016-07-01,25.14,26.18,25.14,25.8,114812,295097008.0,4.16,3.08,0.77,7.28
244,2016-07-04,25.2,25.89,25.01,25.85,120812,308185664.0,3.41,0.19,0.05,7.66
245,2016-07-05,25.78,26.62,25.52,25.75,122932,320085296.0,4.26,-0.39,-0.1,7.79
246,2016-07-06,25.52,25.59,25.14,25.48,87049,220837245.0,1.75,-1.05,-0.27,5.52
247,2016-07-07,25.59,25.59,24.61,24.93,117397,292866384.0,3.85,-2.16,-0.55,7.44
248,2016-07-08,24.81,25.08,24.66,24.95,56883,141595319.0,1.68,0.08,0.02,3.61
249,2016-07-11,25.0,25.1,24.68,24.73,65277,162163552.0,1.68,-0.88,-0.22,4.14
250,2016-07-12,24.61,24.8,23.98,24.45,97465,237075052.0,3.32,-1.13,-0.28,6.18
251,2016-07-13,24.52,24.67,24.22,24.63,67191,164326273.0,1.84,0.74,0.18,4.26
252,2016-07-14,24.56,24.9,24.49,24.82,63529,157042870.0,1.66,0.77,0.19,4.03
253,2016-07-15,24.82,24.96,24.32,24.52,51041,125656258.0,2.58,-1.21,-0.3,3.24
254,2016-07-18,24.53,24.78,24.21,24.75,46251,113331960.0,2.32,0.94,0.23,2.93
255,2016-07-19,24.78,24.8,24.22,24.52,65735,160801707.0,2.34,-0.93,-0.23,4.17
256,2016-07-20,24.53,24.89,24.32,24.73,59867,147534508.0,2.32,0.86,0.21,3.8
257,2016-07-21,24.73,24.78,24.45,24.55,49321,121379389.0,1.33,-0.73,-0.18,3.13
258,2016-07-22,24.55,24.66,24.15,24.18,51293,124709788.0,2.08,-1.51,-0.37,3.25
259,2016-07-25,24.17,24.3,23.92,23.96,47218,113774173.0,1.57,-0.91,-0.22,2.99
260,2016-07-26,23.96,24.27,23.92,24.21,33305,80465666.0,1.46,1.04,0.25,2.11
261,2016-07-27,24.23,24.3,22.27,22.76,86934,202831882.0,8.38,-5.99,-1.45,5.51
262,2016-07-28,22.65,23.05,22.36,22.93,42475,96737597.0,3.03,0.75,0.17,2.69
263,2016-07-29,22.93,22.97,22.53,22.94,32286,73516215.0,1.92,0.04,0.01,2.05
264,2016-08-01,22.74,22.74,22.0,22.19,37135,82497535.0,3.23,-3.27,-0.75,2.35
265,2016-08-02,22.25,22.37,22.11,22.27,18349,40780266.0,1.17,0.36,0.08,1.16
266,2016-08-03,22.26,22.35,22.15,22.25,21990,48943477.0,0.9,-0.09,-0.02,1.39
267,2016-08-04,22.15,22.99,22.15,22.91,45177,102280675.0,3.78,2.97,0.66,2.86
268,2016-08-05,22.8,23.14,22.58,22.66,36979,84411492.0,2.44,-1.09,-0.25,2.34
269,2016-08-08,22.79,22.79,22.4,22.7,21936,49530598.0,1.72,0.18,0.04,1.39
270,2016-08-09,22.7,22.96,22.7,22.89,25118,57387046.0,1.15,0.84,0.19,1.59
271,2016-08-10,22.86,23.0,22.72,22.76,24983,57014386.0,1.22,-0.57,-0.13,1.58
272,2016-08-11,22.62,22.9,22.35,22.36,31556,71228834.0,2.42,-1.76,-0.4,2.0
273,2016-08-12,22.37,22.51,22.29,22.44,21875,49002912.0,0.98,0.36,0.08,1.39
274,2016-08-15,22.36,22.94,22.35,22.77,52909,120048256.0,2.63,1.47,0.33,3.35
275,2016-08-16,22.79,23.09,22.72,22.9,54862,125562973.0,1.62,0.57,0.13,3.48
276,2016-08-17,22.85,23.25,22.76,23.1,58224,134075690.0,2.14,0.87,0.2,3.69
277,2016-08-18,23.2,23.22,22.78,22.84,49771,113989392.0,1.9,-1.13,-0.26,3.16
278,2016-08-19,23.0,23.5,22.95,23.28,71862,167537313.0,2.41,1.93,0.44,4.56
279,2016-08-22,23.32,23.43,22.83,23.01,48660,111957128.0,2.58,-1.16,-0.27,3.08
280,2016-08-23,23.05,23.05,22.73,22.9,28241,64583585.0,1.39,-0.48,-0.11,1.79
281,2016-08-24,22.92,22.98,22.78,22.82,24004,54800477.0,0.87,-0.35,-0.08,1.52
282,2016-08-25,22.7,22.75,22.32,22.48,31607,70953175.0,1.88,-1.49,-0.34,2.0
283,2016-08-26,22.51,22.76,22.48,22.52,25240,57040512.0,1.25,0.18,0.04,1.6
284,2016-08-29,22.51,22.78,22.45,22.61,25325,57412739.0,1.47,0.4,0.09,1.61
285,2016-08-30,22.6,22.75,22.56,22.61,23124,52358703.0,0.84,0.0,0.0,1.47
286,2016-08-31,22.69,22.76,22.4,22.61,27435,61898890.0,1.59,0.0,0.0,1.74
287,2016-09-01,22.63,22.73,22.44,22.51,31758,71595335.0,1.28,-0.44,-0.1,2.01
288,2016-09-02,22.4,22.51,22.25,22.32,22693,50735629.0,1.16,-0.84,-0.19,1.44
289,2016-09-05,22.33,22.47,22.25,22.26,21622,48297789.0,0.99,-0.27,-0.06,1.37
290,2016-09-06,22.26,22.56,22.11,22.5,35249,78945815.0,2.02,1.08,0.24,2.23
291,2016-09-07,22.5,22.54,22.31,22.35,28516,64020881.0,1.02,-0.67,-0.15,1.81
292,2016-09-08,22.44,22.44,22.2,22.29,28179,62816570.0,1.07,-0.27,-0.06,1.79
293,2016-09-09,22.31,22.33,22.16,22.18,24794,55092375.0,0.76,-0.49,-0.11,1.57
294,2016-09-12,22.0,22.0,21.05,21.08,48606,104234674.0,4.28,-4.96,-1.1,3.08
295,2016-09-13,21.19,21.77,21.1,21.75,24818,52908170.0,3.18,3.18,0.67,1.57
296,2016-09-14,21.48,21.7,21.26,21.5,17193,36790085.0,2.02,-1.15,-0.25,1.09
297,2016-09-19,21.3,21.85,21.29,21.64,15905,34456973.0,2.6,0.65,0.14,1.01
298,2016-09-20,21.58,21.8,21.36,21.75,20163,43446281.0,2.03,0.51,0.11,1.28
299,2016-09-21,21.67,21.88,21.57,21.69,17601,38289062.0,1.43,-0.28,-0.06,1.12
300,2016-09-22,21.79,21.98,21.65,21.89,24826,54103632.0,1.52,0.92,0.2,1.57
301,2016-09-23,21.86,22.1,21.82,22.04,29485,64740555.0,1.28,0.69,0.15,1.87
302,2016-09-26,22.0,22.0,21.51,21.52,20156,43929834.0,2.22,-2.36,-0.52,1.28
303,2016-09-27,21.58,21.68,21.3,21.57,14948,32061442.0,1.77,0.23,0.05,0.95
304,2016-09-28,21.5,21.57,21.35,21.43,10632,22783844.0,1.02,-0.65,-0.14,0.67
305,2016-09-29,21.5,21.58,21.3,21.35,12608,27058455.0,1.31,-0.37,-0.08,0.8
306,2016-09-30,21.35,21.52,21.31,21.46,8617,18471506.0,0.98,0.52,0.11,0.55
307,2016-10-10,21.9,21.94,21.71,21.85,25184,54997581.0,1.07,1.82,0.39,1.6
308,2016-10-11,21.99,21.99,21.8,21.86,17409,38065510.0,0.87,0.05,0.01,1.1
309,2016-10-12,21.8,22.05,21.68,21.85,17387,38036043.0,1.69,-0.05,-0.01,1.1
310,2016-10-13,21.85,21.97,21.67,21.75,17430,37908713.0,1.37,-0.46,-0.1,1.1
311,2016-10-14,21.71,23.0,21.36,22.54,98335,219866002.0,7.54,3.63,0.79,6.23
312,2016-10-17,22.45,22.47,22.01,22.06,46295,102995929.0,2.04,-2.13,-0.48,2.93
313,2016-10-18,22.07,22.24,22.0,22.2,27212,60244497.0,1.09,0.63,0.14,1.73
314,2016-10-19,22.2,22.42,22.12,22.21,27438,61046164.0,1.35,0.05,0.01,1.74
315,2016-10-20,22.18,22.37,22.03,22.27,26108,57940409.0,1.53,0.27,0.06,1.66
316,2016-10-21,22.41,22.43,22.04,22.22,30092,66885951.0,1.75,-0.22,-0.05,1.91
317,2016-10-31,22.8,23.58,22.61,22.63,110241,252678187.0,4.37,1.85,0.41,6.99
318,2016-11-01,22.4,22.62,22.12,22.47,57200,127779028.0,2.21,-0.71,-0.16,3.63
319,2016-11-02,22.45,23.08,22.2,22.8,72111,162688642.0,3.92,1.47,0.33,4.57
320,2016-11-03,22.6,23.9,22.53,23.74,180317,421852912.0,6.01,4.12,0.94,11.43
321,2016-11-04,23.59,24.24,22.75,22.89,165219,384295472.0,6.28,-3.58,-0.85,10.47
322,2016-11-07,22.75,22.78,22.19,22.39,68471,153379338.0,2.58,-2.18,-0.5,4.34
323,2016-11-08,22.5,22.75,22.4,22.51,41603,93810658.0,1.56,0.54,0.12,2.64
324,2016-11-09,22.45,22.58,22.0,22.18,58596,130433504.0,2.58,-1.47,-0.33,3.71
325,2016-11-10,22.35,22.52,22.19,22.4,40703,91087534.0,1.49,0.99,0.22,2.58
326,2016-11-11,22.33,22.4,22.18,22.28,41121,91495378.0,0.98,-0.54,-0.12,2.61
327,2016-11-14,22.25,22.51,22.21,22.39,39786,89065218.0,1.35,0.49,0.11,2.52
328,2016-11-15,22.5,22.5,22.26,22.49,36925,82701950.0,1.07,0.45,0.1,2.34
329,2016-11-16,22.5,23.06,22.43,22.95,96775,221037772.0,2.8,2.05,0.46,6.14
330,2016-11-17,22.99,23.09,22.3,22.84,63070,142812839.0,3.44,-0.48,-0.11,4.0
331,2016-11-18,22.73,22.8,22.45,22.51,33039,74702531.0,1.53,-1.44,-0.33,2.09
332,2016-11-21,22.56,22.65,22.43,22.59,31159,70227768.0,0.98,0.36,0.08,1.98
333,2016-11-22,22.59,23.01,22.51,22.84,77772,177310770.0,2.21,1.11,0.25,4.93
334,2016-11-23,22.9,22.9,22.4,22.45,49757,112815293.0,2.19,-1.71,-0.39,3.15
335,2016-11-24,22.46,22.84,22.35,22.39,40272,90877852.0,2.18,-0.27,-0.06,2.55
336,2016-11-25,22.33,22.39,21.58,22.13,49827,109453526.0,3.62,-1.16,-0.26,3.16
337,2016-11-28,22.29,22.45,21.93,22.26,37101,82488939.0,2.35,0.59,0.13,2.35
338,2016-11-29,22.17,22.35,21.95,21.97,32369,71550227.0,1.8,-1.3,-0.29,2.05
339,2016-11-30,21.75,22.07,21.75,21.9,18292,40088183.0,1.46,-0.32,-0.07,1.16
340,2016-12-01,21.9,21.96,21.56,21.69,37688,81853577.0,1.83,-0.96,-0.21,2.39
341,2016-12-02,21.69,21.69,21.25,21.29,30468,65198773.0,2.03,-1.84,-0.4,1.93
342,2016-12-05,21.12,21.48,21.1,21.29,16980,36201961.0,1.78,0.0,0.0,1.08
343,2016-12-06,21.22,22.43,21.22,22.0,60459,132857628.0,5.68,3.33,0.71,3.83
344,2016-12-07,21.99,22.13,21.75,21.99,22736,49772599.0,1.73,-0.05,-0.01,1.44
345,2016-12-08,21.9,22.01,21.69,21.7,15897,34659958.0,1.46,-1.32,-0.29,1.01
346,2016-12-09,21.69,21.88,21.5,21.5,15016,32505807.0,1.75,-0.92,-0.2,0.95
347,2016-12-12,21.39,21.72,20.54,20.54,37275,78616169.0,5.49,-4.47,-0.96,2.36
348,2016-12-13,20.56,20.66,20.08,20.41,19088,38870801.0,2.82,-0.63,-0.13,1.21
349,2016-12-14,20.39,20.53,20.21,20.39,16035,32710937.0,1.57,-0.1,-0.02,1.02
350,2016-12-15,20.28,20.85,20.25,20.52,15395,31647436.0,2.94,0.64,0.13,0.98
351,2016-12-16,20.46,20.83,20.46,20.75,16967,35103931.0,1.8,1.12,0.23,1.08
352,2016-12-19,20.75,21.27,20.56,21.13,34239,72003897.0,3.42,1.83,0.38,2.17
353,2016-12-20,21.11,22.2,20.85,21.85,39037,83973813.0,6.39,3.41,0.72,2.47
354,2016-12-21,21.65,22.0,21.64,21.84,28590,62410864.0,1.65,-0.05,-0.01,1.81
355,2016-12-22,21.7,21.89,21.12,21.19,28265,60666601.0,3.53,-2.98,-0.65,1.79
356,2016-12-23,21.11,21.4,20.7,20.76,21826,45835035.0,3.3,-2.03,-0.43,1.38
357,2016-12-26,20.7,21.03,20.46,20.9,12692,26324105.0,2.75,0.67,0.14,0.8
358,2016-12-27,20.9,20.95,20.67,20.7,11488,23854123.0,1.34,-0.96,-0.2,0.73
359,2016-12-28,20.77,20.86,20.39,20.47,16189,33304774.0,2.27,-1.11,-0.23,1.03
360,2016-12-29,20.42,20.7,20.42,20.51,9608,19758073.0,1.37,0.2,0.04,0.61
361,2016-12-30,20.55,20.6,20.4,20.57,11175,22932790.0,0.98,0.29,0.06,0.71
362,2017-01-03,20.58,20.86,20.58,20.79,11742,24386785.0,1.36,1.07,0.22,0.74
363,2017-01-04,20.79,20.98,20.65,20.92,13628,28430151.0,1.59,0.63,0.13,0.86
364,2017-01-05,20.98,21.4,20.79,20.81,15718,32930059.0,2.92,-0.53,-0.11,1.0
365,2017-01-06,20.78,20.81,20.46,20.51,15123,31136343.0,1.68,-1.44,-0.3,0.96
366,2017-01-09,20.65,20.94,20.51,20.93,21016,43813954.0,2.1,2.05,0.42,1.33
367,2017-01-10,20.92,21.5,20.7,21.4,30346,64020069.0,3.82,2.25,0.47,1.92
368,2017-01-11,21.2,21.25,20.94,20.97,17413,36691407.0,1.45,-2.01,-0.43,1.1
369,2017-01-12,20.97,21.07,20.63,20.66,11632,24224457.0,2.1,-1.48,-0.31,0.74
370,2017-01-13,20.66,20.76,20.17,20.31,14860,30437224.0,2.86,-1.69,-0.35,0.94
371,2017-01-16,20.22,20.37,18.28,18.98,31588,61150139.0,10.29,-6.55,-1.33,2.0
372,2017-01-17,18.95,19.15,18.31,19.0,15872,29805985.0,4.43,0.11,0.02,1.01
373,2017-01-18,19.0,19.09,18.81,18.95,8874,16837377.0,1.47,-0.26,-0.05,0.56
374,2017-01-19,18.9,19.8,18.88,19.38,30127,58080220.0,4.85,2.27,0.43,1.91
375,2017-01-20,19.2,19.66,19.12,19.4,15840,30716182.0,2.79,0.1,0.02,1.0
376,2017-01-23,19.4,19.6,19.37,19.52,12291,23943671.0,1.19,0.62,0.12,0.78
377,2017-01-24,19.51,19.51,19.2,19.23,8806,16997001.0,1.59,-1.49,-0.29,0.56
378,2017-01-25,19.31,19.4,19.04,19.29,7083,13630256.0,1.87,0.31,0.06,0.45
379,2017-01-26,19.37,19.38,19.2,19.35,6753,13058640.0,0.93,0.31,0.06,0.43
380,2017-02-03,19.35,19.5,19.15,19.4,7288,14088587.0,1.81,0.26,0.05,0.46
381,2017-02-06,19.45,19.96,19.45,19.92,22835,45215836.0,2.63,2.68,0.52,1.45
382,2017-02-07,19.86,20.08,19.72,19.79,14459,28761086.0,1.81,-0.65,-0.13,0.92
383,2017-02-08,19.79,19.87,19.61,19.82,11024,21777559.0,1.31,0.15,0.03,0.7
384,2017-02-09,19.82,19.98,19.76,19.94,12593,25031215.0,1.11,0.61,0.12,0.8
385,2017-02-10,19.95,19.99,19.75,19.75,12623,25020068.0,1.2,-0.95,-0.19,0.8
386,2017-02-13,19.74,19.9,19.68,19.82,10864,21520580.0,1.11,0.35,0.07,0.69
387,2017-02-14,19.71,19.85,19.5,19.61,15483,30453738.0,1.77,-1.06,-0.21,0.98
388,2017-02-15,19.58,19.92,19.43,19.45,22306,43816796.0,2.5,-0.82,-0.16,1.41
389,2017-02-16,19.42,19.51,19.1,19.26,24269,46856242.0,2.11,-0.98,-0.19,1.54
390,2017-02-17,19.26,19.33,19.1,19.2,15364,29534493.0,1.19,-0.31,-0.06,0.97
391,2017-02-20,19.19,19.33,19.1,19.31,15190,29153642.0,1.2,0.57,0.11,0.96
392,2017-02-21,19.31,19.46,19.25,19.43,13560,26293447.0,1.09,0.62,0.12,0.86
393,2017-02-22,19.44,19.56,19.37,19.5,13732,26752293.0,0.98,0.36,0.07,0.87
394,2017-02-23,19.6,19.63,19.44,19.6,17249,33694545.0,0.97,0.51,0.1,1.09
395,2017-02-24,19.66,19.79,19.52,19.75,18827,37018180.0,1.38,0.77,0.15,1.19
396,2017-02-27,19.83,20.15,19.56,19.65,24401,48461062.0,2.99,-0.51,-0.1,1.55
397,2017-02-28,19.22,19.53,19.2,19.44,21957,42558300.0,1.68,-1.07,-0.21,1.39
398,2017-03-01,19.44,19.56,19.32,19.36,15060,29251077.0,1.23,-0.41,-0.08,0.95
399,2017-03-02,19.32,19.42,19.2,19.22,15016,28972298.0,1.14,-0.72,-0.14,0.95
400,2017-03-03,19.14,19.51,19.14,19.49,17950,34683629.0,1.93,1.4,0.27,1.14
401,2017-03-06,19.45,19.56,19.32,19.55,16432,32014859.0,1.23,0.31,0.06,1.04
402,2017-03-07,19.59,19.81,19.54,19.73,22318,43904071.0,1.38,0.92,0.18,1.41
403,2017-03-08,19.8,19.8,19.33,19.38,25206,49094770.0,2.38,-1.77,-0.35,1.6
404,2017-03-09,19.42,19.47,19.17,19.19,17190,33072338.0,1.55,-0.98,-0.19,1.09
405,2017-03-10,19.19,19.39,19.19,19.27,13064,25209116.0,1.04,0.42,0.08,0.83
406,2017-03-13,19.24,19.29,19.02,19.26,14638,28058068.0,1.4,-0.05,-0.01,0.93
407,2017-03-14,19.21,19.39,19.18,19.24,13424,25847442.0,1.09,-0.1,-0.02,0.85
408,2017-03-15,18.87,18.88,17.8,18.24,113656,206935555.0,5.61,-5.2,-1.0,7.21
409,2017-03-16,18.05,18.31,18.0,18.23,46582,84591150.0,1.7,-0.05,-0.01,2.95
410,2017-03-17,18.21,18.38,18.17,18.24,39626,72346170.0,1.15,0.05,0.01,2.51
411,2017-03-20,18.16,18.16,17.98,18.06,34947,63079745.0,0.99,-0.99,-0.18,2.18
412,2017-03-21,18.06,18.16,18.02,18.08,23950,43321987.0,0.78,0.11,0.02,1.5
413,2017-03-22,18.09,18.09,17.83,17.92,32348,57909216.0,1.44,-0.88,-0.16,2.02
414,2017-03-23,17.92,17.98,17.81,17.87,23535,42070578.0,0.95,-0.28,-0.05,1.47
415,2017-03-24,17.87,18.02,17.81,17.95,23101,41368387.0,1.18,0.45,0.08,1.44
416,2017-03-27,17.9,17.9,16.57,16.99,317524,537248080.0,7.41,-5.35,-0.96,19.83
417,2017-03-28,16.78,17.48,16.71,17.23,194228,331835184.0,4.53,1.41,0.24,12.13
418,2017-03-29,17.17,18.19,17.1,17.95,251534,444584656.0,6.33,4.18,0.72,15.71
419,2017-03-30,18.0,18.08,17.21,17.44,138924,244677232.0,4.85,-2.84,-0.51,8.68
420,2017-03-31,17.4,17.93,16.9,17.69,156373,272500144.0,5.91,1.43,0.25,9.77
421,2017-04-05,17.45,18.48,17.36,18.25,211276,380275984.0,6.33,3.17,0.56,13.19
422,2017-04-06,18.2,18.2,17.85,18.0,138185,248415062.0,1.92,-1.37,-0.25,8.63
423,2017-04-07,17.8,17.87,17.38,17.43,99587,175170809.0,2.72,-3.17,-0.57,6.22
424,2017-04-10,17.26,17.26,16.18,16.27,144281,240450477.0,6.2,-6.66,-1.16,9.01
425,2017-04-11,16.23,16.52,15.88,16.51,138277,224660727.0,3.93,1.48,0.24,8.64
426,2017-04-12,16.51,16.62,16.31,16.45,80896,133151295.0,1.88,-0.36,-0.06,5.05
427,2017-04-13,16.38,17.08,16.35,16.91,153611,257014161.0,4.44,2.8,0.46,9.59
428,2017-04-14,16.8,16.85,16.26,16.5,101466,167556234.0,3.49,-2.42,-0.41,6.34
429,2017-04-17,16.2,16.69,16.01,16.45,64617,105763464.0,4.12,-0.3,-0.05,4.04
430,2017-04-18,16.46,16.5,15.03,15.45,133539,210977904.0,8.94,-6.08,-1.0,8.34
431,2017-04-19,15.4,15.4,14.53,14.79,73515,109525215.0,5.63,-4.27,-0.66,4.59
432,2017-04-20,14.75,14.89,14.54,14.65,41625,61252946.0,2.37,-0.95,-0.14,2.6
433,2017-04-21,14.7,14.8,14.54,14.65,34667,50832012.0,1.77,0.0,0.0,2.16
434,2017-04-24,14.66,14.7,13.98,13.99,35390,50050713.0,4.91,-4.51,-0.66,2.21
435,2017-04-25,13.93,14.16,13.88,14.0,34761,48742594.0,2.0,0.07,0.01,2.17
436,2017-04-26,14.04,14.06,13.91,13.99,27481,38387198.0,1.07,-0.07,-0.01,1.72
437,2017-04-27,13.9,13.94,13.26,13.94,54855,74617979.0,4.86,-0.36,-0.05,3.43
438,2017-04-28,13.75,13.94,13.72,13.91,31528,43547676.0,1.58,-0.22,-0.03,1.97
439,2017-05-02,13.89,14.07,13.75,14.04,31489,43870272.0,2.3,0.93,0.13,1.97
440,2017-05-03,14.05,14.07,13.85,13.94,28885,40257643.0,1.57,-0.71,-0.1,1.8
441,2017-05-04,13.9,13.96,13.71,13.89,27625,38208154.0,1.79,-0.36,-0.05,1.73
442,2017-05-05,13.86,13.86,13.48,13.48,33836,46158782.0,2.74,-2.95,-0.41,2.11
443,2017-05-08,13.4,13.44,13.02,13.02,39179,51793907.0,3.12,-3.41,-0.46,2.45
444,2017-05-09,13.2,13.36,13.01,13.29,30398,40254036.0,2.69,2.07,0.27,1.9
445,2017-05-10,13.29,13.35,13.03,13.03,31558,41729592.0,2.41,-1.96,-0.26,1.97
446,2017-05-11,12.95,12.95,12.3,12.66,49415,62291039.0,4.99,-2.84,-0.37,3.09
447,2017-05-12,12.64,12.67,12.35,12.42,34621,43158349.0,2.53,-1.9,-0.24,2.16
448,2017-05-15,12.42,13.66,12.42,13.66,110965,146993790.0,9.98,9.98,1.24,6.93
449,2017-05-16,13.52,13.81,13.28,13.79,101789,137888325.0,3.88,0.95,0.13,6.36
450,2017-05-17,13.65,13.75,13.52,13.59,70911,96430151.0,1.67,-1.45,-0.2,4.43
451,2017-05-18,13.57,13.64,13.3,13.37,44790,60303910.0,2.5,-1.62,-0.22,2.8
452,2017-05-19,13.33,13.47,13.14,13.16,36951,49113353.0,2.47,-1.57,-0.21,2.31
453,2017-05-22,13.11,13.52,13.1,13.17,41605,55247334.0,3.19,0.08,0.01,2.6
454,2017-05-23,13.1,13.25,12.53,12.66,43484,55590975.0,5.47,-3.87,-0.51,2.72
455,2017-05-24,12.52,12.87,12.36,12.86,35758,45375520.0,4.03,1.58,0.2,2.23
456,2017-05-25,12.8,13.05,12.53,13.01,34886,44864965.0,4.04,1.17,0.15,2.18
457,2017-05-26,13.01,13.07,12.83,12.95,29653,38442693.0,1.84,-0.46,-0.06,1.85
458,2017-05-31,13.1,13.2,12.81,12.88,27210,35462284.0,3.01,-0.54,-0.07,1.7
459,2017-06-01,12.83,12.83,12.37,12.37,32714,41096783.0,3.57,-3.96,-0.51,2.04
460,2017-06-02,12.11,12.58,12.11,12.54,31204,38472508.0,3.8,1.37,0.17,1.95
461,2017-06-05,12.54,12.73,12.54,12.66,20604,26019090.0,1.52,0.96,0.12,1.29
462,2017-06-06,12.65,12.77,12.55,12.74,19191,24316785.0,1.74,0.63,0.08,1.2
463,2017-06-07,12.74,13.1,12.72,13.03,36804,47612709.0,2.98,2.28,0.29,2.3
464,2017-06-08,13.01,13.19,12.93,13.03,36523,47708869.0,2.0,0.0,0.0,2.28
465,2017-06-09,13.09,13.09,12.85,12.99,26827,34703339.0,1.84,-0.31,-0.04,1.68
466,2017-06-12,12.9,12.97,12.62,12.64,23680,30271056.0,2.69,-2.69,-0.35,1.48
467,2017-06-13,12.56,13.08,12.55,12.99,29097,37455615.0,4.19,2.77,0.35,1.82
468,2017-06-14,12.92,13.78,12.91,13.41,87063,116975324.0,6.7,3.23,0.42,5.44
469,2017-06-15,13.38,13.67,13.3,13.47,60280,81094385.0,2.76,0.45,0.06,3.76
470,2017-06-16,13.52,13.69,13.36,13.44,37101,50110285.0,2.45,-0.22,-0.03,2.32
471,2017-06-19,13.44,13.53,13.37,13.48,30023,40365382.0,1.19,0.3,0.04,1.87
472,2017-06-20,13.57,13.57,13.32,13.36,27488,36904044.0,1.85,-0.89,-0.12,1.72
473,2017-06-21,13.36,13.41,13.15,13.25,29634,39263555.0,1.95,-0.82,-0.11,1.85
474,2017-06-22,13.24,13.43,13.11,13.11,35075,46630229.0,2.42,-1.06,-0.14,2.19
475,2017-06-23,13.04,13.07,12.62,12.92,36673,47299859.0,3.43,-1.45,-0.19,2.29
476,2017-06-26,12.86,13.2,12.77,13.18,37358,48467082.0,3.33,2.01,0.26,2.33
477,2017-06-27,13.18,13.28,13.13,13.26,23626,31196593.0,1.14,0.61,0.08,1.48
478,2017-06-28,13.25,13.25,13.08,13.12,16463,21637046.0,1.28,-1.06,-0.14,1.03
479,2017-06-29,13.25,13.5,13.16,13.18,20764,27603055.0,2.59,0.46,0.06,1.3
480,2017-06-30,13.11,13.45,13.06,13.45,19156,25219291.0,2.96,2.05,0.27,1.18
481,2017-07-03,13.3,13.5,13.3,13.47,27832,37388863.0,1.49,0.15,0.02,1.72
482,2017-07-04,13.49,13.49,13.17,13.24,28332,37671835.0,2.38,-1.71,-0.23,1.75
483,2017-07-05,13.29,13.34,13.21,13.33,22281,29603060.0,0.98,0.68,0.09,1.38
484,2017-07-06,13.29,13.43,13.16,13.21,34996,46448484.0,2.03,-0.9,-0.12,2.16
485,2017-07-07,13.2,13.32,13.12,13.24,25116,33151686.0,1.51,0.23,0.03,1.55
486,2017-07-10,13.26,14.39,13.25,14.02,172790,241415395.0,8.61,5.89,0.78,10.68
487,2017-07-11,13.85,13.92,13.62,13.71,90862,125029323.0,2.14,-2.21,-0.31,5.62
488,2017-07-12,13.64,13.77,13.4,13.73,58228,79070492.0,2.7,0.15,0.02,3.6
489,2017-07-13,13.71,14.18,13.65,14.16,93627,130648018.0,3.86,3.13,0.43,5.79
490,2017-07-14,14.09,14.29,13.96,14.1,62184,87667524.0,2.33,-0.42,-0.06,3.84
491,2017-07-17,14.1,14.1,12.69,12.78,92222,121596853.0,10.0,-9.36,-1.32,5.7
492,2017-07-18,12.59,12.62,12.14,12.52,76609,94833954.0,3.76,-2.03,-0.26,4.74
493,2017-07-19,12.39,12.57,12.21,12.5,43258,53789096.0,2.88,-0.16,-0.02,2.67
494,2017-07-20,12.45,12.69,12.43,12.46,38053,47778219.0,2.08,-0.32,-0.04,2.35
495,2017-07-21,12.4,12.48,12.3,12.35,33953,42000193.0,1.44,-0.88,-0.11,2.1
496,2017-07-24,12.34,12.5,12.22,12.44,26778,33150911.0,2.27,0.73,0.09,1.66
497,2017-07-25,12.43,12.79,12.42,12.65,42189,53283227.0,2.97,1.69,0.21,2.61
498,2017-07-26,12.72,12.72,12.5,12.53,23143,29088812.0,1.74,-0.95,-0.12,1.43
499,2017-07-27,12.51,12.88,12.41,12.8,43720,55435939.0,3.75,2.15,0.27,2.7
500,2017-07-28,12.8,12.96,12.71,12.73,22543,28843809.0,1.95,-0.55,-0.07,1.39
501,2017-07-31,12.68,12.89,12.68,12.78,28178,35948959.0,1.65,0.39,0.05,1.74
502,2017-08-01,12.78,12.84,12.64,12.73,27983,35652717.0,1.56,-0.39,-0.05,1.73
503,2017-08-02,12.71,12.71,12.51,12.51,28742,36126355.0,1.57,-1.73,-0.22,1.78
504,2017-08-03,12.5,12.63,12.46,12.57,19611,24598752.0,1.36,0.48,0.06,1.21
505,2017-08-04,12.52,12.56,12.45,12.45,25554,31901444.0,0.88,-0.95,-0.12,1.58
506,2017-08-07,12.42,12.58,12.42,12.56,17354,21708881.0,1.29,0.88,0.11,1.07
507,2017-08-08,12.56,12.87,12.45,12.81,40774,51768371.0,3.34,1.99,0.25,2.52
508,2017-08-09,12.77,12.8,12.66,12.74,24973,31721342.0,1.09,-0.55,-0.07,1.54
509,2017-08-10,12.73,12.77,12.5,12.55,26691,33710299.0,2.12,-1.49,-0.19,1.65
510,2017-08-11,12.48,12.55,12.39,12.41,21334,26604084.0,1.27,-1.12,-0.14,1.32
511,2017-08-14,12.43,12.61,12.43,12.58,15579,19559006.0,1.45,1.37,0.17,0.96
512,2017-08-15,12.58,12.72,12.55,12.65,18582,23470380.0,1.35,0.56,0.07,1.15
513,2017-08-16,12.63,12.81,12.63,12.79,32461,41382860.0,1.42,1.11,0.14,2.01
514,2017-08-17,12.77,12.83,12.67,12.8,31449,40118497.0,1.25,0.08,0.01,1.94
515,2017-08-18,12.74,13.15,12.68,12.94,54180,70080995.0,3.67,1.09,0.14,3.35
516,2017-08-21,12.96,12.98,12.83,12.93,28600,36914266.0,1.16,-0.08,-0.01,1.77
517,2017-08-22,12.94,13.09,12.87,12.93,27062,35070429.0,1.7,0.0,0.0,1.26
518,2017-08-23,12.9,12.97,12.72,12.81,19637,25194263.0,1.93,-0.93,-0.12,0.91
519,2017-08-24,12.8,12.81,12.58,12.61,23594,29955047.0,1.8,-1.56,-0.2,1.1
520,2017-08-25,12.6,12.78,12.59,12.77,21683,27596689.0,1.51,1.27,0.16,1.01
521,2017-08-28,12.85,12.96,12.77,12.91,33333,42978113.0,1.49,1.1,0.14,1.55
522,2017-08-29,12.92,13.01,12.87,12.92,33202,42935655.0,1.08,0.08,0.01,1.54
523,2017-08-30,12.93,13.11,12.93,12.96,35024,45519317.0,1.39,0.31,0.04,1.63
524,2017-08-31,12.94,13.15,12.91,13.14,42781,55817476.0,1.85,1.39,0.18,1.99
525,2017-09-01,13.14,13.18,13.02,13.13,30283,39594525.0,1.22,-0.08,-0.01,1.41
526,2017-09-04,13.14,13.15,13.03,13.07,27937,36550398.0,0.91,-0.46,-0.06,1.3
527,2017-09-05,13.1,13.15,13.04,13.12,26313,34426372.0,0.84,0.38,0.05,1.22
528,2017-09-06,13.14,13.43,13.08,13.31,61778,82267421.0,2.67,1.45,0.19,2.87
529,2017-09-07,13.27,13.54,13.25,13.34,54590,73126811.0,2.18,0.23,0.03,2.53
530,2017-09-08,13.3,13.45,13.3,13.43,34214,45802195.0,1.12,0.67,0.09,1.59
531,2017-09-11,13.43,13.57,13.36,13.44,31128,41905354.0,1.56,0.07,0.01,1.44
532,2017-09-12,13.46,13.54,13.15,13.21,47124,62629952.0,2.9,-1.71,-0.23,2.19
533,2017-09-13,13.21,13.31,13.15,13.27,21579,28603736.0,1.21,0.45,0.06,1.0
534,2017-09-14,13.25,13.25,13.15,13.2,24932,32879026.0,0.75,-0.53,-0.07,1.16
535,2017-09-15,13.2,13.39,13.17,13.28,28561,37953322.0,1.67,0.61,0.08,1.33
536,2017-09-18,13.29,13.38,13.25,13.3,25731,34259728.0,0.98,0.15,0.02,1.19
537,2017-09-19,13.3,13.37,13.11,13.15,26475,34925083.0,1.95,-1.13,-0.15,1.23
538,2017-09-20,13.17,13.29,13.1,13.28,21905,28900805.0,1.44,0.99,0.13,1.02
539,2017-09-21,13.27,13.32,13.1,13.11,22049,29143374.0,1.66,-1.28,-0.17,1.02
540,2017-09-22,13.09,13.14,12.94,12.98,25807,33574943.0,1.53,-0.99,-0.13,1.2
541,2017-09-25,12.98,12.99,12.69,12.72,24371,31280070.0,2.31,-2.0,-0.26,1.13
542,2017-09-26,12.69,12.82,12.63,12.74,16106,20512585.0,1.49,0.16,0.02,0.75
543,2017-09-27,12.71,12.82,12.71,12.81,12202,15599778.0,0.86,0.55,0.07,0.57
544,2017-09-28,12.8,12.87,12.7,12.7,14543,18585834.0,1.33,-0.86,-0.11,0.68
545,2017-09-29,12.84,12.98,12.8,12.94,21203,27349292.0,1.42,1.89,0.24,0.98
546,2017-10-09,13.06,13.11,13.02,13.04,16923,22099306.0,0.7,0.77,0.1,0.79
547,2017-10-10,13.04,13.43,13.01,13.33,36025,47795620.0,3.22,2.22,0.29,1.67
548,2017-10-11,13.2,13.4,13.12,13.33,37210,49422566.0,2.1,0.0,0.0,1.73
549,2017-10-12,13.24,13.31,13.15,13.21,23624,31232380.0,1.2,-0.9,-0.12,1.1
550,2017-10-13,13.15,13.27,13.14,13.27,21708,28646188.0,0.98,0.45,0.06,1.01
551,2017-10-16,13.27,13.65,13.16,13.19,54298,72808092.0,3.69,-0.6,-0.08,2.52
552,2017-10-17,13.1,13.1,12.82,12.92,32025,41324650.0,2.12,-2.05,-0.27,1.49
553,2017-10-18,12.91,13.11,12.8,12.84,25630,33188779.0,2.4,-0.62,-0.08,1.19
554,2017-10-19,12.8,12.84,12.51,12.65,36596,46429730.0,2.57,-1.48,-0.19,1.7
555,2017-10-20,12.65,12.79,12.64,12.75,13611,17310755.0,1.19,0.79,0.1,0.63
556,2017-10-23,12.7,12.75,12.64,12.74,21185,26897872.0,0.86,-0.08,-0.01,0.98
557,2017-10-24,12.76,12.78,12.6,12.68,13873,17596911.0,1.41,-0.47,-0.06,0.64
558,2017-10-25,12.69,12.72,12.61,12.72,14583,18487509.0,0.87,0.32,0.04,0.68
559,2017-10-26,12.72,12.88,12.65,12.85,22377,28516749.0,1.81,1.02,0.13,1.04
560,2017-10-27,12.8,12.85,12.7,12.82,17723,22636464.0,1.17,-0.23,-0.03,0.82
561,2017-10-30,12.85,12.88,12.38,12.65,23315,29320200.0,3.9,-1.33,-0.17,1.08
562,2017-10-31,12.62,12.82,12.57,12.71,17790,22543482.0,1.98,0.47,0.06,0.83
563,2017-11-01,12.7,12.75,12.61,12.62,17485,22170437.0,1.1,-0.71,-0.09,0.81
564,2017-11-02,12.66,12.66,12.41,12.41,20111,25107065.0,1.98,-1.66,-0.21,0.93
565,2017-11-03,12.48,12.48,12.22,12.37,17241,21293380.0,2.1,-0.32,-0.04,0.8
566,2017-11-06,12.37,12.47,12.3,12.42,9365,11610787.0,1.37,0.4,0.05,0.43
567,2017-11-07,12.41,12.48,12.36,12.43,10288,12758746.0,0.97,0.08,0.01,0.48
568,2017-11-08,12.44,12.52,12.37,12.49,16697,20804515.0,1.21,0.48,0.06,0.77
569,2017-11-09,12.79,12.91,12.58,12.66,32151,40870860.0,2.64,1.36,0.17,1.49
570,2017-11-10,12.61,12.74,12.52,12.67,24706,31182599.0,1.74,0.08,0.01,1.15
571,2017-11-13,12.65,12.81,12.58,12.64,23714,30118125.0,1.82,-0.24,-0.03,1.1
572,2017-11-14,12.64,12.64,12.34,12.4,21752,27103043.0,2.37,-1.9,-0.24,1.01
573,2017-11-15,12.4,12.43,12.28,12.39,17477,21585371.0,1.21,-0.08,-0.01,0.81
574,2017-11-16,12.41,12.41,12.28,12.33,9948,12257398.0,1.05,-0.48,-0.06,0.46
575,2017-11-17,12.36,12.36,11.88,12.13,39715,47861448.0,3.89,-1.62,-0.2,1.84
576,2017-11-20,12.12,12.13,11.52,11.87,19850,23438434.0,5.03,-2.14,-0.26,0.92
577,2017-11-21,11.81,12.04,11.75,11.97,16370,19435992.0,2.44,0.84,0.1,0.76
578,2017-11-22,11.98,12.01,11.7,11.93,13454,16005125.0,2.59,-0.33,-0.04,0.62
579,2017-11-23,11.89,11.93,11.63,11.86,18630,21920371.0,2.51,-0.59,-0.07,0.86
580,2017-11-24,11.74,11.91,11.7,11.91,14811,17508436.0,1.77,0.42,0.05,0.69
581,2017-11-27,11.86,11.9,11.73,11.89,16437,19441443.0,1.43,-0.17,-0.02,0.76
582,2017-11-28,11.84,11.9,11.77,11.88,11500,13605448.0,1.09,-0.08,-0.01,0.53
583,2017-11-29,11.88,11.89,11.71,11.86,13125,15464047.0,1.52,-0.17,-0.02,0.61
584,2017-11-30,11.8,11.8,11.59,11.8,20898,24453798.0,1.77,-0.51,-0.06,0.97
585,2017-12-01,11.7,12.12,11.65,11.9,24871,29512988.0,3.98,0.85,0.1,1.15
586,2017-12-04,11.84,11.85,11.64,11.64,13946,16371262.0,1.76,-2.18,-0.26,0.65
587,2017-12-05,11.57,11.66,11.12,11.22,30053,34008554.0,4.64,-3.61,-0.42,1.39
588,2017-12-06,11.17,11.24,10.85,11.09,34062,37432968.0,3.48,-1.16,-0.13,1.58
589,2017-12-07,11.05,11.05,10.9,11.03,20653,22652935.0,1.35,-0.54,-0.06,0.96
590,2017-12-08,10.8,11.7,10.79,11.34,59516,67251163.0,8.25,2.81,0.31,2.76
591,2017-12-11,11.3,11.45,11.22,11.3,29048,32868232.0,2.03,-0.35,-0.04,1.35
592,2017-12-12,11.31,11.4,11.12,11.16,22426,25219996.0,2.48,-1.24,-0.14,1.04
593,2017-12-13,11.16,11.29,11.11,11.2,33490,37573639.0,1.61,0.36,0.04,1.55
594,2017-12-14,11.2,11.35,11.13,11.3,32444,36621026.0,1.96,0.89,0.1,1.51
595,2017-12-15,11.34,11.34,11.17,11.17,15351,17209469.0,1.5,-1.15,-0.13,0.71
596,2017-12-18,11.18,11.45,11.13,11.45,37477,42509832.0,2.86,2.51,0.28,1.74
597,2017-12-19,11.4,11.46,11.32,11.37,17438,19822357.0,1.22,-0.7,-0.08,0.81
598,2017-12-20,11.37,11.39,11.15,11.24,14572,16370913.0,2.11,-1.14,-0.13,0.68
599,2017-12-21,11.3,11.32,11.1,11.18,11825,13229728.0,1.96,-0.53,-0.06,0.55
600,2017-12-22,11.19,11.22,11.0,11.04,16963,18831829.0,1.97,-1.25,-0.14,0.79
601,2017-12-25,10.91,11.04,10.7,10.9,18008,19548389.0,3.08,-1.27,-0.14,0.84
602,2017-12-26,10.88,10.96,10.82,10.92,12491,13611927.0,1.28,0.18,0.02,0.58
603,2017-12-27,10.85,10.95,10.82,10.82,8592,9358777.0,1.19,-0.92,-0.1,0.4
604,2017-12-28,10.87,10.9,10.69,10.75,12647,13657646.0,1.94,-0.65,-0.07,0.59
605,2017-12-29,10.78,11.17,10.74,11.05,26597,29104114.0,4.0,2.79,0.3,1.23
606,2018-01-02,11.0,11.03,10.92,11.0,15955,17492636.0,1.0,-0.45,-0.05,0.74
607,2018-01-03,10.98,11.18,10.97,11.09,18934,20958474.0,1.91,0.82,0.09,0.88
608,2018-01-04,11.1,11.1,10.97,10.98,20852,22970940.0,1.17,-0.99,-0.11,0.97
609,2018-01-05,10.98,11.05,10.96,11.02,12687,13974379.0,0.82,0.36,0.04,0.59
610,2018-01-08,11.08,11.09,10.98,11.03,15053,16597589.0,1.0,0.09,0.01,0.7
611,2018-01-09,11.02,11.05,10.97,10.99,13027,14340697.0,0.73,-0.36,-0.04,0.6
612,2018-01-10,10.98,10.98,10.79,10.86,16076,17498871.0,1.73,-1.18,-0.13,0.74
613,2018-01-11,10.83,10.96,10.76,10.92,12180,13241673.0,1.84,0.55,0.06,0.56
614,2018-01-12,10.95,10.96,10.87,10.88,8484,9252770.0,0.82,-0.37,-0.04,0.39
615,2018-01-15,10.88,10.88,10.52,10.54,24370,26004480.0,3.31,-3.13,-0.34,1.13
616,2018-01-16,10.5,10.67,10.5,10.62,14502,15344418.0,1.61,0.76,0.08,0.67
617,2018-01-17,10.63,10.64,10.45,10.58,18080,19059207.0,1.79,-0.38,-0.04,0.84
618,2018-01-18,10.53,10.64,10.53,10.61,13983,14811195.0,1.04,0.28,0.03,0.65
619,2018-01-19,10.6,10.83,10.58,10.63,19012,20352198.0,2.36,0.19,0.02,0.88
620,2018-01-22,10.63,10.71,10.53,10.67,10883,11578168.0,1.69,0.38,0.04,0.5
621,2018-01-23,10.65,10.8,10.65,10.77,17282,18580591.0,1.41,0.94,0.1,0.8
622,2018-01-24,10.72,10.75,10.53,10.73,21411,22806458.0,2.04,-0.37,-0.04,0.99
623,2018-01-25,10.69,10.83,10.67,10.74,20339,21895251.0,1.49,0.09,0.01,0.94
624,2018-01-26,10.73,11.11,10.71,10.92,41165,45065444.0,3.72,1.68,0.18,1.91
625,2018-01-29,10.9,10.95,10.71,10.84,17562,19007594.0,2.2,-0.73,-0.08,0.81
626,2018-01-30,10.81,10.95,10.66,10.77,12272,13246986.0,2.68,-0.65,-0.07,0.57
627,2018-01-31,10.7,10.76,10.18,10.24,30239,31529723.0,5.39,-4.92,-0.53,1.4
628,2018-02-01,10.22,10.32,9.77,9.85,31887,31723806.0,5.37,-3.81,-0.39,1.48
629,2018-02-02,9.83,9.92,9.4,9.81,20775,20023719.0,5.28,-0.41,-0.04,0.96
630,2018-02-05,9.7,10.06,9.7,9.88,18115,18006315.0,3.67,0.71,0.07,0.84
631,2018-02-06,9.68,9.68,9.25,9.25,21624,20536990.0,4.35,-6.38,-0.63,1.0
632,2018-02-07,9.45,9.54,9.12,9.31,15934,14896137.0,4.54,0.65,0.06,0.74
633,2018-02-08,9.38,9.47,9.26,9.39,9445,8858171.0,2.26,0.86,0.08,0.44
634,2018-02-09,9.19,9.19,8.94,9.0,19784,17939018.0,2.66,-4.15,-0.39,0.92
635,2018-02-12,9.03,9.22,9.03,9.18,10878,9947864.0,2.11,2.0,0.18,0.5
636,2018-02-13,9.21,9.29,9.17,9.17,9427,8694792.0,1.31,-0.11,-0.01,0.44
637,2018-02-14,9.17,9.23,9.08,9.15,6492,5947261.0,1.64,-0.22,-0.02,0.3
638,2018-02-22,9.19,9.3,9.19,9.25,8039,7437283.0,1.2,1.09,0.1,0.37
639,2018-02-23,9.25,10.14,9.19,9.66,41228,39854712.0,10.27,4.43,0.41,1.91
640,2018-02-26,9.68,9.78,9.54,9.73,28541,27586726.0,2.48,0.72,0.07,1.32
641,2018-02-27,9.74,9.74,9.57,9.61,19694,18997205.0,1.75,-1.23,-0.12,0.91
642,2018-02-28,9.55,9.65,9.51,9.57,13000,12461607.0,1.46,-0.42,-0.04,0.6
643,2018-03-01,9.52,9.76,9.51,9.69,18468,17811887.0,2.61,1.25,0.12,0.86
644,2018-03-02,9.64,9.95,9.61,9.75,25361,24754643.0,3.51,0.62,0.06,1.18
645,2018-03-05,9.81,9.95,9.67,9.84,21982,21564300.0,2.87,0.92,0.09,1.01
646,2018-03-06,9.85,9.99,9.79,9.88,18870,18632292.0,2.03,0.41,0.04,0.87
647,2018-03-07,9.87,9.94,9.76,9.78,15796,15576887.0,1.82,-1.01,-0.1,0.73
648,2018-03-08,9.81,9.85,9.74,9.83,11228,10990561.0,1.12,0.51,0.05,0.52
649,2018-03-09,9.87,10.02,9.78,10.0,26353,26240994.0,2.44,1.73,0.17,1.22
650,2018-03-12,9.99,10.26,9.99,10.13,29254,29603670.0,2.7,1.3,0.13,1.35
651,2018-03-13,10.12,10.3,10.06,10.11,21503,21838256.0,2.37,-0.2,-0.02,0.99
652,2018-03-14,10.12,10.12,9.91,9.91,18651,18635811.0,2.08,-1.98,-0.2,0.86
653,2018-03-15,9.93,10.09,9.8,9.86,18670,18492655.0,2.93,-0.5,-0.05,0.86
654,2018-03-16,9.8,10.08,9.74,9.85,15054,14883674.0,3.45,-0.1,-0.01,0.69
655,2018-03-19,9.85,9.97,9.73,9.88,16267,15995032.0,2.44,0.3,0.03,0.74
656,2018-03-20,9.82,9.85,9.73,9.81,14179,13885125.0,1.21,-0.71,-0.07,0.64
657,2018-03-21,9.81,9.97,9.8,9.84,21429,21206247.0,1.73,0.31,0.03,0.97
658,2018-03-22,9.81,10.15,9.81,10.01,32495,32431850.0,3.46,1.73,0.17,1.47
659,2018-03-23,9.8,10.72,9.67,10.22,126854,130626979.0,10.49,2.1,0.21,5.74
660,2018-03-26,10.34,10.47,9.68,10.25,100830,101945709.0,7.73,0.29,0.03,4.56
661,2018-03-27,10.34,10.98,10.15,10.84,148172,157607529.0,8.1,5.76,0.59,6.7
662,2018-03-28,10.68,10.89,10.53,10.86,92050,98690501.0,3.32,0.18,0.02,4.16
663,2018-03-29,10.84,10.85,10.62,10.71,56353,60319491.0,2.12,-1.38,-0.15,2.55
664,2018-03-30,10.75,10.82,10.54,10.55,59021,62705165.0,2.61,-1.49,-0.16,2.67
665,2018-04-02,10.74,11.4,10.64,11.18,121511,132943919.0,7.2,5.97,0.63,5.5
666,2018-04-03,11.01,11.34,10.96,11.08,87712,97349807.0,3.4,-0.89,-0.1,3.97
667,2018-04-04,11.16,11.35,11.04,11.21,80282,89696723.0,2.8,1.17,0.13,3.63
668,2018-04-09,11.21,11.37,11.07,11.18,56895,63577170.0,2.68,-0.27,-0.03,2.57
669,2018-04-10,10.86,10.86,10.2,10.38,113045,118170969.0,5.9,-7.16,-0.8,5.11
670,2018-04-11,10.29,10.57,10.29,10.48,59865,62462088.0,2.7,0.96,0.1,2.71
671,2018-04-12,10.42,10.45,10.28,10.34,44725,46335144.0,1.62,-1.34,-0.14,2.02
672,2018-04-13,10.39,10.44,10.1,10.17,38872,39965484.0,3.29,-1.64,-0.17,1.76
673,2018-04-16,10.29,10.33,10.05,10.13,34681,35354734.0,2.75,-0.39,-0.04,1.57
674,2018-04-17,10.17,10.28,10.1,10.19,39626,40401112.0,1.78,0.59,0.06,1.79
675,2018-04-18,10.21,10.23,9.74,10.01,47223,46997779.0,4.81,-1.77,-0.18,2.14
676,2018-04-19,9.97,10.02,9.82,9.98,29143,29021034.0,2.0,-0.3,-0.03,1.32
677,2018-04-20,9.99,10.01,9.69,9.69,34819,34265981.0,3.21,-2.91,-0.29,1.58
678,2018-04-23,9.63,9.67,9.36,9.45,30991,29487306.0,3.2,-2.48,-0.24,1.42
679,2018-04-24,9.47,9.71,9.43,9.66,26871,25796851.0,2.96,2.22,0.21,1.23
680,2018-04-25,9.65,10.08,9.65,9.81,37022,36682539.0,4.45,1.55,0.15,1.69
681,2018-04-26,9.85,9.85,9.45,9.48,32046,30790413.0,4.08,-3.36,-0.33,1.47
682,2018-04-27,9.55,9.76,9.46,9.71,23343,22452533.0,3.16,2.43,0.23,1.07
683,2018-05-02,9.73,9.9,9.7,9.78,31212,30559859.0,2.06,0.72,0.07,1.43
684,2018-05-03,9.74,10.12,9.74,10.06,44140,44148289.0,3.89,2.86,0.28,2.02
685,2018-05-04,10.0,10.05,9.88,9.97,28232,28128546.0,1.69,-0.89,-0.09,1.29
686,2018-05-07,9.95,10.13,9.93,10.1,32509,32684716.0,2.01,1.3,0.13,1.49
687,2018-05-08,10.1,10.42,10.06,10.3,60868,62526821.0,3.56,1.98,0.2,2.78
688,2018-05-09,10.34,10.35,10.21,10.24,30376,31161541.0,1.36,-0.58,-0.06,1.39
689,2018-05-10,10.22,10.44,10.22,10.35,32117,33152792.0,2.15,1.07,0.11,1.47
690,2018-05-11,10.36,10.39,10.13,10.16,26264,26858905.0,2.51,-1.84,-0.19,1.2
691,2018-05-14,10.17,10.17,9.97,10.03,34576,34681263.0,1.97,-1.28,-0.13,1.58
692,2018-05-15,9.96,10.16,9.88,10.14,31267,31285593.0,2.79,1.1,0.11,1.43
693,2018-05-16,10.13,10.41,10.03,10.3,57877,59339142.0,3.75,1.58,0.16,2.65
694,2018-05-17,10.25,11.28,10.22,10.7,135784,146762949.0,10.29,3.88,0.4,6.21
695,2018-05-18,10.83,10.89,10.49,10.71,79672,84676809.0,3.74,0.09,0.01,3.64
696,2018-05-21,10.59,11.18,10.4,10.91,103231,110919662.0,7.28,1.87,0.2,4.72
697,2018-05-22,10.75,10.86,10.65,10.77,60544,65051137.0,1.92,-1.28,-0.14,2.77
698,2018-05-23,10.69,10.94,10.51,10.57,57645,62022789.0,3.99,-1.86,-0.2,2.64
699,2018-05-24,10.55,10.7,10.39,10.4,39346,41372401.0,2.93,-1.61,-0.17,1.8
700,2018-05-25,10.46,10.53,10.33,10.47,36360,38028194.0,1.92,0.67,0.07,1.66
701,2018-05-28,10.65,10.73,10.41,10.61,42404,44844465.0,3.06,1.34,0.14,1.94
702,2018-05-29,10.6,10.72,10.42,10.43,44786,47439849.0,2.83,-1.7,-0.18,2.05
703,2018-05-30,10.3,10.67,10.11,10.31,61041,63357869.0,5.37,-1.15,-0.12,2.79
704,2018-05-31,10.34,10.95,10.16,10.86,108706,116132478.0,7.66,5.33,0.55,4.97
705,2018-06-01,10.79,11.21,10.7,10.98,148316,162953593.0,4.7,1.1,0.12,6.78
706,2018-06-04,11.0,11.1,10.63,10.87,92511,100047464.0,4.28,-1.0,-0.11,4.23
707,2018-06-05,10.8,11.17,10.69,11.15,100122,109221200.0,4.42,2.58,0.28,4.58
708,2018-06-06,11.09,11.47,10.88,11.36,125300,140055791.0,5.29,1.88,0.21,5.73
709,2018-06-07,11.2,11.38,10.88,10.9,89463,99445690.0,4.4,-4.05,-0.46,4.09
710,2018-06-08,10.86,10.91,10.45,10.59,77351,82194443.0,4.22,-2.84,-0.31,3.54
711,2018-06-11,10.52,10.75,10.4,10.67,47856,50666842.0,3.31,0.76,0.08,2.19
712,2018-06-12,10.64,10.84,10.48,10.82,58773,62864945.0,3.37,1.41,0.15,2.69
713,2018-06-13,10.77,10.77,10.41,10.42,48236,51139657.0,3.33,-3.7,-0.4,2.21
714,2018-06-14,10.32,10.42,10.0,10.0,59616,60794057.0,4.03,-4.03,-0.42,2.73
715,2018-06-15,9.75,9.95,9.49,9.55,57800,56040512.0,4.6,-4.5,-0.45,2.64
716,2018-06-19,9.45,9.86,8.82,9.13,64255,60931796.0,10.89,-4.4,-0.42,2.94
717,2018-06-20,8.24,8.49,8.22,8.36,122499,102178680.0,2.96,-8.43,-0.77,5.6
718,2018-06-21,8.17,8.35,7.72,7.9,83961,67237400.0,7.54,-5.5,-0.46,3.84
719,2018-06-22,7.74,8.1,7.62,7.95,44247,35014103.0,6.08,0.63,0.05,2.02
720,2018-06-25,8.0,8.05,7.75,7.77,38229,30036081.0,3.77,-2.26,-0.18,1.75
721,2018-06-26,7.4,7.6,7.27,7.54,48596,36189214.0,4.25,-2.96,-0.23,2.22
722,2018-06-27,7.52,7.72,7.48,7.67,39217,29815682.0,3.18,1.72,0.13,1.54
723,2018-06-28,7.6,7.84,7.54,7.61,40489,31071629.0,3.91,-0.78,-0.06,1.59
724,2018-06-29,7.68,8.37,7.65,8.37,94187,75832777.0,9.46,9.99,0.76,3.7
725,2018-07-02,8.08,8.35,7.96,8.24,92566,75675544.0,4.66,-1.55,-0.13,3.64
726,2018-07-03,8.12,8.3,8.05,8.23,62521,51145183.0,3.03,-0.12,-0.01,2.46
727,2018-07-04,8.2,8.26,7.91,8.01,48720,39168936.0,4.25,-2.67,-0.22,1.92
728,2018-07-05,7.88,8.02,7.5,7.6,48858,37962622.0,6.49,-5.12,-0.41,1.92
729,2018-07-06,7.68,8.36,7.52,8.36,119123,96064825.0,11.05,10.0,0.76,4.69
730,2018-07-09,8.41,9.2,8.22,8.83,218707,191986129.0,11.72,5.62,0.47,8.61
731,2018-07-10,8.73,8.74,8.46,8.57,141658,121736702.0,3.17,-2.94,-0.26,5.58
732,2018-07-11,8.4,9.2,8.27,8.7,149950,129963948.0,10.85,1.52,0.13,5.9
733,2018-07-12,8.45,8.86,8.45,8.72,118999,103232082.0,4.71,0.23,0.02,4.68
734,2018-07-13,8.64,8.68,8.48,8.5,70205,60023482.0,2.29,-2.52,-0.22,2.76
735,2018-07-16,8.47,8.47,8.23,8.4,59389,49505147.0,2.82,-1.18,-0.1,2.34
736,2018-07-17,8.08,8.36,7.82,8.27,84512,67969939.0,6.43,-1.55,-0.13,3.33
737,2018-07-18,8.27,8.27,8.06,8.14,49768,40649165.0,2.54,-1.57,-0.13,1.96
738,2018-07-19,8.1,8.16,7.83,7.91,55150,43915898.0,4.05,-2.83,-0.23,2.17
739,2018-07-20,7.89,8.08,7.87,7.99,48580,38862315.0,2.65,1.01,0.08,1.91
740,2018-07-23,8.01,8.05,7.92,8.04,39629,31703657.0,1.63,0.63,0.05,1.56
741,2018-07-24,8.06,8.25,8.0,8.21,53143,43252188.0,3.11,2.11,0.17,2.09
742,2018-07-25,8.22,8.22,8.08,8.14,39156,31900061.0,1.71,-0.85,-0.07,1.54
743,2018-07-26,8.14,8.3,8.14,8.21,46166,37921673.0,1.97,0.86,0.07,1.82
744,2018-07-27,8.21,8.21,7.95,7.95,46034,36928864.0,3.17,-3.17,-0.26,1.81
745,2018-07-30,7.93,8.14,7.87,7.92,31645,25239719.0,3.4,-0.38,-0.03,1.25
746,2018-07-31,7.94,8.08,7.91,7.99,22342,17882826.0,2.15,0.88,0.07,0.88
747,2018-08-01,7.9,8.03,7.74,7.76,25947,20478361.0,3.63,-2.88,-0.23,1.02
748,2018-08-02,7.75,7.75,7.31,7.5,40927,30890334.0,5.67,-3.35,-0.26,1.61
749,2018-08-03,7.48,7.59,7.45,7.45,17222,12938879.0,1.87,-0.67,-0.05,0.68
750,2018-08-06,7.33,7.55,7.27,7.37,21475,15917605.0,3.76,-1.07,-0.08,0.85
751,2018-08-07,7.39,7.55,7.3,7.53,30990,23097086.0,3.39,2.17,0.16,1.22
752,2018-08-08,7.78,7.78,7.53,7.56,37578,28683765.0,3.32,0.4,0.03,1.48
753,2018-08-09,7.61,7.68,7.52,7.65,42066,32091999.0,2.12,1.19,0.09,1.66
754,2018-08-10,7.63,7.85,7.58,7.73,44370,34241195.0,3.53,1.05,0.08,1.75
755,2018-08-13,7.62,7.84,7.44,7.77,41782,32057265.0,5.17,0.52,0.04,1.64
756,2018-08-14,7.77,7.82,7.7,7.74,24962,19323358.0,1.54,-0.39,-0.03,0.98
757,2018-08-15,7.74,7.79,7.51,7.51,24150,18426466.0,3.62,-2.97,-0.23,0.95
758,2018-08-16,7.49,7.55,7.37,7.45,17517,13076942.0,2.4,-0.8,-0.06,0.69
759,2018-08-17,7.5,7.55,7.3,7.3,24786,18298741.0,3.36,-2.01,-0.15,0.98
760,2018-08-20,7.29,7.38,7.14,7.38,30061,21798005.0,3.29,1.1,0.08,1.18
761,2018-08-21,7.36,7.44,7.3,7.4,16529,12214275.0,1.9,0.27,0.02,0.65
762,2018-08-22,7.41,7.45,7.32,7.45,18087,13370555.0,1.76,0.68,0.05,0.71
763,2018-08-23,7.49,7.5,7.4,7.41,18641,13889828.0,1.34,-0.54,-0.04,0.73
764,2018-08-24,7.38,7.64,7.3,7.47,29580,22054073.0,4.59,0.81,0.06,1.16
765,2018-08-27,7.49,7.87,7.47,7.69,50727,38963837.0,5.35,2.95,0.22,2.0
766,2018-08-28,7.69,7.74,7.55,7.6,32093,24415246.0,2.47,-1.17,-0.09,1.26
767,2018-08-29,7.53,7.61,7.5,7.53,18628,14083063.0,1.45,-0.92,-0.07,0.73
768,2018-08-30,7.51,7.57,7.33,7.34,22230,16536525.0,3.19,-2.52,-0.19,0.87
769,2018-08-31,7.34,7.37,7.18,7.19,21383,15563079.0,2.59,-2.04,-0.15,0.84
770,2018-09-03,7.24,7.3,7.16,7.19,27721,20005440.0,1.95,0.0,0.0,1.09
771,2018-09-04,7.21,7.3,7.17,7.24,55157,39929508.0,1.81,0.7,0.05,2.17
772,2018-09-05,7.23,7.23,7.01,7.03,50867,36228956.0,3.04,-2.9,-0.21,2.0
773,2018-09-06,6.99,7.14,6.98,7.05,28404,20074625.0,2.28,0.28,0.02,1.12
774,2018-09-07,7.05,7.24,7.04,7.1,26638,18964020.0,2.84,0.71,0.05,1.05
775,2018-09-10,7.07,7.12,6.88,6.88,29271,20356147.0,3.38,-3.1,-0.22,1.15
776,2018-09-11,6.91,6.96,6.87,6.89,16574,11443669.0,1.31,0.15,0.01,0.65
777,2018-09-12,6.88,6.94,6.84,6.87,21202,14612326.0,1.45,-0.29,-0.02,0.83
778,2018-09-13,6.9,6.93,6.84,6.92,18941,13038544.0,1.31,0.73,0.05,0.75
779,2018-09-14,6.92,6.95,6.87,6.87,17946,12390339.0,1.16,-0.72,-0.05,0.71
780,2018-09-17,7.1,7.14,6.95,6.98,54223,38217796.0,2.77,1.6,0.11,2.13
781,2018-09-18,6.91,7.05,6.86,7.04,32750,22760400.0,2.72,0.86,0.06,1.29
782,2018-09-19,7.03,7.13,7.0,7.09,38793,27428140.0,1.85,0.71,0.05,1.53
783,2018-09-20,7.08,7.09,7.02,7.03,20213,14253067.0,0.99,-0.85,-0.06,0.8
784,2018-09-21,7.04,7.13,7.02,7.1,32254,22838954.0,1.56,1.0,0.07,1.27
785,2018-09-25,7.06,7.13,7.03,7.1,20128,14284800.0,1.41,0.0,0.0,0.79
786,2018-09-26,7.1,7.19,7.08,7.09,29021,20677306.0,1.55,-0.14,-0.01,1.14
787,2018-09-27,7.1,7.24,7.06,7.09,41657,29734983.0,2.54,0.0,0.0,1.64
788,2018-09-28,7.1,7.13,7.03,7.11,21894,15514639.0,1.41,0.28,0.02,0.86
789,2018-10-08,7.09,7.24,7.02,7.04,39185,27851807.0,3.09,-0.98,-0.07,1.54
790,2018-10-09,7.03,7.1,6.96,7.01,25992,18230502.0,1.99,-0.43,-0.03,1.02
791,2018-10-10,7.0,7.05,6.95,7.02,13860,9704391.0,1.43,0.14,0.01,0.55
792,2018-10-11,6.9,6.9,6.32,6.38,42970,28328675.0,8.26,-9.12,-0.64,1.69
793,2018-10-12,6.39,6.5,6.06,6.3,27339,17098307.0,6.9,-1.25,-0.08,1.08
794,2018-10-15,6.33,6.37,6.21,6.21,12634,7959423.0,2.54,-1.43,-0.09,0.5
795,2018-10-16,6.21,6.28,6.1,6.12,13507,8341320.0,2.9,-1.45,-0.09,0.53
796,2018-10-17,6.15,6.7,6.11,6.35,39460,24949752.0,9.64,3.76,0.23,1.55
797,2018-10-18,6.32,6.37,6.16,6.18,18418,11550812.0,3.31,-2.68,-0.17,0.72
798,2018-10-19,6.15,6.57,6.12,6.52,75145,48063330.0,7.28,5.5,0.34,2.96
799,2018-10-22,6.49,6.78,6.48,6.69,61188,40613257.0,4.6,2.61,0.17,2.41
800,2018-10-23,6.61,6.69,6.54,6.55,31771,20957684.0,2.24,-2.09,-0.14,1.25
801,2018-10-24,6.49,6.62,6.49,6.52,17728,11618950.0,1.98,-0.46,-0.03,0.7
802,2018-10-25,6.35,6.45,6.32,6.42,22699,14462877.0,1.99,-1.53,-0.1,0.89
803,2018-10-26,6.48,6.54,6.41,6.46,16865,10917431.0,2.02,0.62,0.04,0.66
804,2018-10-29,6.48,6.58,6.45,6.46,20311,13223025.0,2.01,0.0,0.0,0.8
805,2018-10-30,6.44,6.63,6.42,6.6,26278,17222014.0,3.25,2.17,0.14,1.03
806,2018-10-31,6.6,6.74,6.57,6.68,30173,20147553.0,2.58,1.21,0.08,1.19
807,2018-11-01,6.73,6.82,6.65,6.66,24509,16510885.0,2.54,-0.3,-0.02,0.96
808,2018-11-02,6.77,6.82,6.71,6.79,32199,21778746.0,1.65,1.95,0.13,1.27
809,2018-11-05,6.75,6.84,6.71,6.78,28938,19584228.0,1.91,-0.15,-0.01,1.14
810,2018-11-06,6.78,6.78,6.66,6.73,17944,12056716.0,1.77,-0.74,-0.05,0.71
811,2018-11-07,6.73,6.85,6.71,6.74,28532,19387586.0,2.08,0.15,0.01,1.12
812,2018-11-08,6.77,6.9,6.77,6.8,28320,19347849.0,1.93,0.89,0.06,1.11
813,2018-11-09,6.75,6.82,6.72,6.73,20794,14077686.0,1.47,-1.03,-0.07,0.82
814,2018-11-12,6.8,7.01,6.8,6.98,44530,30837381.0,3.12,3.71,0.25,1.75
815,2018-11-13,6.91,7.14,6.88,7.1,47495,33512983.0,3.72,1.72,0.12,1.87
816,2018-11-14,7.07,7.2,7.03,7.13,34864,24789450.0,2.39,0.42,0.03,1.37
817,2018-11-15,7.14,7.16,7.08,7.13,29590,21066630.0,1.12,0.0,0.0,1.16
818,2018-11-16,7.13,7.25,7.09,7.17,44554,31957879.0,2.24,0.56,0.04,1.75
819,2018-11-19,7.17,7.23,7.06,7.14,29121,20727599.0,2.37,-0.42,-0.03,1.15
820,2018-11-20,7.11,7.26,7.01,7.01,39705,28377370.0,3.5,-1.82,-0.13,1.56
821,2018-11-21,6.96,7.08,6.93,7.06,29558,20767939.0,2.14,0.71,0.05,1.16
822,2018-11-22,7.12,7.14,7.06,7.12,19131,13585354.0,1.13,0.85,0.06,0.75
823,2018-11-23,7.12,7.14,6.73,6.75,41051,28324956.0,5.76,-5.2,-0.37,1.62
824,2018-11-26,6.75,7.05,6.73,6.97,56376,39120428.0,4.74,3.26,0.22,2.22
825,2018-11-27,6.98,7.05,6.94,6.95,22204,15527895.0,1.58,-0.29,-0.02,0.87
826,2018-11-28,6.97,7.15,6.8,7.14,35620,25128146.0,5.04,2.73,0.19,1.4
827,2018-11-29,7.18,7.21,6.95,6.97,32940,23444296.0,3.64,-2.38,-0.17,1.3
828,2018-11-30,6.99,7.14,6.95,7.11,29533,20841363.0,2.73,2.01,0.14,1.16
829,2018-12-03,7.3,7.3,7.12,7.19,42447,30575148.0,2.53,1.13,0.08,1.67
830,2018-12-04,7.21,7.21,7.12,7.19,26672,19123934.0,1.25,0.0,0.0,1.05
831,2018-12-05,7.05,7.19,7.04,7.18,22984,16405823.0,2.09,-0.14,-0.01,0.9
832,2018-12-06,7.13,7.22,7.13,7.19,34385,24663916.0,1.25,0.14,0.01,1.35
833,2018-12-07,7.21,7.21,7.08,7.12,29127,20821276.0,1.81,-0.97,-0.07,1.15
834,2018-12-10,7.08,7.21,7.08,7.15,44785,32145315.0,1.83,0.42,0.03,1.76
835,2018-12-11,7.17,7.22,6.98,7.02,38958,27535677.0,3.36,-1.82,-0.13,1.53
836,2018-12-12,7.0,7.07,7.0,7.06,18610,13094445.0,1.0,0.57,0.04,0.73
837,2018-12-13,7.08,7.08,6.96,7.03,33312,23365567.0,1.7,-0.42,-0.03,1.31
838,2018-12-14,7.03,7.05,6.73,6.8,27789,19206522.0,4.55,-3.27,-0.23,1.09
839,2018-12-17,6.8,6.84,6.65,6.7,26845,17971442.0,2.79,-1.47,-0.1,1.06
840,2018-12-18,6.68,6.76,6.58,6.68,25551,17004684.0,2.69,-0.3,-0.02,1.01
841,2018-12-19,6.68,6.69,6.6,6.6,18358,12172590.0,1.35,-1.2,-0.08,0.72
842,2018-12-20,6.6,6.62,6.53,6.58,15571,10232889.0,1.36,-0.3,-0.02,0.61
843,2018-12-21,6.59,6.59,6.46,6.51,21706,14163177.0,1.98,-1.06,-0.07,0.85
844,2018-12-24,6.51,6.63,6.49,6.62,13394,8797646.0,2.15,1.69,0.11,0.53
845,2018-12-25,6.54,6.57,6.38,6.57,25544,16539980.0,2.87,-0.76,-0.05,1.01
846,2018-12-26,6.55,6.77,6.49,6.68,36613,24364391.0,4.26,1.67,0.11,1.44
847,2018-12-27,6.76,6.85,6.44,6.45,33063,21880275.0,6.14,-3.44,-0.23,1.3
848,2018-12-28,6.46,6.55,6.3,6.47,21934,14098070.0,3.88,0.31,0.02,0.86
849,2019-01-02,6.48,6.54,6.45,6.47,16563,10754939.0,1.39,0.0,0.0,0.65
850,2019-01-03,6.47,6.58,6.44,6.45,15936,10355439.0,2.16,-0.31,-0.02,0.63
851,2019-01-04,6.43,6.64,6.39,6.61,19931,13072869.0,3.88,2.48,0.16,0.78
852,2019-01-07,6.63,6.72,6.62,6.69,20944,13985362.0,1.51,1.21,0.08,0.82
853,2019-01-08,6.67,6.71,6.66,6.68,15478,10349323.0,0.75,-0.15,-0.01,0.61
854,2019-01-09,6.69,6.77,6.66,6.69,22628,15216791.0,1.65,0.15,0.01,0.89
855,2019-01-10,6.69,6.76,6.65,6.7,15790,10609995.0,1.64,0.15,0.01,0.62
856,2019-01-11,6.71,6.75,6.68,6.73,15008,10085452.0,1.04,0.45,0.03,0.59
857,2019-01-14,6.74,6.98,6.74,6.86,40473,27842596.0,3.57,1.93,0.13,1.59
858,2019-01-15,6.87,6.87,6.77,6.85,24386,16601803.0,1.46,-0.15,-0.01,0.96
859,2019-01-16,6.84,6.9,6.77,6.79,20226,13781875.0,1.9,-0.88,-0.06,0.8
860,2019-01-17,6.79,6.84,6.72,6.76,18786,12735307.0,1.77,-0.44,-0.03,0.74
861,2019-01-18,6.78,6.84,6.74,6.81,12721,8626800.0,1.48,0.74,0.05,0.5
862,2019-01-21,6.82,6.86,6.78,6.81,15926,10852127.0,1.17,0.0,0.0,0.63
863,2019-01-22,6.81,6.84,6.75,6.77,14662,9969403.0,1.32,-0.59,-0.04,0.58
864,2019-01-23,6.8,6.92,6.74,6.88,23077,15810527.0,2.66,1.62,0.11,0.91
865,2019-01-24,6.84,7.02,6.82,6.95,28581,19812541.0,2.91,1.02,0.07,1.12
866,2019-01-25,6.92,6.98,6.81,6.81,18689,12859306.0,2.45,-2.01,-0.14,0.73
867,2019-01-28,6.83,6.93,6.65,6.66,18272,12408835.0,4.11,-2.2,-0.15,0.72
868,2019-01-29,6.72,6.78,6.5,6.71,18633,12417402.0,4.2,0.75,0.05,0.73
869,2019-01-30,6.7,6.72,6.56,6.56,12929,8557731.0,2.38,-2.24,-0.15,0.51
870,2019-01-31,6.57,6.6,6.42,6.47,17069,11131997.0,2.74,-1.37,-0.09,0.67
871,2019-02-01,6.5,6.65,6.47,6.62,12705,8367684.0,2.78,2.32,0.15,0.5
872,2019-02-11,6.64,6.81,6.57,6.8,20101,13523823.0,3.63,2.72,0.18,0.79
873,2019-02-12,6.77,6.89,6.77,6.86,23901,16358848.0,1.76,0.88,0.06,0.94
874,2019-02-13,6.9,6.97,6.85,6.93,29122,20190937.0,1.75,1.02,0.07,1.15
875,2019-02-14,6.93,7.02,6.91,6.98,28037,19549480.0,1.59,0.72,0.05,1.1
876,2019-02-15,6.98,7.27,6.95,7.06,57040,40526166.0,4.58,1.15,0.08,2.24
877,2019-02-18,7.06,7.28,7.05,7.26,60774,43447342.0,3.26,2.83,0.2,2.39
878,2019-02-19,7.26,7.29,7.11,7.18,43622,31355410.0,2.48,-1.1,-0.08,1.72
879,2019-02-20,7.3,7.45,7.18,7.23,57551,41936889.0,3.76,0.7,0.05,2.26
880,2019-02-21,7.2,7.32,7.11,7.18,48329,34835920.0,2.9,-0.69,-0.05,1.9
881,2019-02-22,7.15,7.28,7.14,7.25,39077,28208594.0,1.95,0.97,0.07,1.54
882,2019-02-25,7.27,7.54,7.27,7.53,78341,58160978.0,3.72,3.86,0.28,3.08
883,2019-02-26,7.53,7.68,7.43,7.53,71664,54161206.0,3.32,0.0,0.0,2.82
884,2019-02-27,7.49,7.59,7.38,7.42,51834,38817407.0,2.79,-1.46,-0.11,2.04
885,2019-02-28,7.41,7.52,7.39,7.46,38414,28650029.0,1.75,0.54,0.04,1.5
886,2019-03-01,7.47,7.62,7.46,7.59,60296,45503424.0,2.14,1.74,0.13,2.36
887,2019-03-04,7.62,7.75,7.55,7.58,88446,67523415.0,2.64,-0.13,-0.01,3.46
888,2019-03-05,7.55,7.68,7.51,7.67,66570,50574079.0,2.24,1.19,0.09,2.6
889,2019-03-06,7.71,7.92,7.64,7.83,100472,78065128.0,3.65,2.09,0.16,3.93
890,2019-03-07,7.83,8.03,7.75,7.91,98656,77569325.0,3.58,1.02,0.08,3.86
891,2019-03-08,7.77,7.84,7.45,7.48,88245,67855189.0,4.93,-5.44,-0.43,3.45
892,2019-03-11,7.54,7.93,7.54,7.91,89558,69826701.0,5.21,5.75,0.43,3.5
893,2019-03-12,7.94,8.18,7.87,8.0,111229,88977226.0,3.92,1.14,0.09,4.35
894,2019-03-13,8.1,8.16,7.81,7.83,92875,74198215.0,4.38,-2.13,-0.17,3.63
895,2019-03-14,7.75,7.87,7.49,7.61,67043,51395140.0,4.85,-2.81,-0.22,2.62
896,2019-03-15,7.61,7.74,7.57,7.68,55083,42259717.0,2.23,0.92,0.07,2.15
897,2019-03-18,7.65,7.84,7.65,7.83,61859,48031191.0,2.47,1.95,0.15,2.42
898,2019-03-19,7.84,7.92,7.79,7.86,50561,39647160.0,1.66,0.38,0.03,1.98
899,2019-03-20,7.83,7.96,7.78,7.9,71678,56465835.0,2.29,0.51,0.04,2.8
900,2019-03-21,7.9,8.07,7.86,8.03,84349,67307706.0,2.66,1.65,0.13,3.3
901,2019-03-22,8.01,8.05,7.85,7.99,67657,53738207.0,2.49,-0.5,-0.04,2.65
902,2019-03-25,7.94,8.1,7.85,7.94,64400,51381448.0,3.13,-0.63,-0.05,2.52
903,2019-03-26,7.94,8.03,7.76,7.79,56533,44579348.0,3.4,-1.89,-0.15,2.21
904,2019-03-27,7.82,7.87,7.68,7.79,37549,29131063.0,2.44,0.0,0.0,1.47
905,2019-03-28,7.85,8.28,7.83,8.08,131061,106221708.0,5.78,3.72,0.29,5.12
906,2019-03-29,7.95,7.97,7.6,7.94,133291,104197429.0,4.58,-1.73,-0.14,5.21
907,2019-04-01,7.9,8.27,7.87,8.25,145320,117821248.0,5.04,3.9,0.31,5.68
908,2019-04-02,8.33,8.86,8.15,8.57,199933,168876405.0,8.61,3.88,0.32,7.82
909,2019-04-03,8.45,8.63,8.35,8.61,129002,109350927.0,3.27,0.47,0.04,5.04
910,2019-04-04,8.57,8.61,8.39,8.45,94589,80187804.0,2.56,-1.86,-0.16,3.7
911,2019-04-08,8.48,8.54,8.21,8.33,83767,70199799.0,3.91,-1.42,-0.12,3.28
912,2019-04-09,8.25,8.43,8.19,8.34,63848,52990559.0,2.88,0.12,0.01,2.5
913,2019-04-10,8.26,8.37,8.2,8.3,54603,45217087.0,2.04,-0.48,-0.04,2.13
914,2019-04-11,8.32,8.4,8.26,8.26,54914,45680237.0,1.69,-0.48,-0.04,2.15
915,2019-04-12,8.24,8.31,8.16,8.25,40585,33348749.0,1.82,-0.12,-0.01,1.59
916,2019-04-15,8.3,8.38,8.26,8.3,64623,53788247.0,1.45,0.61,0.05,2.53
917,2019-04-16,8.28,8.54,8.17,8.54,120274,101376972.0,4.46,2.89,0.24,4.7
918,2019-04-17,8.52,8.59,8.43,8.48,83289,70846650.0,1.87,-0.7,-0.06,3.26
919,2019-04-18,8.49,8.53,8.33,8.35,56582,47615915.0,2.36,-1.53,-0.13,2.21
920,2019-04-19,8.38,8.48,8.31,8.47,51383,43174336.0,2.04,1.44,0.12,2.01
921,2019-04-22,8.46,8.55,8.37,8.38,63507,53706344.0,2.13,-1.06,-0.09,2.48
922,2019-04-23,8.4,8.46,8.19,8.19,58280,48350270.0,3.22,-2.27,-0.19,2.28
923,2019-04-24,8.2,8.41,8.15,8.41,60116,49887149.0,3.17,2.69,0.22,2.35
924,2019-04-25,8.36,8.49,7.94,8.0,88348,72760694.0,6.54,-4.88,-0.41,3.45
925,2019-04-26,7.93,8.06,7.87,8.01,49332,39312754.0,2.38,0.13,0.01,1.93
926,2019-04-29,8.0,8.0,7.61,7.63,66360,51505198.0,4.87,-4.74,-0.38,2.59
927,2019-04-30,7.63,7.79,7.62,7.69,35930,27694567.0,2.23,0.79,0.06,1.4
928,2019-05-06,7.48,7.6,7.13,7.32,63854,47011683.0,6.11,-4.81,-0.37,2.5
929,2019-05-07,7.35,7.63,7.33,7.62,61428,46023515.0,4.1,4.1,0.3,2.4
930,2019-05-08,7.48,8.38,7.42,8.38,118841,98167948.0,12.6,9.97,0.76,4.65
931,2019-05-09,8.37,8.48,7.9,8.39,224002,183851613.0,6.92,0.12,0.01,8.76
932,2019-05-10,8.21,8.6,8.15,8.53,208324,175479538.0,5.36,1.67,0.14,8.15
933,2019-05-13,8.54,8.98,8.42,8.63,222377,193043386.0,6.57,1.17,0.1,8.69
934,2019-05-14,8.49,8.55,8.25,8.26,133835,112315525.0,3.48,-4.29,-0.37,5.23
935,2019-05-15,8.32,8.98,8.32,8.82,256202,222948765.0,7.99,6.78,0.56,10.02
936,2019-05-16,8.72,9.16,8.68,8.82,232126,206988712.0,5.44,0.0,0.0,9.08
937,2019-05-17,8.87,9.49,8.75,9.15,314958,287058688.0,8.39,3.74,0.33,12.31
938,2019-05-20,9.0,9.08,8.32,8.69,185699,160005781.0,8.31,-5.03,-0.46,7.26
939,2019-05-21,8.6,9.35,8.55,9.2,217430,197509907.0,9.21,5.87,0.51,8.5
940,2019-05-22,9.02,9.17,8.71,8.89,166289,148170358.0,5.0,-3.37,-0.31,6.5
941,2019-05-23,8.73,8.73,8.0,8.22,187011,156379747.0,8.21,-7.54,-0.67,7.31
942,2019-05-24,8.1,8.3,7.9,7.94,92557,74433222.0,4.87,-3.41,-0.28,3.62
943,2019-05-27,7.98,8.19,7.9,8.17,74311,59830045.0,3.65,2.9,0.23,2.91
944,2019-05-28,8.15,8.39,8.11,8.17,93337,76978675.0,3.43,0.0,0.0,3.65
945,2019-05-29,8.11,8.36,8.09,8.35,91441,75567430.0,3.3,2.2,0.18,3.58
946,2019-05-30,8.3,8.88,8.26,8.78,180601,154845360.0,7.43,5.15,0.43,7.06
947,2019-05-31,8.67,8.75,8.47,8.55,118581,102000006.0,3.19,-2.62,-0.23,4.64
948,2019-06-03,8.55,8.97,8.45,8.9,192058,169114950.0,6.08,4.09,0.35,7.51
949,2019-06-04,8.72,8.8,8.1,8.18,157732,132527199.0,7.87,-8.09,-0.72,6.17
950,2019-06-05,8.24,9.0,8.15,9.0,313980,275964784.0,10.39,10.02,0.82,12.28
951,2019-06-06,8.9,9.15,8.51,8.69,235652,207320245.0,7.11,-3.44,-0.31,9.21
952,2019-06-10,8.82,9.48,8.7,9.19,283599,257717882.0,8.98,5.75,0.5,11.09
953,2019-06-11,9.11,9.61,9.05,9.35,307452,285403648.0,6.09,1.74,0.16,12.02
954,2019-06-12,9.16,9.79,9.09,9.62,318666,299844352.0,7.49,2.89,0.27,12.46
955,2019-06-13,9.46,9.55,9.25,9.38,188263,176410659.0,3.12,-2.49,-0.24,7.36
956,2019-06-14,9.37,9.44,9.03,9.08,143007,131039099.0,4.37,-3.2,-0.3,5.59
957,2019-06-17,9.13,9.23,8.82,9.18,96633,87474141.0,4.52,1.1,0.1,3.78
958,2019-06-18,9.1,9.18,8.87,8.93,78212,70457176.0,3.38,-2.72,-0.25,3.06
959,2019-06-19,9.03,9.15,8.94,8.98,90411,81741966.0,2.35,0.56,0.05,3.53
960,2019-06-20,9.0,9.05,8.76,8.97,99729,88898524.0,3.23,-0.11,-0.01,3.9
961,2019-06-21,9.01,9.31,8.95,9.23,139055,127202711.0,4.01,2.9,0.26,5.44
962,2019-06-24,9.21,9.35,9.02,9.29,123821,113585517.0,3.58,0.65,0.06,4.84
963,2019-06-25,9.26,9.26,8.94,8.95,99265,89862629.0,3.44,-3.66,-0.34,3.88
964,2019-06-26,8.83,8.85,8.6,8.62,102674,89217625.0,2.79,-3.69,-0.33,4.01
965,2019-06-27,8.63,8.75,8.6,8.64,60393,52338929.0,1.74,0.23,0.02,2.36
966,2019-06-28,8.66,8.69,8.5,8.54,50239,43071822.0,2.2,-1.16,-0.1,1.96
967,2019-07-01,8.69,8.8,8.57,8.8,72309,62920796.0,2.69,3.04,0.26,2.83
968,2019-07-02,8.76,8.87,8.71,8.74,49134,43148180.0,1.82,-0.68,-0.06,1.92
969,2019-07-03,8.74,8.93,8.56,8.9,83802,73343498.0,4.23,1.83,0.16,3.28
970,2019-07-04,8.85,8.87,8.68,8.74,43057,37737419.0,2.13,-1.8,-0.16,1.68
971,2019-07-05,8.75,8.75,8.61,8.63,35835,31026287.0,1.6,-1.26,-0.11,1.4
972,2019-07-08,8.62,8.63,8.07,8.19,82185,68014293.0,6.49,-5.1,-0.44,3.21
973,2019-07-09,8.19,8.25,8.1,8.19,33947,27799001.0,1.83,0.0,0.0,1.33
974,2019-07-10,8.17,8.26,8.03,8.06,32177,26210602.0,2.81,-1.59,-0.13,1.26
975,2019-07-11,8.1,8.19,8.0,8.02,29729,24048366.0,2.36,-0.5,-0.04,1.16
976,2019-07-12,8.08,8.14,8.01,8.11,27771,22487719.0,1.62,1.12,0.09,1.09
977,2019-07-15,8.18,8.26,8.04,8.2,36540,29778641.0,2.71,1.11,0.09,1.43
978,2019-07-16,8.21,8.25,8.14,8.17,23425,19181881.0,1.34,-0.37,-0.03,0.92
979,2019-07-17,8.15,8.38,8.15,8.28,43743,36251794.0,2.82,1.35,0.11,1.71
980,2019-07-18,8.26,8.37,8.2,8.22,33743,27941283.0,2.05,-0.72,-0.06,1.32
981,2019-07-19,8.2,8.28,8.08,8.12,34949,28645237.0,2.43,-1.22,-0.1,1.37
982,2019-07-22,8.12,8.15,7.69,7.76,47605,37329596.0,5.67,-4.43,-0.36,1.86
983,2019-07-23,7.85,7.89,7.72,7.86,20924,16382997.0,2.19,1.29,0.1,0.82
984,2019-07-24,7.9,8.0,7.8,7.9,28436,22554260.0,2.54,0.51,0.04,1.11
985,2019-07-25,7.9,7.98,7.87,7.95,22134,17553396.0,1.39,0.63,0.05,0.87
986,2019-07-26,7.91,7.95,7.81,7.89,20379,16043531.0,1.76,-0.75,-0.06,0.8
987,2019-07-29,7.97,7.97,7.84,7.88,18060,14249748.0,1.65,-0.13,-0.01,0.71
988,2019-07-30,7.85,7.95,7.85,7.91,20942,16554389.0,1.27,0.38,0.03,0.82
989,2019-07-31,7.91,7.93,7.81,7.88,16465,12947596.0,1.52,-0.38,-0.03,0.64
990,2019-08-01,7.77,7.94,7.77,7.8,19551,15330907.0,2.16,-1.02,-0.08,0.76
991,2019-08-02,7.74,7.98,7.68,7.96,47267,37300218.0,3.85,2.05,0.16,1.85
992,2019-08-05,7.96,7.96,7.76,7.81,33733,26488660.0,2.51,-1.88,-0.15,1.32
993,2019-08-06,7.64,7.78,7.21,7.46,53969,40526243.0,7.3,-4.48,-0.35,2.11
994,2019-08-07,7.46,7.58,7.38,7.45,36916,27684854.0,2.68,-0.13,-0.01,1.44
995,2019-08-08,7.47,7.53,7.41,7.43,22394,16705647.0,1.61,-0.27,-0.02,0.88
996,2019-08-09,7.44,7.48,7.1,7.22,46777,34000052.0,5.11,-2.83,-0.21,1.83
997,2019-08-12,7.3,7.4,7.18,7.39,27293,19978730.0,3.05,2.35,0.17,1.07
998,2019-08-13,7.35,7.43,7.3,7.31,20392,14966611.0,1.76,-1.08,-0.08,0.8
999,2019-08-14,7.36,7.45,7.31,7.35,20969,15489662.0,1.92,0.55,0.04,0.82
1000,2019-08-15,7.19,7.36,7.08,7.36,27929,20217835.0,3.81,0.14,0.01,1.09
1001,2019-08-16,7.38,7.48,7.33,7.39,27161,20118421.0,2.04,0.41,0.03,1.06
1002,2019-08-19,7.44,7.55,7.42,7.55,39129,29351848.0,1.76,2.17,0.16,1.53
1003,2019-08-20,7.55,7.8,7.51,7.78,56745,43431484.0,3.84,3.05,0.23,2.22
1004,2019-08-21,7.71,7.74,7.6,7.62,39289,30025102.0,1.8,-2.06,-0.16,1.54
1005,2019-08-22,7.65,7.65,7.53,7.58,24152,18279460.0,1.57,-0.52,-0.04,0.94
1006,2019-08-23,7.62,7.63,7.5,7.52,22321,16872786.0,1.72,-0.79,-0.06,0.87
1007,2019-08-26,7.43,7.48,7.33,7.44,23342,17327634.0,1.99,-1.06,-0.08,0.91
1008,2019-08-27,7.47,7.61,7.46,7.6,28449,21502682.0,2.02,2.15,0.16,1.11
1009,2019-08-28,7.59,7.8,7.58,7.71,39833,30628471.0,2.89,1.45,0.11,1.56
1010,2019-08-29,7.73,7.74,7.59,7.61,25343,19407575.0,1.95,-1.3,-0.1,0.99
1011,2019-08-30,7.68,7.68,7.45,7.49,28953,21839663.0,3.02,-1.58,-0.12,1.13
1012,2019-09-02,7.49,7.64,7.37,7.61,29620,22383868.0,3.6,1.6,0.12,1.16
1013,2019-09-03,7.62,7.66,7.55,7.65,27731,21123155.0,1.45,0.53,0.04,1.08
1014,2019-09-04,7.68,7.76,7.62,7.7,38570,29645399.0,1.83,0.65,0.05,1.51
1015,2019-09-05,7.74,7.82,7.69,7.73,56910,44140795.0,1.69,0.39,0.03,2.23
1016,2019-09-06,7.74,7.76,7.63,7.72,33245,25567028.0,1.68,-0.13,-0.01,1.3
1017,2019-09-09,7.77,7.79,7.69,7.79,40399,31298742.0,1.3,0.91,0.07,1.58
1018,2019-09-10,7.8,7.94,7.8,7.85,54297,42690216.0,1.8,0.77,0.06,2.12
1019,2019-09-11,7.86,7.88,7.82,7.87,34769,27282001.0,0.76,0.25,0.02,1.36
1020,2019-09-12,7.84,7.88,7.78,7.86,30771,24100366.0,1.27,-0.13,-0.01,1.2
1021,2019-09-16,7.87,7.92,7.8,7.83,31770,24939661.0,1.53,-0.38,-0.03,1.24
1022,2019-09-17,7.8,7.83,7.6,7.62,35162,27044468.0,2.94,-2.68,-0.21,1.37
1023,2019-09-18,7.62,7.65,7.53,7.55,26606,20186097.0,1.57,-0.92,-0.07,1.04
1024,2019-09-19,7.59,7.59,7.52,7.58,17413,13164898.0,0.93,0.4,0.03,0.68
1025,2019-09-20,7.58,7.68,7.51,7.61,24900,18980866.0,2.24,0.4,0.03,0.97
1026,2019-09-23,7.25,7.3,7.02,7.13,110693,78721173.0,3.68,-6.31,-0.48,4.33
1027,2019-09-24,7.04,7.18,7.03,7.08,48159,34190606.0,2.1,-0.7,-0.05,1.88
1028,2019-09-25,7.08,7.11,6.96,6.99,42433,29716447.0,2.12,-1.27,-0.09,1.66
1029,2019-09-26,6.96,7.03,6.81,6.85,33194,22946851.0,3.15,-2.0,-0.14,1.3
1030,2019-09-27,6.84,6.92,6.83,6.89,22431,15425502.0,1.31,0.58,0.04,0.88
1031,2019-09-30,6.92,6.92,6.82,6.83,11993,8230283.0,1.45,-0.87,-0.06,0.47
1032,2019-10-08,6.86,6.91,6.82,6.87,14028,9629093.0,1.32,0.59,0.04,0.55
1033,2019-10-09,6.82,6.9,6.81,6.9,11585,7950001.0,1.31,0.44,0.03,0.45
1034,2019-10-10,6.91,6.97,6.89,6.94,15861,10994169.0,1.16,0.58,0.04,0.62
1035,2019-10-11,6.94,6.97,6.89,6.96,17853,12387781.0,1.15,0.29,0.02,0.7
1036,2019-10-14,6.98,7.05,6.98,7.01,25850,18133408.0,1.01,0.72,0.05,1.01
1037,2019-10-15,6.98,7.0,6.91,6.93,16592,11512169.0,1.28,-1.14,-0.08,0.65
1038,2019-10-16,6.92,6.97,6.85,6.87,15642,10804916.0,1.73,-0.87,-0.06,0.61
1039,2019-10-17,6.88,6.92,6.84,6.86,11676,8033237.0,1.16,-0.15,-0.01,0.46
1040,2019-10-18,6.87,6.9,6.71,6.76,19992,13622684.0,2.77,-1.46,-0.1,0.78
1041,2019-10-21,6.76,6.81,6.67,6.8,13329,8969753.0,2.07,0.59,0.04,0.52
1042,2019-10-22,6.81,6.92,6.81,6.92,19143,13148171.0,1.62,1.76,0.12,0.75
1043,2019-10-23,6.92,6.96,6.86,6.89,16211,11208039.0,1.45,-0.43,-0.03,0.63
1044,2019-10-24,6.9,6.98,6.82,6.97,25422,17625932.0,2.32,1.16,0.08,0.99
1045,2019-10-25,6.96,7.09,6.9,7.06,29895,20980316.0,2.73,1.29,0.09,1.17
1046,2019-10-28,6.96,7.03,6.92,7.0,28746,20080520.0,1.56,-0.85,-0.06,1.12
1047,2019-10-29,7.0,7.0,6.83,6.83,31429,21677205.0,2.43,-2.43,-0.17,1.23
1048,2019-10-30,6.83,6.84,6.73,6.76,21786,14763267.0,1.61,-1.02,-0.07,0.85
1049,2019-10-31,6.76,6.82,6.68,6.69,20017,13475744.0,2.07,-1.04,-0.07,0.78
1050,2019-11-01,6.69,6.71,6.61,6.69,18097,12061257.0,1.49,0.0,0.0,0.71
1051,2019-11-04,6.71,6.71,6.63,6.63,17439,11639227.0,1.2,-0.9,-0.06,0.68
1052,2019-11-05,6.63,6.72,6.63,6.66,12782,8511944.0,1.36,0.45,0.03,0.5
1053,2019-11-06,6.64,6.66,6.52,6.55,22002,14525448.0,2.1,-1.65,-0.11,0.86
1054,2019-11-07,6.51,6.61,6.51,6.61,14490,9549772.0,1.53,0.92,0.06,0.57
1055,2019-11-08,6.61,6.67,6.59,6.59,9319,6172542.0,1.21,-0.3,-0.02,0.36
1056,2019-11-11,6.56,6.61,6.41,6.42,17853,11542714.0,3.03,-2.58,-0.17,0.7
1057,2019-11-12,6.46,6.64,6.4,6.64,15114,9834513.0,3.74,3.43,0.22,0.59
1058,2019-11-13,6.6,6.65,6.54,6.57,9835,6468094.0,1.66,-1.05,-0.07,0.38
1059,2019-11-14,6.55,6.59,6.49,6.5,9818,6400535.0,1.52,-1.07,-0.07,0.38
1060,2019-11-15,6.48,6.52,6.45,6.45,10610,6875089.0,1.08,-0.77,-0.05,0.41
1061,2019-11-18,6.44,6.58,6.43,6.56,13066,8536565.0,2.33,1.71,0.11,0.51
1062,2019-11-19,6.56,6.63,6.56,6.6,9717,6406337.0,1.07,0.61,0.04,0.38
1063,2019-11-20,6.57,6.67,6.56,6.63,13865,9175852.0,1.67,0.45,0.03,0.54
1064,2019-11-21,6.63,6.63,6.55,6.56,8358,5504943.0,1.21,-1.06,-0.07,0.33
1065,2019-11-22,6.56,6.64,6.48,6.5,12895,8467620.0,2.44,-0.91,-0.06,0.5
1066,2019-11-25,6.51,6.59,6.48,6.58,7870,5142348.0,1.69,1.23,0.08,0.31
1067,2019-11-26,6.6,6.62,6.53,6.59,8492,5580356.0,1.37,0.15,0.01,0.33
1068,2019-11-27,6.62,6.73,6.6,6.64,14075,9382289.0,1.97,0.76,0.05,0.55
1069,2019-11-28,6.59,6.7,6.59,6.65,15068,10028180.0,1.66,0.15,0.01,0.59
1070,2019-11-29,6.65,6.73,6.64,6.7,15518,10383275.0,1.35,0.75,0.05,0.61
1071,2019-12-02,6.71,6.74,6.64,6.67,8548,5701259.0,1.49,-0.45,-0.03,0.33
1072,2019-12-03,6.66,6.72,6.63,6.71,8235,5505116.0,1.35,0.6,0.04,0.32
1073,2019-12-04,6.72,6.72,6.65,6.7,12812,8565409.0,1.04,-0.15,-0.01,0.5
1074,2019-12-05,6.69,6.74,6.66,6.69,14132,9465270.0,1.19,-0.15,-0.01,0.55
1075,2019-12-06,6.67,6.7,6.61,6.67,13206,8780331.0,1.35,-0.3,-0.02,0.52
1076,2019-12-09,6.68,6.69,6.63,6.64,11472,7631098.0,0.9,-0.45,-0.03,0.45
1077,2019-12-10,6.66,6.66,6.6,6.63,10583,7010610.0,0.9,-0.15,-0.01,0.41
1078,2019-12-11,6.68,6.8,6.66,6.79,40299,27209989.0,2.11,2.41,0.16,1.58
1079,2019-12-12,6.77,6.8,6.67,6.67,22959,15437230.0,1.91,-1.77,-0.12,0.9
1080,2019-12-13,6.68,6.73,6.66,6.71,16077,10772918.0,1.05,0.6,0.04,0.63
1081,2019-12-16,6.73,6.76,6.65,6.76,24334,16318628.0,1.64,0.75,0.05,0.95
1082,2019-12-17,6.76,6.83,6.73,6.82,28872,19622137.0,1.48,0.89,0.06,1.13
1083,2019-12-18,6.82,6.9,6.79,6.87,33477,22914712.0,1.61,0.73,0.05,1.31
1084,2019-12-19,6.84,6.88,6.83,6.87,22814,15635067.0,0.73,0.0,0.0,0.89
1085,2019-12-20,6.87,6.93,6.85,6.86,32612,22444406.0,1.16,-0.15,-0.01,1.28
1086,2019-12-23,6.88,6.91,6.68,6.68,28402,19288834.0,3.35,-2.62,-0.18,1.11
1087,2019-12-24,6.73,6.85,6.7,6.84,22355,15172137.0,2.25,2.4,0.16,0.87
1088,2019-12-25,6.81,6.84,6.78,6.8,12179,8292712.0,0.88,-0.58,-0.04,0.48
1089,2019-12-26,6.8,6.96,6.79,6.94,29012,20022409.0,2.5,2.06,0.14,1.13
1090,2019-12-27,6.95,6.95,6.86,6.87,17832,12322247.0,1.3,-1.01,-0.07,0.7
1091,2019-12-30,6.85,6.93,6.76,6.91,17264,11838527.0,2.47,0.58,0.04,0.67
1092,2019-12-31,6.92,6.98,6.87,6.91,20463,14150275.0,1.59,0.0,0.0,0.8
1093,2020-01-02,6.93,7.04,6.91,7.01,30333,21180887.0,1.88,1.45,0.1,1.19
1094,2020-01-03,7.0,7.35,7.0,7.28,89303,64722114.0,4.99,3.85,0.27,3.49
1095,2020-01-06,7.19,7.31,7.11,7.28,54129,39177915.0,2.75,0.0,0.0,2.12
1096,2020-01-07,7.25,7.41,7.19,7.35,41296,30193094.0,3.02,0.96,0.07,1.61
1097,2020-01-08,7.35,7.35,7.1,7.1,37286,26776930.0,3.4,-3.4,-0.25,1.46
1098,2020-01-09,7.13,7.19,7.11,7.15,23938,17106494.0,1.13,0.7,0.05,0.94
1099,2020-01-10,7.15,7.17,7.04,7.11,24182,17131277.0,1.82,-0.56,-0.04,0.95
1100,2020-01-13,7.1,7.14,7.07,7.12,20512,14570052.0,0.98,0.14,0.01,0.8
1101,2020-01-14,7.34,7.5,7.27,7.41,112591,83209265.0,3.23,4.07,0.29,4.4
1102,2020-01-15,7.35,7.4,7.23,7.28,48793,35657653.0,2.29,-1.75,-0.13,1.91
1103,2020-01-16,7.3,7.31,7.2,7.2,26724,19362252.0,1.51,-1.1,-0.08,1.04
1104,2020-01-17,7.22,7.23,7.07,7.09,27318,19525982.0,2.22,-1.53,-0.11,1.07
1105,2020-01-20,7.1,7.17,7.06,7.17,18770,13361808.0,1.55,1.13,0.08,0.73
1106,2020-01-21,7.18,7.18,7.06,7.1,21182,15053501.0,1.67,-0.98,-0.07,0.83
1107,2020-01-22,7.1,7.1,6.92,7.04,17133,12029505.0,2.54,-0.85,-0.06,0.67
1108,2020-01-23,6.96,7.01,6.76,6.81,24830,17059532.0,3.55,-3.27,-0.23,0.97
1109,2020-02-03,6.13,6.24,6.13,6.13,48539,29792272.0,1.62,-9.99,-0.68,1.9
1110,2020-02-04,5.94,6.23,5.94,6.2,46415,28341367.0,4.73,1.14,0.07,1.81
1111,2020-02-05,6.19,6.44,6.15,6.27,39678,25040670.0,4.68,1.13,0.07,1.55
1112,2020-02-06,6.33,6.46,6.28,6.43,37000,23625845.0,2.87,2.55,0.16,1.45
1113,2020-02-07,6.43,6.54,6.32,6.46,36896,23707722.0,3.42,0.47,0.03,1.44
1114,2020-02-10,6.45,7.11,6.37,7.11,117462,81055296.0,11.46,10.06,0.65,4.59
1115,2020-02-11,7.02,7.09,6.78,6.81,81999,56263878.0,4.36,-4.22,-0.3,3.21
1116,2020-02-12,6.76,6.98,6.73,6.86,49785,34285513.0,3.67,0.73,0.05,1.95
1117,2020-02-13,6.85,7.08,6.72,7.02,78908,54725796.0,5.25,2.33,0.16,3.09
1118,2020-02-14,6.95,7.04,6.83,6.9,50382,34797606.0,2.99,-1.71,-0.12,1.97
1119,2020-02-17,6.89,7.26,6.86,7.11,76034,53795042.0,5.8,3.04,0.21,2.97
1120,2020-02-18,7.06,7.09,6.94,7.06,57560,40423294.0,2.11,-0.7,-0.05,2.25
1121,2020-02-19,7.02,7.13,6.98,6.98,40314,28432938.0,2.12,-1.13,-0.08,1.58
1122,2020-02-20,7.0,7.09,6.91,7.04,47757,33359661.0,2.58,0.86,0.06,1.87
1123,2020-02-21,7.04,7.07,6.96,6.98,44641,31269978.0,1.56,-0.85,-0.06,1.75
1124,2020-02-24,6.97,7.08,6.83,7.01,58296,40439224.0,3.58,0.43,0.03,2.28
1125,2020-02-25,6.89,6.91,6.67,6.82,47408,32314890.0,3.42,-2.71,-0.19,1.85
1126,2020-02-26,6.84,7.0,6.84,6.87,58856,40764031.0,2.35,0.73,0.05,2.3
1127,2020-02-27,6.87,6.99,6.82,6.91,55684,38530011.0,2.47,0.58,0.04,2.18
1128,2020-02-28,6.78,6.88,6.52,6.58,44532,29938324.0,5.21,-4.78,-0.33,1.74
1129,2020-03-02,6.62,6.82,6.6,6.77,25706,17346672.0,3.34,2.89,0.19,1.01
1130,2020-03-03,6.84,6.95,6.79,6.9,35963,24724797.0,2.36,1.92,0.13,1.41
1131,2020-03-04,6.84,6.94,6.82,6.94,43629,30120422.0,1.74,0.58,0.04,1.71
1132,2020-03-05,6.98,7.25,6.93,7.15,94265,66869832.0,4.61,3.03,0.21,3.69
1133,2020-03-06,7.02,7.22,7.01,7.14,61712,43939296.0,2.94,-0.14,-0.01,2.41
1134,2020-03-09,7.06,7.08,6.84,6.86,47088,32746313.0,3.36,-3.92,-0.28,1.84
1135,2020-03-10,6.76,7.07,6.72,7.06,63040,43650250.0,5.1,2.92,0.2,2.46
1136,2020-03-11,7.09,7.35,7.01,7.1,113594,81444923.0,4.82,0.57,0.04,4.44
1137,2020-03-12,7.01,7.17,6.97,7.02,50330,35458916.0,2.82,-1.13,-0.08,1.97
1138,2020-03-13,6.75,7.19,6.62,7.18,98413,68520139.0,8.12,2.28,0.16,3.85
1139,2020-03-16,7.21,7.38,7.0,7.0,101750,73270837.0,5.29,-2.51,-0.18,3.98
1140,2020-03-17,7.03,7.41,6.72,7.34,146068,104304034.0,9.86,4.86,0.34,5.71
1141,2020-03-18,7.39,7.7,7.25,7.55,216198,161890528.0,6.13,2.86,0.21,8.45
1142,2020-03-19,7.46,7.72,7.36,7.72,176287,133146359.0,4.77,2.25,0.17,6.89
1143,2020-03-20,7.7,8.14,7.55,7.56,196856,152862516.0,7.64,-2.07,-0.16,7.7
1144,2020-03-23,7.2,7.56,7.13,7.13,127130,93466258.0,5.69,-5.69,-0.43,4.97
1145,2020-03-24,7.25,7.34,7.03,7.24,88639,63865182.0,4.35,1.54,0.11,3.47
1146,2020-03-25,7.34,7.49,7.2,7.46,100168,73736317.0,4.01,3.04,0.22,3.92
1147,2020-03-26,7.38,8.21,7.37,8.21,222524,175787754.0,11.26,10.05,0.75,8.7
1148,2020-03-27,8.18,8.18,7.67,7.7,281939,222624856.0,6.21,-6.21,-0.51,11.02
1149,2020-03-30,7.75,8.2,7.75,7.82,227809,180608988.0,5.84,1.56,0.12,8.91
1150,2020-03-31,7.62,8.4,7.41,8.27,293877,233251715.0,12.66,5.75,0.45,11.53
1151,2020-04-01,8.04,8.11,7.75,7.78,205640,162541428.0,4.35,-5.93,-0.49,8.07
1152,2020-04-02,7.68,7.75,7.47,7.66,116540,88489491.0,3.6,-1.54,-0.12,4.57
1153,2020-04-03,7.62,7.9,7.6,7.77,110064,85504681.0,3.92,1.44,0.11,4.32
1154,2020-04-07,7.7,8.25,7.66,8.12,184790,148474602.0,7.59,4.5,0.35,7.25
1155,2020-04-08,8.06,8.06,7.76,7.83,142855,112569810.0,3.69,-3.57,-0.29,5.61
1156,2020-04-09,7.84,7.97,7.66,7.91,123324,96643488.0,3.96,1.02,0.08,4.84
1157,2020-04-10,7.81,7.91,7.4,7.41,132346,100687885.0,6.45,-6.32,-0.5,5.19
1158,2020-04-13,7.31,7.35,7.16,7.21,65548,47422802.0,2.56,-2.7,-0.2,2.57
1159,2020-04-14,7.23,7.3,7.19,7.3,49979,36251303.0,1.53,1.25,0.09,1.96
1160,2020-04-15,7.29,7.4,7.12,7.2,66571,48162396.0,3.84,-1.37,-0.1,2.61
1161,2020-04-16,7.18,7.23,7.1,7.16,43278,30973283.0,1.81,-0.56,-0.04,1.7
1162,2020-04-17,7.23,7.34,7.17,7.18,50520,36557913.0,2.37,0.28,0.02,1.98
1163,2020-04-20,7.11,7.23,7.1,7.18,44058,31598669.0,1.81,0.0,0.0,1.73
1164,2020-04-21,7.17,7.17,7.0,7.05,57492,40590531.0,2.37,-1.81,-0.13,2.26
1165,2020-04-22,7.0,7.32,6.94,7.3,83096,59737890.0,5.39,3.55,0.25,3.26
1166,2020-04-23,7.33,7.49,7.21,7.29,99220,72818585.0,3.84,-0.14,-0.01,3.89
1167,2020-04-24,7.27,7.32,7.03,7.16,65912,47361087.0,3.98,-1.78,-0.13,2.59
1168,2020-04-27,7.14,7.58,7.06,7.38,122941,90585670.0,7.26,3.07,0.22,4.82
1169,2020-04-28,7.33,7.79,7.06,7.75,193689,146611735.0,9.89,5.01,0.37,7.6
1170,2020-04-29,7.63,7.73,7.5,7.67,137597,104747569.0,2.97,-1.03,-0.08,5.4
1171,2020-04-30,7.6,7.83,7.58,7.68,109243,84050864.0,3.26,0.13,0.01,4.29
1172,2020-05-06,7.6,7.94,7.55,7.88,124925,97695110.0,5.08,2.6,0.2,4.9
1173,2020-05-07,7.84,8.18,7.81,7.97,149354,119811880.0,4.7,1.14,0.09,5.86
1174,2020-05-08,7.99,8.04,7.87,7.92,112071,89009324.0,2.13,-0.63,-0.05,4.4
1175,2020-05-11,7.91,8.07,7.75,7.86,96579,76307813.0,4.04,-0.76,-0.06,3.79
1176,2020-05-12,7.83,8.15,7.79,8.1,138202,110931826.0,4.58,3.05,0.24,5.42
1177,2020-05-13,8.03,8.09,7.9,8.08,86278,69113178.0,2.35,-0.25,-0.02,3.39
1178,2020-05-14,8.0,8.02,7.7,7.75,104252,81622265.0,3.96,-4.08,-0.33,4.09
1179,2020-05-15,7.76,8.53,7.73,8.27,256084,212853706.0,10.32,6.71,0.52,10.05
1180,2020-05-18,8.51,9.1,8.32,9.1,376656,328694784.0,9.43,10.04,0.83,14.78
1181,2020-05-19,8.97,9.32,8.7,8.89,347786,311450064.0,6.81,-2.31,-0.21,13.65
1182,2020-05-20,9.01,9.38,8.8,8.92,284738,258443626.0,6.52,0.34,0.03,11.17
1183,2020-05-21,8.92,9.1,8.57,8.61,205127,180616424.0,5.94,-3.48,-0.31,8.05
1184,2020-05-22,8.56,9.02,8.55,8.69,171401,150423451.0,5.46,0.93,0.08,6.73
1185,2020-05-25,8.75,9.07,8.5,8.93,188355,166754041.0,6.56,2.76,0.24,7.39
1186,2020-05-26,8.91,8.99,8.68,8.94,147693,130663446.0,3.47,0.11,0.01,5.79
1187,2020-05-27,8.85,9.36,8.7,9.15,248129,225173285.0,7.38,2.35,0.21,9.74
1188,2020-05-28,9.08,9.13,8.6,8.71,169998,150366046.0,5.79,-4.81,-0.44,6.67
1189,2020-05-29,8.62,8.86,8.5,8.61,118236,102726914.0,4.13,-1.15,-0.1,4.64
1190,2020-06-01,8.68,8.93,8.64,8.88,137437,121024666.0,3.37,3.14,0.27,5.39
1191,2020-06-02,8.89,9.25,8.72,8.87,167780,150914064.0,5.97,-0.11,-0.01,6.58
1192,2020-06-03,8.91,9.05,8.67,9.04,145294,129318759.0,4.28,1.92,0.17,5.7
1193,2020-06-04,9.04,9.76,8.93,9.57,266285,250738786.0,9.18,5.86,0.53,10.45
1194,2020-06-05,9.34,9.37,8.95,9.06,190680,174306028.0,4.39,-5.33,-0.51,7.48
1195,2020-06-08,9.08,9.15,8.76,8.81,119581,105633351.0,4.3,-2.76,-0.25,4.69
1196,2020-06-09,8.78,8.98,8.62,8.87,93386,82326779.0,4.09,0.68,0.06,3.66
1197,2020-06-10,8.83,9.03,8.76,8.84,81783,72864422.0,3.04,-0.34,-0.03,3.21
1198,2020-06-11,8.8,8.8,8.4,8.42,134270,115114590.0,4.52,-4.75,-0.42,5.27
1199,2020-06-12,8.19,8.35,8.12,8.25,81736,67526168.0,2.73,-2.02,-0.17,3.21
1200,2020-06-15,8.25,8.49,8.24,8.29,73522,61687508.0,3.03,0.48,0.04,2.88
1201,2020-06-16,8.31,8.4,8.28,8.35,54232,45238316.0,1.45,0.72,0.06,2.13
1202,2020-06-17,8.38,8.46,8.22,8.41,71668,59735938.0,2.87,0.72,0.06,2.81
1203,2020-06-18,8.35,8.47,8.3,8.34,44858,37535294.0,2.02,-0.83,-0.07,1.76
1204,2020-06-19,8.37,8.41,8.28,8.37,53851,45006816.0,1.56,0.36,0.03,2.11
1205,2020-06-22,8.4,8.5,8.25,8.47,75953,63681229.0,2.99,1.19,0.1,2.98
1206,2020-06-23,8.46,8.46,8.31,8.33,48912,40964279.0,1.77,-1.65,-0.14,1.92
1207,2020-06-24,8.29,8.29,8.01,8.02,90399,73231482.0,3.36,-3.72,-0.31,3.55
1208,2020-06-29,7.97,8.5,7.92,8.36,102259,84621199.0,7.23,4.24,0.34,4.01
1209,2020-06-30,8.35,8.53,8.26,8.47,99750,83982217.0,3.23,1.32,0.11,3.91
1210,2020-07-01,8.5,8.73,8.49,8.55,112591,96789296.0,2.83,0.94,0.08,4.42
1211,2020-07-02,8.55,8.67,8.45,8.66,88101,75705054.0,2.57,1.29,0.11,3.46
1212,2020-07-03,8.67,8.88,8.6,8.77,99182,86771582.0,3.23,1.27,0.11,3.89
1213,2020-07-06,8.81,9.08,8.71,9.04,140017,124950063.0,4.22,3.08,0.27,5.49
1214,2020-07-07,9.05,9.44,8.82,9.16,190592,174450963.0,6.86,1.33,0.12,7.48
1215,2020-07-08,9.14,9.37,9.12,9.25,138492,127613474.0,2.73,0.98,0.09,5.43
1216,2020-07-09,9.25,9.65,9.22,9.62,155603,146856315.0,4.65,4.0,0.37,6.11
1217,2020-07-10,9.59,9.66,9.25,9.28,138572,130481286.0,4.26,-3.53,-0.34,5.44
1218,2020-07-13,9.35,10.21,9.34,10.21,240317,239350589.0,9.38,10.02,0.93,9.43
1219,2020-07-14,10.41,10.79,9.73,10.42,294901,298872400.0,10.38,2.06,0.21,11.57
1220,2020-07-15,10.42,10.52,9.91,10.03,188951,191599451.0,5.85,-3.74,-0.39,7.41
1221,2020-07-16,9.9,10.0,9.37,9.42,163659,158581487.0,6.28,-6.08,-0.61,6.42
1222,2020-07-17,9.48,9.7,9.39,9.55,109068,104215642.0,3.29,1.38,0.13,4.28
1223,2020-07-20,9.64,10.2,9.64,10.2,149424,148750804.0,5.86,6.81,0.65,5.86
1224,2020-07-21,10.19,10.29,10.02,10.08,100013,101228281.0,2.65,-1.18,-0.12,3.92
1225,2020-07-22,10.03,10.68,9.98,10.46,168276,173686241.0,6.94,3.77,0.38,6.6
1226,2020-07-23,10.3,11.49,10.26,11.16,267140,290727088.0,11.76,6.69,0.7,10.48
1227,2020-07-24,11.18,11.57,10.55,10.8,259829,287529264.0,9.14,-3.23,-0.36,10.19
1228,2020-07-27,10.5,10.98,9.97,10.15,223126,232020363.0,9.35,-6.02,-0.65,8.75
1229,2020-07-28,10.08,10.28,9.97,10.26,137375,139381675.0,3.05,1.08,0.11,5.39
1230,2020-07-29,10.08,10.34,9.89,10.25,127669,129253861.0,4.39,-0.1,-0.01,5.01
1231,2020-07-30,10.17,10.57,10.13,10.43,156230,162534700.0,4.29,1.76,0.18,6.13
1232,2020-07-31,10.34,10.38,10.1,10.23,134377,137441368.0,2.68,-1.92,-0.2,5.27
1233,2020-08-03,10.24,10.7,10.21,10.58,137097,144163165.0,4.79,3.42,0.35,5.38
1234,2020-08-04,10.69,10.97,10.4,10.53,177306,190795247.0,5.39,-0.47,-0.05,6.96
1235,2020-08-05,10.38,10.78,10.2,10.78,133669,140126318.0,5.51,2.37,0.25,5.24
1236,2020-08-06,10.65,10.75,10.3,10.48,110624,115985104.0,4.17,-2.78,-0.3,4.34
1237,2020-08-07,10.44,10.52,9.87,10.09,119427,121292562.0,6.2,-3.72,-0.39,4.69
1238,2020-08-10,10.0,10.14,9.91,10.06,59743,59894574.0,2.28,-0.3,-0.03,2.34
1239,2020-08-11,10.09,10.25,9.88,9.91,72892,73510726.0,3.68,-1.49,-0.15,2.86
1240,2020-08-12,9.89,10.1,9.55,9.71,80778,78887265.0,5.55,-2.02,-0.2,3.17
1241,2020-08-13,9.77,10.24,9.7,10.16,122815,123982772.0,5.56,4.63,0.45,4.82
1242,2020-08-14,10.24,10.24,9.83,10.07,82604,82320543.0,4.04,-0.89,-0.09,3.24
1243,2020-08-17,10.0,10.37,9.94,10.35,116416,118678870.0,4.27,2.78,0.28,4.57
1244,2020-08-18,10.3,10.7,10.29,10.54,141208,148865468.0,3.96,1.84,0.19,5.54
1245,2020-08-19,10.44,10.93,10.39,10.63,181534,194661967.0,5.12,0.85,0.09,7.12
1246,2020-08-20,10.5,10.93,10.22,10.42,133193,140921345.0,6.68,-1.98,-0.21,5.23
1247,2020-08-21,10.53,11.0,10.52,10.75,151555,163389091.0,4.61,3.17,0.33,5.95
1248,2020-08-24,10.76,11.0,10.45,10.89,143975,154824734.0,5.12,1.3,0.14,5.65
1249,2020-08-25,11.11,11.16,10.48,10.52,123419,132877066.0,6.24,-3.4,-0.37,4.84
1250,2020-08-26,10.47,10.76,9.96,10.03,134178,138234050.0,7.6,-4.66,-0.49,5.26
1251,2020-08-27,10.09,10.12,9.89,9.99,65546,65517387.0,2.29,-0.4,-0.04,2.57
1252,2020-08-28,10.04,10.12,9.79,10.05,74667,74398534.0,3.3,0.6,0.06,2.93
1253,2020-08-31,10.05,10.16,10.0,10.09,58687,59198369.0,1.59,0.4,0.04,2.3
1254,2020-09-01,10.08,10.09,9.9,10.04,45584,45462304.0,1.88,-0.5,-0.05,1.79
1255,2020-09-02,9.99,10.23,9.93,9.97,54533,54687175.0,2.99,-0.7,-0.07,2.14
1256,2020-09-03,9.9,9.94,9.7,9.75,63761,62331270.0,2.41,-2.21,-0.22,2.5
1257,2020-09-04,9.65,9.65,9.3,9.44,85947,81103187.0,3.59,-3.18,-0.31,3.37
1258,2020-09-07,9.43,9.49,9.09,9.13,68865,63957332.0,4.24,-3.28,-0.31,2.7
1259,2020-09-08,9.13,9.3,9.01,9.24,48075,44069338.0,3.18,1.2,0.11,1.89
1260,2020-09-09,9.15,9.34,9.02,9.04,44631,40766016.0,3.46,-2.16,-0.2,1.75
1261,2020-09-10,9.05,9.12,8.75,8.79,55214,49165798.0,4.09,-2.77,-0.25,2.17
1262,2020-09-11,8.7,8.93,8.67,8.91,32448,28625517.0,2.96,1.37,0.12,1.27
1263,2020-09-14,8.89,9.04,8.88,9.01,30446,27290950.0,1.8,1.12,0.1,1.19
1264,2020-09-15,9.03,9.03,8.87,8.93,21852,19498568.0,1.78,-0.89,-0.08,0.86
1265,2020-09-16,8.87,8.96,8.76,8.82,23653,20925572.0,2.24,-1.23,-0.11,0.93
1266,2020-09-17,8.82,8.82,8.59,8.74,35707,31046621.0,2.61,-0.91,-0.08,1.4
1267,2020-09-18,8.74,8.88,8.66,8.88,31842,27968484.0,2.52,1.6,0.14,1.25
1268,2020-09-21,8.83,9.04,8.82,8.99,30747,27517997.0,2.48,1.24,0.11,1.21
1269,2020-09-22,8.88,9.05,8.81,8.86,23484,20932873.0,2.67,-1.45,-0.13,0.92
1270,2020-09-23,8.86,8.89,8.76,8.77,21443,18886684.0,1.47,-1.02,-0.09,0.84
1271,2020-09-24,8.7,8.92,8.63,8.64,32583,28600164.0,3.31,-1.48,-0.13,1.28
1272,2020-09-25,9.5,9.5,9.5,9.5,44424,42203018.0,0.0,9.95,0.86,1.74
1273,2020-09-28,9.98,9.98,9.33,9.51,166144,160108474.0,6.84,0.11,0.01,6.52
1274,2020-09-29,9.41,9.48,9.16,9.31,81322,75615901.0,3.36,-2.1,-0.2,3.19
1275,2020-09-30,9.28,9.45,9.1,9.1,60819,56280771.0,3.76,-2.26,-0.21,2.39
1276,2020-10-09,9.2,9.47,9.18,9.38,68204,63747015.0,3.19,3.08,0.28,2.68
1277,2020-10-12,9.43,9.6,9.36,9.6,65522,62387306.0,2.56,2.35,0.22,2.57
1278,2020-10-13,9.7,9.73,9.48,9.58,58059,55523403.0,2.6,-0.21,-0.02,2.28
1279,2020-10-14,9.58,9.63,9.4,9.43,40911,38851029.0,2.4,-1.57,-0.15,1.61
1280,2020-10-15,9.43,9.47,9.32,9.41,28261,26541255.0,1.59,-0.21,-0.02,1.11
1281,2020-10-16,9.41,9.5,9.35,9.42,27102,25486329.0,1.59,0.11,0.01,1.06
1282,2020-10-19,9.48,9.65,9.33,9.38,36237,34341029.0,3.4,-0.42,-0.04,1.42
1283,2020-10-20,9.3,9.6,9.2,9.58,45714,43165352.0,4.26,2.13,0.2,1.79
1284,2020-10-21,9.58,9.68,9.38,9.44,34412,32653481.0,3.13,-1.46,-0.14,1.35
1285,2020-10-22,9.55,9.89,9.46,9.8,133740,129976653.0,4.56,3.81,0.36,5.25
1286,2020-10-23,9.74,9.83,9.54,9.64,71090,68709180.0,2.96,-1.63,-0.16,2.79
1287,2020-10-26,9.57,9.72,9.4,9.49,52824,50252079.0,3.32,-1.56,-0.15,2.07
1288,2020-10-27,9.38,9.58,9.34,9.48,34310,32487267.0,2.53,-0.11,-0.01,1.35
1289,2020-10-28,9.48,9.49,9.05,9.26,59029,54404879.0,4.64,-2.32,-0.22,2.32
1290,2020-10-29,9.08,9.25,9.08,9.2,32782,30040817.0,1.84,-0.65,-0.06,1.29
1291,2020-10-30,9.22,9.37,8.9,8.96,50884,46748539.0,5.11,-2.61,-0.24,2.0
1292,2020-11-02,8.91,9.03,8.82,8.93,40888,36383419.0,2.34,-0.33,-0.03,1.6
1293,2020-11-03,8.98,9.17,8.86,9.1,31792,28704467.0,3.47,1.9,0.17,1.25
1294,2020-11-04,9.12,9.15,8.88,8.99,25930,23339656.0,2.97,-1.21,-0.11,1.02
1295,2020-11-05,9.05,9.19,9.01,9.17,31751,28877898.0,2.0,2.0,0.18,1.25
1296,2020-11-06,9.18,9.18,9.05,9.12,19097,17381037.0,1.42,-0.55,-0.05,0.75
1297,2020-11-09,9.16,9.24,9.11,9.21,39887,36637256.0,1.43,0.99,0.09,1.56
1298,2020-11-10,9.26,9.26,9.05,9.1,30223,27647135.0,2.28,-1.19,-0.11,1.19
1299,2020-11-11,9.11,9.33,9.03,9.14,36145,33298709.0,3.3,0.44,0.04,1.42
1300,2020-11-12,9.1,9.16,9.06,9.14,21002,19144772.0,1.09,0.0,0.0,0.82
1301,2020-11-13,9.1,9.1,8.92,8.97,29880,26813078.0,1.97,-1.86,-0.17,1.17
1302,2020-11-16,9.0,9.17,8.96,9.12,29107,26409652.0,2.34,1.67,0.15,1.14
1303,2020-11-17,9.12,9.19,9.08,9.15,26518,24194006.0,1.21,0.33,0.03,1.04
1304,2020-11-18,9.11,9.22,9.1,9.15,26301,24093801.0,1.31,0.0,0.0,1.03
1305,2020-11-19,9.15,9.17,9.07,9.16,19127,17462320.0,1.09,0.11,0.01,0.75
1306,2020-11-20,9.14,9.33,9.12,9.28,40588,37502217.0,2.29,1.31,0.12,1.59
1307,2020-11-23,9.28,9.47,9.25,9.39,46301,43450522.0,2.37,1.19,0.11,1.82
1308,2020-11-24,9.37,9.46,9.31,9.32,27795,26015942.0,1.6,-0.75,-0.07,1.09
1309,2020-11-25,9.37,9.37,9.15,9.16,33760,31248642.0,2.36,-1.72,-0.16,1.32
1310,2020-11-26,9.17,9.24,9.1,9.11,21895,20032904.0,1.53,-0.55,-0.05,0.86
1311,2020-11-27,9.1,9.22,9.07,9.2,29334,26846373.0,1.65,0.99,0.09,1.15
1312,2020-11-30,9.21,9.41,9.2,9.34,41802,38959949.0,2.28,1.52,0.14,1.64
1313,2020-12-01,9.3,9.43,9.26,9.42,40521,38042254.0,1.82,0.86,0.08,1.59
1314,2020-12-02,9.42,9.52,9.36,9.38,35517,33447990.0,1.7,-0.42,-0.04,1.39
1315,2020-12-03,9.36,9.63,9.31,9.57,66431,63055045.0,3.41,2.03,0.19,2.61
1316,2020-12-04,9.59,9.76,9.45,9.7,74082,71339213.0,3.24,1.36,0.13,2.91
1317,2020-12-07,9.68,10.15,9.58,9.97,136909,136288265.0,5.88,2.78,0.27,5.37
1318,2020-12-08,9.91,10.02,9.73,9.82,77307,76151629.0,2.91,-1.5,-0.15,3.03
1319,2020-12-09,9.77,9.99,9.56,9.62,76468,74868314.0,4.38,-2.04,-0.2,3.0
1320,2020-12-10,9.61,9.94,9.57,9.74,78196,76567243.0,3.85,1.25,0.12,3.07
1321,2020-12-11,9.7,10.15,9.57,10.08,137274,136253415.0,5.95,3.49,0.34,5.39
1322,2020-12-14,10.13,10.56,10.02,10.37,208034,215801502.0,5.36,2.88,0.29,8.16
1323,2020-12-15,10.29,10.33,9.99,10.11,110266,111544721.0,3.28,-2.51,-0.26,4.33
1324,2020-12-16,10.08,10.45,10.03,10.45,126348,129925489.0,4.15,3.36,0.34,4.96
1325,2020-12-17,10.4,10.49,10.14,10.3,98147,100671711.0,3.35,-1.44,-0.15,3.85
1326,2020-12-18,10.21,10.28,10.02,10.09,89591,90682096.0,2.52,-2.04,-0.21,3.52
1327,2020-12-21,10.19,10.52,10.15,10.37,122880,127281352.0,3.67,2.78,0.28,4.82
1328,2020-12-22,10.25,10.39,9.85,9.92,114888,115746183.0,5.21,-4.34,-0.45,4.51
1329,2020-12-23,9.84,10.15,9.76,10.04,88510,88172486.0,3.93,1.21,0.12,3.47
1330,2020-12-24,9.98,10.11,9.45,9.5,99174,96972140.0,6.57,-5.38,-0.54,3.89
1331,2020-12-25,9.5,9.56,9.1,9.12,89973,83424480.0,4.84,-4.0,-0.38,3.53
1332,2020-12-28,9.65,10.03,9.49,10.03,74191,72859776.0,5.92,9.98,0.91,2.91
1333,2020-12-29,10.6,11.0,10.2,10.27,344774,363749056.0,7.98,2.39,0.24,13.53
1334,2020-12-30,10.43,11.3,10.39,11.3,385572,426566208.0,8.86,10.03,1.03,15.13
1335,2020-12-31,11.73,12.08,10.84,11.55,487324,563172400.0,10.97,2.21,0.25,19.12
1336,2021-01-04,11.22,11.8,11.13,11.49,331539,378947120.0,5.8,-0.52,-0.06,13.01
1337,2021-01-05,11.11,11.28,10.78,11.04,293087,323020768.0,4.35,-3.92,-0.45,11.5
1338,2021-01-06,10.95,11.2,10.63,10.72,204134,221713206.0,5.16,-2.9,-0.32,8.01
1339,2021-01-07,10.67,11.04,10.6,10.77,172597,187071533.0,4.1,0.47,0.05,6.77
1340,2021-01-08,10.48,10.5,10.1,10.22,164227,168278098.0,3.71,-5.11,-0.55,6.44
1341,2021-01-11,10.22,10.23,9.65,9.72,128364,126589831.0,5.68,-4.89,-0.5,5.04
1342,2021-01-12,9.69,10.14,9.68,9.83,112683,110845271.0,4.73,1.13,0.11,4.42
1343,2021-01-13,9.79,9.83,9.24,9.4,120962,114452530.0,6.0,-4.37,-0.43,4.75
1344,2021-01-14,9.26,9.38,9.0,9.03,99695,90771426.0,4.04,-3.94,-0.37,3.91
1345,2021-01-15,9.03,9.19,9.02,9.13,70497,64168324.0,1.88,1.11,0.1,2.77
1346,2021-01-18,9.14,9.38,9.11,9.37,77830,72247617.0,2.96,2.63,0.24,3.05
1347,2021-01-19,9.3,9.3,9.13,9.2,67255,62065072.0,1.81,-1.81,-0.17,2.64
1348,2021-01-20,9.18,9.27,9.09,9.23,47262,43392305.0,1.96,0.33,0.03,1.85
1349,2021-01-21,9.22,9.33,9.15,9.28,60294,55833559.0,1.95,0.54,0.05,2.37
1350,2021-01-22,9.28,9.3,9.01,9.03,80039,72635670.0,3.13,-2.69,-0.25,3.14
1351,2021-01-25,8.95,8.95,8.6,8.93,104653,91765216.0,3.88,-1.11,-0.1,4.11
1352,2021-01-26,8.87,9.11,8.75,9.0,70813,63309155.0,4.03,0.78,0.07,2.78
1353,2021-01-27,9.03,9.03,8.8,8.86,49180,43670921.0,2.56,-1.56,-0.14,1.93
1354,2021-01-28,8.8,9.04,8.7,8.8,60361,53710332.0,3.84,-0.68,-0.06,2.37
1355,2021-01-29,8.78,8.82,8.38,8.46,71218,61141718.0,5.0,-3.86,-0.34,2.79
1356,2021-02-01,8.41,8.48,8.27,8.43,42482,35572269.0,2.48,-0.35,-0.03,1.67
1357,2021-02-02,8.44,8.46,8.32,8.4,28428,23824521.0,1.66,-0.36,-0.03,1.12
1358,2021-02-03,8.5,8.58,8.43,8.46,44895,38214142.0,1.79,0.71,0.06,1.76
1359,2021-02-04,8.45,8.45,8.07,8.13,50459,41328275.0,4.49,-3.9,-0.33,1.98
1360,2021-02-05,8.11,8.26,7.85,7.87,47899,38544204.0,5.04,-3.2,-0.26,1.88
1361,2021-02-08,7.93,7.97,7.75,7.83,26869,21121782.0,2.8,-0.51,-0.04,1.05
1362,2021-02-09,7.88,8.14,7.81,8.09,38560,30838016.0,4.21,3.32,0.26,1.51
1363,2021-02-10,8.09,8.21,8.06,8.12,25487,20672096.0,1.85,0.37,0.03,1.0
1364,2021-02-18,8.22,8.37,8.22,8.32,37361,31007518.0,1.85,2.46,0.2,1.47
1365,2021-02-19,8.34,8.81,8.3,8.8,69516,59978706.0,6.13,5.77,0.48,2.73
1366,2021-02-22,8.9,9.12,8.81,8.9,89070,79843973.0,3.52,1.14,0.1,3.49
1367,2021-02-23,8.85,8.85,8.61,8.65,50386,43865161.0,2.7,-2.81,-0.25,1.98
1368,2021-02-24,8.68,8.79,8.55,8.7,35359,30787512.0,2.77,0.58,0.05,1.39
1369,2021-02-25,8.71,8.75,8.55,8.65,31082,26787492.0,2.3,-0.57,-0.05,1.22
1370,2021-02-26,8.59,8.88,8.51,8.85,52273,45814258.0,4.28,2.31,0.2,2.05
1371,2021-03-01,8.86,8.95,8.75,8.93,47989,42588106.0,2.26,0.9,0.08,1.88
1372,2021-03-02,8.99,9.0,8.74,8.75,31965,28148080.0,2.91,-2.02,-0.18,1.25
1373,2021-03-03,8.73,8.99,8.71,8.84,33105,29312996.0,3.2,1.03,0.09,1.3
1374,2021-03-04,8.84,8.84,8.66,8.72,33592,29368714.0,2.04,-1.36,-0.12,1.32
1375,2021-03-05,8.7,8.82,8.63,8.8,27662,24229063.0,2.18,0.92,0.08,1.09
1376,2021-03-08,8.85,8.89,8.66,8.68,29200,25606728.0,2.61,-1.36,-0.12,1.15
1377,2021-03-09,8.7,8.76,8.42,8.56,37876,32505523.0,3.92,-1.38,-0.12,1.49
1378,2021-03-10,8.6,8.62,8.24,8.29,34721,29173514.0,4.44,-3.15,-0.27,1.36
1379,2021-03-11,8.31,8.49,8.26,8.48,23007,19346971.0,2.77,2.29,0.19,0.9
1380,2021-03-12,8.47,8.57,8.34,8.56,23789,20121253.0,2.71,0.94,0.08,0.93
1381,2021-03-15,8.55,8.6,8.45,8.59,22254,19025792.0,1.75,0.35,0.03,0.87
1382,2021-03-16,8.62,8.7,8.56,8.69,24885,21457416.0,1.63,1.16,0.1,0.98
1383,2021-03-17,8.72,9.18,8.71,9.14,110191,99417556.0,5.41,5.18,0.45,4.32
1384,2021-03-18,9.0,9.05,8.86,9.01,64645,57802735.0,2.08,-1.42,-0.13,2.54
1385,2021-03-19,8.9,9.12,8.89,9.05,50324,45367341.0,2.55,0.44,0.04,1.97
1386,2021-03-22,9.05,9.12,8.97,9.1,45968,41645761.0,1.66,0.55,0.05,1.8
1387,2021-03-23,9.1,9.15,8.95,9.12,48172,43575773.0,2.2,0.22,0.02,1.89
1388,2021-03-24,9.11,9.42,9.1,9.31,72762,67578947.0,3.51,2.08,0.19,2.85
1389,2021-03-25,9.35,9.89,9.3,9.42,110796,105937709.0,6.34,1.18,0.11,4.35
1390,2021-03-26,9.22,9.22,8.91,9.13,103048,93441683.0,3.29,-3.08,-0.29,4.04
1391,2021-03-29,9.05,9.18,8.99,9.03,50437,45796694.0,2.08,-1.1,-0.1,1.98
1392,2021-03-30,9.01,9.07,8.91,8.93,42419,38035740.0,1.77,-1.11,-0.1,1.66
1393,2021-03-31,8.94,9.02,8.82,8.98,33981,30366737.0,2.24,0.56,0.05,1.32
1394,2021-04-01,8.97,9.03,8.85,8.87,34433,30708199.0,2.0,-1.22,-0.11,1.34
1395,2021-04-02,8.82,8.85,8.63,8.74,38789,33847678.0,2.48,-1.47,-0.13,1.51
1396,2021-04-06,8.75,8.81,8.74,8.77,23295,20443621.0,0.8,0.34,0.03,0.91
1397,2021-04-07,8.78,9.06,8.77,9.04,53275,47720535.0,3.31,3.08,0.27,2.08
1398,2021-04-08,9.0,9.04,8.91,8.97,28389,25501441.0,1.44,-0.77,-0.07,1.11
1399,2021-04-09,9.03,9.08,8.98,9.07,28633,25879302.0,1.11,1.11,0.1,1.12
1400,2021-04-12,9.1,9.24,8.91,8.92,36797,33270583.0,3.64,-1.65,-0.15,1.43
1401,2021-04-13,8.83,9.8,8.82,9.43,133205,124112552.0,10.99,5.72,0.51,5.19
1402,2021-04-14,9.41,9.42,9.14,9.25,99496,91774992.0,2.97,-1.91,-0.18,3.88
1403,2021-04-15,9.19,9.31,9.06,9.08,51240,46829351.0,2.7,-1.84,-0.17,2.0
1404,2021-04-16,9.07,9.15,8.98,9.13,44633,40541544.0,1.87,0.55,0.05,1.74
1405,2021-04-19,9.13,9.19,9.06,9.18,47541,43465458.0,1.42,0.55,0.05,1.85
1406,2021-04-20,9.17,9.25,9.06,9.06,50615,46312488.0,2.07,-1.31,-0.12,1.97
1407,2021-04-21,8.78,8.78,8.22,8.25,142690,119853087.0,6.18,-8.94,-0.81,5.56
1408,2021-04-22,8.29,8.35,8.18,8.19,54954,45359018.0,2.06,-0.73,-0.06,2.14
1409,2021-04-23,8.16,8.2,7.95,8.07,63032,50755712.0,3.05,-1.47,-0.12,2.46
1410,2021-04-26,8.04,8.08,7.93,7.95,34663,27704160.0,1.86,-1.49,-0.12,1.35
1411,2021-04-27,7.97,8.0,7.79,7.84,33237,26187704.0,2.64,-1.38,-0.11,1.29
1412,2021-04-28,7.83,7.94,7.8,7.91,24290,19159537.0,1.79,0.89,0.07,0.95
1413,2021-04-29,7.86,7.93,7.86,7.89,18812,14861054.0,0.88,-0.25,-0.02,0.73
1414,2021-04-30,7.92,7.92,7.76,7.8,26349,20626561.0,2.03,-1.14,-0.09,1.03
1415,2021-05-06,7.83,7.93,7.8,7.91,24017,18932081.0,1.67,1.41,0.11,0.94
1416,2021-05-07,7.92,7.93,7.86,7.9,22013,17365688.0,0.88,-0.13,-0.01,0.86
1417,2021-05-10,7.9,7.92,7.83,7.91,19949,15714783.0,1.14,0.13,0.01,0.78
1418,2021-05-11,7.9,8.1,7.86,8.08,35905,28828152.0,3.03,2.15,0.17,1.4
1419,2021-05-12,8.07,8.18,7.98,8.15,33782,27363894.0,2.48,0.87,0.07,1.32
1420,2021-05-13,8.09,8.09,8.02,8.05,21687,17460968.0,0.86,-1.23,-0.1,0.84
1421,2021-05-14,8.04,8.12,8.03,8.1,23787,19250906.0,1.12,0.62,0.05,0.93
1422,2021-05-17,8.1,8.11,7.99,8.0,22644,18136550.0,1.48,-1.23,-0.1,0.88
1423,2021-05-18,8.01,8.01,7.88,7.9,24725,19592550.0,1.63,-1.25,-0.1,0.96
1424,2021-05-19,7.9,7.94,7.86,7.9,16146,12737030.0,1.01,0.0,0.0,0.63
1425,2021-05-20,7.86,7.86,7.75,7.75,18463,14359332.0,1.39,-1.9,-0.15,0.72
1426,2021-05-21,7.78,7.94,7.75,7.85,21547,16950722.0,2.45,1.29,0.1,0.84
1427,2021-05-24,7.89,7.94,7.83,7.9,18278,14379287.0,1.4,0.64,0.05,0.71
1428,2021-05-25,7.9,7.93,7.85,7.91,21762,17185159.0,1.01,0.13,0.01,0.85
1429,2021-05-26,7.94,7.95,7.88,7.93,20358,16132952.0,0.88,0.25,0.02,0.79
1430,2021-05-27,7.93,7.98,7.9,7.97,21459,17048053.0,1.01,0.5,0.04,0.84
1431,2021-05-28,7.95,7.97,7.89,7.9,19802,15674186.0,1.0,-0.88,-0.07,0.77
1432,2021-05-31,7.9,7.9,7.83,7.87,17585,13823186.0,0.89,-0.38,-0.03,0.69
1433,2021-06-01,7.89,7.96,7.87,7.95,24619,19529468.0,1.14,1.02,0.08,0.96
1434,2021-06-02,7.95,7.98,7.88,7.9,24067,19065405.0,1.26,-0.63,-0.05,0.94
1435,2021-06-03,7.95,7.96,7.89,7.89,19767,15663225.0,0.89,-0.13,-0.01,0.77
1436,2021-06-04,7.92,8.04,7.88,7.95,25113,19978982.0,2.03,0.76,0.06,0.98
1437,2021-06-07,7.95,7.97,7.85,7.86,21610,17042668.0,1.51,-1.13,-0.09,0.84
1438,2021-06-08,7.87,7.93,7.83,7.89,15555,12246110.0,1.27,0.38,0.03,0.61
1439,2021-06-09,7.9,7.91,7.87,7.89,12114,9555277.0,0.51,0.0,0.0,0.47
1440,2021-06-10,7.91,7.91,7.82,7.83,25739,20206312.0,1.14,-0.76,-0.06,1.0
1441,2021-06-11,7.83,7.86,7.78,7.81,17238,13481678.0,1.02,-0.26,-0.02,0.67
1442,2021-06-15,7.8,8.17,7.78,8.14,97593,78296961.0,4.99,4.23,0.33,3.8
1443,2021-06-16,8.17,8.88,8.17,8.49,165263,140499586.0,8.72,4.3,0.35,6.44
1444,2021-06-17,8.29,8.65,8.26,8.5,82714,70105799.0,4.59,0.12,0.01,3.22
1445,2021-06-18,8.41,8.88,8.25,8.76,104618,89364377.0,7.41,3.06,0.26,4.08
1446,2021-06-21,9.64,9.64,9.64,9.64,32142,30985235.0,0.0,10.05,0.88,1.25
1447,2021-06-22,10.6,10.6,10.6,10.6,17006,18025999.0,0.0,9.96,0.96,0.66
1448,2021-06-23,11.66,11.66,11.66,11.66,30601,35681115.0,0.0,10.0,1.06,1.19
1449,2021-06-24,12.83,12.83,12.83,12.83,58099,74540555.0,0.0,10.03,1.17,2.26
1450,2021-06-25,14.11,14.11,14.11,14.11,393430,555129200.0,0.0,9.98,1.28,15.33
1451,2021-06-28,15.28,15.52,14.97,15.52,762218,1172117344.0,3.9,9.99,1.41,29.7
1452,2021-06-29,15.22,17.07,15.02,16.42,802681,1299030256.0,13.21,5.8,0.9,31.27
1453,2021-06-30,17.06,17.24,15.0,15.9,886849,1427751744.0,13.64,-3.17,-0.52,34.17
1454,2021-07-01,15.42,17.07,15.3,16.08,751681,1226181504.0,11.13,1.13,0.18,28.96
1455,2021-07-02,16.08,16.84,15.2,16.05,663711,1070327952.0,10.2,-0.19,-0.03,25.57
1456,2021-07-05,15.67,15.77,14.45,14.7,538830,805896800.0,8.22,-8.41,-1.35,20.76
1457,2021-07-06,14.82,15.45,14.09,15.25,554210,823493536.0,9.25,3.74,0.55,21.35
1458,2021-07-07,14.96,15.85,14.52,14.95,477372,718092064.0,8.72,-1.97,-0.3,18.39
1459,2021-07-08,14.59,14.84,14.01,14.08,384636,553723168.0,5.55,-5.82,-0.87,14.82
1460,2021-07-09,13.82,13.94,13.16,13.44,374775,505098720.0,5.54,-4.55,-0.64,14.44
1461,2021-07-12,13.43,14.05,13.12,13.8,364633,499301088.0,6.92,2.68,0.36,14.05
1462,2021-07-13,13.36,14.58,13.26,14.12,441984,616339456.0,9.57,2.32,0.32,17.03
1463,2021-07-14,13.68,15.09,13.35,14.64,556519,803153952.0,12.32,3.68,0.52,21.44
1464,2021-07-15,14.26,14.74,13.31,13.9,435769,613258464.0,9.77,-5.05,-0.74,16.79
1465,2021-07-16,13.59,14.5,13.3,14.04,412037,569171472.0,8.63,1.01,0.14,15.88
1466,2021-07-19,13.92,14.78,13.58,14.71,406394,575732304.0,8.55,4.77,0.67,15.66
1467,2021-07-20,14.32,16.18,14.32,15.34,642692,999336112.0,12.64,4.28,0.63,24.76
1468,2021-07-21,15.34,16.09,14.92,15.9,520892,801940624.0,7.63,3.65,0.56,20.07
1469,2021-07-22,15.61,15.94,14.61,14.71,413722,631938672.0,8.36,-7.48,-1.19,15.94
1470,2021-07-23,14.6,14.73,13.9,13.91,303728,433831568.0,5.64,-5.44,-0.8,11.7
1471,2021-07-26,13.55,13.7,12.52,12.84,335320,437492368.0,8.48,-7.69,-1.07,12.92
1472,2021-07-27,12.8,13.23,12.4,12.58,240267,308598048.0,6.46,-2.02,-0.26,9.26
1473,2021-07-28,12.6,12.98,12.15,12.79,215072,268951040.0,6.6,1.67,0.21,8.29
1474,2021-07-29,12.7,12.9,12.21,12.27,225702,282083088.0,5.39,-4.07,-0.52,8.7
1475,2021-07-30,12.13,12.13,11.04,11.04,378277,430209360.0,8.88,-10.02,-1.23,14.57
1476,2021-08-02,10.67,12.0,10.67,11.8,367858,421803776.0,12.05,6.88,0.76,14.17
1477,2021-08-03,11.75,11.92,11.4,11.47,246587,286307840.0,4.41,-2.8,-0.33,9.5
1478,2021-08-04,11.51,11.63,11.28,11.43,177517,202819273.0,3.05,-0.35,-0.04,6.84
1479,2021-08-05,11.33,11.59,10.97,11.02,213887,239276933.0,5.42,-3.59,-0.41,8.24
1480,2021-08-06,10.97,11.25,10.78,10.86,217926,238072033.0,4.26,-1.45,-0.16,8.4
1481,2021-08-09,10.78,11.34,10.75,11.17,215021,239562144.0,5.43,2.85,0.31,8.28
1482,2021-08-10,11.24,11.78,10.99,11.55,325813,371988400.0,7.07,3.4,0.38,12.55
1483,2021-08-11,11.4,11.48,11.11,11.25,235512,264675947.0,3.2,-2.6,-0.3,9.07
1484,2021-08-12,11.4,11.85,11.2,11.39,246103,282192176.0,5.78,1.24,0.14,9.48
1485,2021-08-13,11.62,12.53,11.42,12.53,365077,432393200.0,9.75,10.01,1.14,14.07
1486,2021-08-16,12.89,13.78,12.79,13.78,248654,333926640.0,7.9,9.98,1.25,9.58
1487,2021-08-17,14.16,14.7,12.95,13.0,456976,621691440.0,12.7,-5.66,-0.78,17.61
1488,2021-08-18,13.04,13.74,13.0,13.4,278978,373298912.0,5.69,3.08,0.4,10.75
1489,2021-08-19,13.13,13.25,12.65,12.75,252117,323932240.0,4.48,-4.85,-0.65,9.71
1490,2021-08-20,12.51,12.88,12.31,12.63,201548,253972060.0,4.47,-0.94,-0.12,7.77
1491,2021-08-23,12.3,12.8,12.21,12.41,153902,191579636.0,4.67,-1.74,-0.22,5.93
1492,2021-08-24,12.31,13.48,12.22,12.84,250408,320574832.0,10.15,3.46,0.43,9.65
1493,2021-08-25,12.7,13.11,12.47,12.55,197927,252691785.0,4.98,-2.26,-0.29,7.63
1494,2021-08-26,12.34,12.47,12.04,12.05,167979,205795729.0,3.43,-3.98,-0.5,6.47
1495,2021-08-27,11.63,12.02,11.54,11.87,204487,240150234.0,3.98,-1.49,-0.18,7.88
1496,2021-08-30,11.62,11.91,11.48,11.48,145236,168700912.0,3.62,-3.29,-0.39,5.6
1497,2021-08-31,11.42,11.47,11.09,11.34,109324,123252318.0,3.31,-1.22,-0.14,4.21
1498,2021-09-01,11.26,12.09,11.19,11.83,197346,231293374.0,7.94,4.32,0.49,7.6
1499,2021-09-02,11.78,11.78,11.41,11.5,126644,146144834.0,3.13,-2.79,-0.33,4.88
1500,2021-09-03,11.35,12.09,11.25,11.95,185573,219363529.0,7.3,3.91,0.45,7.15
1501,2021-09-06,11.89,12.5,11.68,12.18,198591,241682252.0,6.86,1.92,0.23,7.65
1502,2021-09-07,12.02,12.32,11.93,12.2,143514,174180059.0,3.2,0.16,0.02,5.53
1503,2021-09-08,12.19,12.68,11.99,12.41,211614,260654267.0,5.66,1.72,0.21,8.15
1504,2021-09-09,12.27,12.63,12.11,12.16,144384,177754013.0,4.19,-2.01,-0.25,5.56
1505,2021-09-10,12.05,12.57,11.95,12.41,147112,181319938.0,5.1,2.06,0.25,5.67
1506,2021-09-13,12.31,12.37,11.85,11.9,139210,167741479.0,4.19,-4.11,-0.51,5.36
1507,2021-09-14,11.83,12.18,11.78,11.93,99295,119011546.0,3.36,0.25,0.03,3.83
1508,2021-09-15,11.77,11.8,11.51,11.61,105202,122375818.0,2.43,-2.68,-0.32,4.05
1509,2021-09-16,11.62,12.24,11.61,11.86,151064,180447417.0,5.43,2.15,0.25,5.82
1510,2021-09-17,11.86,11.96,11.31,11.65,126148,146274047.0,5.48,-1.77,-0.21,4.86
1511,2021-09-22,11.56,11.56,11.13,11.17,101729,114090581.0,3.69,-4.12,-0.48,3.92
1512,2021-09-23,11.18,11.43,11.18,11.22,77203,87180964.0,2.24,0.45,0.05,2.97
1513,2021-09-24,11.23,11.5,11.08,11.36,88822,100385473.0,3.74,1.25,0.14,3.42
1514,2021-09-27,11.26,12.45,11.26,12.02,197634,235986392.0,10.48,5.81,0.66,7.61
1515,2021-09-28,11.8,11.81,11.08,11.25,131365,148203258.0,6.07,-6.41,-0.77,5.06
1516,2021-09-29,11.2,11.43,10.93,10.93,96091,106797193.0,4.44,-2.84,-0.32,3.7
1517,2021-09-30,10.31,10.51,9.84,10.12,194252,194327969.0,6.13,-7.41,-0.81,7.3
1518,2021-10-08,9.98,10.83,9.91,10.78,178712,188239174.0,9.09,6.52,0.66,6.71
1519,2021-10-11,10.67,11.17,10.52,10.61,123380,133266286.0,6.03,-1.58,-0.17,4.63
1520,2021-10-12,10.75,10.75,10.12,10.24,97462,100713693.0,5.94,-3.49,-0.37,3.66
1521,2021-10-13,10.43,10.46,9.97,10.37,91195,93167767.0,4.79,1.27,0.13,3.43
1522,2021-10-14,10.3,10.5,10.18,10.31,68121,70059748.0,3.09,-0.58,-0.06,2.56
1523,2021-10-15,10.29,10.65,10.16,10.17,94086,97295439.0,4.75,-1.36,-0.14,3.53
1524,2021-10-18,9.15,9.15,9.15,9.15,18463,16893645.0,0.0,-10.03,-1.02,0.69
1525,2021-10-19,8.24,8.24,8.24,8.24,31728,26143872.0,0.0,-9.95,-0.91,1.19
1526,2021-10-20,8.03,8.73,8.03,8.35,534883,442737872.0,8.5,1.33,0.11,20.09
1527,2021-10-21,7.96,8.16,7.82,7.95,371946,297776384.0,4.07,-4.79,-0.4,13.97
1528,2021-10-22,7.94,8.0,7.67,7.72,256660,199881926.0,4.15,-2.89,-0.23,9.64
1529,2021-10-25,7.77,7.92,7.73,7.82,198372,155200263.0,2.46,1.3,0.1,7.45
1530,2021-10-26,7.76,7.97,7.66,7.87,192573,151007736.0,3.96,0.64,0.05,7.23
1531,2021-10-27,7.86,7.86,7.5,7.79,189453,145066664.0,4.57,-1.02,-0.08,7.12
1532,2021-10-28,7.67,7.74,7.41,7.44,147493,110900475.0,4.24,-4.49,-0.35,5.54
1533,2021-10-29,7.44,7.66,7.44,7.62,157315,119265098.0,2.96,2.42,0.18,5.91
1534,2021-11-01,7.65,7.91,7.57,7.82,173177,134713495.0,4.46,2.62,0.2,6.51
1535,2021-11-02,7.8,8.0,7.7,7.76,254236,199594271.0,3.84,-0.77,-0.06,9.55
1536,2021-11-03,7.71,7.94,7.67,7.93,208512,163042231.0,3.48,2.19,0.17,7.83
1537,2021-11-04,7.86,8.19,7.85,8.13,231743,187300423.0,4.29,2.52,0.2,8.71
1538,2021-11-05,8.13,8.25,7.85,7.88,177620,142117821.0,4.92,-3.08,-0.25,6.67
1539,2021-11-08,7.8,7.9,7.71,7.76,107536,83552654.0,2.41,-1.52,-0.12,4.04
1540,2021-11-09,7.77,7.93,7.7,7.84,132482,103339900.0,2.96,1.03,0.08,4.98
1541,2021-11-10,7.8,7.96,7.67,7.87,130566,101705929.0,3.7,0.38,0.03,4.9
1542,2021-11-11,7.86,8.05,7.83,7.92,135621,107725384.0,2.8,0.64,0.05,5.09
1543,2021-11-12,7.93,8.14,7.87,8.03,154917,124151024.0,3.41,1.39,0.11,5.82
1544,2021-11-15,8.03,8.23,7.85,8.2,187841,151785437.0,4.73,2.12,0.17,7.06
1545,2021-11-16,8.19,8.24,7.9,8.0,159277,128537705.0,4.15,-2.44,-0.2,5.98
1546,2021-11-17,7.96,8.04,7.87,8.03,92426,73489873.0,2.13,0.38,0.03,3.47
1547,2021-11-18,8.05,8.06,7.78,7.8,144952,114235280.0,3.49,-2.86,-0.23,5.45
1548,2021-11-19,7.8,8.23,7.7,8.01,207704,165329130.0,6.79,2.69,0.21,7.8
1549,2021-11-22,8.13,8.15,7.82,7.89,172715,136201209.0,4.12,-1.5,-0.12,6.49
1550,2021-11-23,7.9,7.96,7.84,7.85,114923,90608298.0,1.52,-0.51,-0.04,4.32
1551,2021-11-24,7.85,7.94,7.75,7.88,111252,87138197.0,2.42,0.38,0.03,4.18
1552,2021-11-25,7.85,7.95,7.82,7.86,91811,72272030.0,1.65,-0.25,-0.02,3.45
1553,2021-11-26,7.86,7.86,7.76,7.76,92647,72133791.0,1.27,-1.27,-0.1,3.48
1554,2021-11-29,7.69,7.72,7.6,7.65,95747,73372172.0,1.55,-1.42,-0.11,3.6
1555,2021-11-30,7.66,7.93,7.65,7.91,181855,142695173.0,3.66,3.4,0.26,6.83
1556,2021-12-01,7.91,8.03,7.86,7.91,179911,142734294.0,2.15,0.0,0.0,6.76
1557,2021-12-02,7.94,8.45,7.91,8.12,372036,303870448.0,6.83,2.65,0.21,13.98
1558,2021-12-03,8.1,8.15,7.91,8.03,211325,169155342.0,2.96,-1.11,-0.09,7.94
1559,2021-12-06,8.05,8.09,7.81,7.82,158482,125223030.0,3.49,-2.62,-0.21,5.95
1560,2021-12-07,7.81,7.9,7.8,7.89,93746,73615817.0,1.28,0.9,0.07,2.3
1561,2021-12-08,7.89,8.09,7.81,8.04,145978,116122751.0,3.55,1.9,0.15,3.63
1562,2021-12-09,8.04,8.6,8.01,8.27,316468,262911420.0,7.34,2.86,0.23,7.87
1563,2021-12-10,8.36,9.1,8.26,9.1,400798,355450720.0,10.16,10.04,0.83,9.96
1564,2021-12-13,9.43,9.7,8.9,9.09,714389,661542928.0,8.79,-0.11,-0.01,17.76
1565,2021-12-14,8.97,9.0,8.69,8.74,408523,359273760.0,3.41,-3.85,-0.35,10.15
1566,2021-12-15,8.66,8.79,8.55,8.68,225203,195275427.0,2.75,-0.69,-0.06,5.6
1567,2021-12-16,8.63,8.81,8.55,8.77,269333,233905314.0,3.0,1.04,0.09,6.69
1568,2021-12-17,8.66,9.55,8.56,9.13,459001,412366688.0,11.29,4.1,0.36,11.41
1569,2021-12-20,9.11,9.32,8.9,8.9,361141,329581360.0,4.6,-2.52,-0.23,8.98
1570,2021-12-21,8.84,9.0,8.72,8.93,223066,197412579.0,3.15,0.34,0.03,5.54
1571,2021-12-22,8.88,8.93,8.65,8.68,201545,176493231.0,3.14,-2.8,-0.25,5.01
1572,2021-12-23,8.69,8.78,8.53,8.71,158886,137598793.0,2.88,0.35,0.03,3.95
1573,2021-12-24,8.71,8.72,8.4,8.41,147069,125206427.0,3.67,-3.44,-0.3,3.66
1574,2021-12-27,8.36,8.73,8.35,8.58,132378,113610926.0,4.52,2.02,0.17,3.29
1575,2021-12-28,8.58,8.72,8.46,8.5,111354,95374816.0,3.03,-0.93,-0.08,2.77
1576,2021-12-29,8.5,8.5,8.2,8.24,130826,108326018.0,3.53,-3.06,-0.26,3.25
1577,2021-12-30,8.2,8.35,8.19,8.26,86215,71346553.0,1.94,0.24,0.02,2.14
1578,2021-12-31,8.25,8.43,8.24,8.36,84880,70807458.0,2.3,1.21,0.1,2.11
1579,2022-01-04,8.34,8.76,8.32,8.73,243377,209956658.0,5.26,4.43,0.37,6.05
1580,2022-01-05,8.65,8.79,8.51,8.66,171321,148057520.0,3.21,-0.8,-0.07,4.26
1581,2022-01-06,8.68,8.73,8.56,8.67,123677,106896985.0,1.96,0.12,0.01,3.07
1582,2022-01-07,8.7,8.7,8.31,8.33,174974,148070914.0,4.5,-3.92,-0.34,4.35
1583,2022-01-10,8.34,8.46,8.13,8.42,105642,88066441.0,3.96,1.08,0.09,2.63
1584,2022-01-11,8.36,8.65,8.34,8.39,100449,84987515.0,3.68,-0.36,-0.03,2.5
1585,2022-01-12,8.42,8.76,8.31,8.67,194721,166820249.0,5.36,3.34,0.28,4.84
1586,2022-01-13,8.88,8.97,8.62,8.73,253542,221863675.0,4.04,0.69,0.06,6.3
1587,2022-01-14,8.61,8.9,8.39,8.41,255477,221506650.0,5.84,-3.67,-0.32,6.35
1588,2022-01-17,8.43,8.6,8.27,8.58,204241,173356681.0,3.92,2.02,0.17,5.08
1589,2022-01-18,8.55,8.65,8.27,8.29,201081,167885647.0,4.43,-3.38,-0.29,5.0
1590,2022-01-19,8.35,8.71,8.3,8.56,232323,197673918.0,4.95,3.26,0.27,5.77
1591,2022-01-20,8.5,8.6,8.28,8.28,180375,151152583.0,3.74,-3.27,-0.28,4.48
1592,2022-01-21,8.2,8.2,7.7,7.89,164255,130030818.0,6.04,-4.71,-0.39,4.08
1593,2022-01-24,7.83,7.93,7.81,7.88,63374,49919681.0,1.52,-0.13,-0.01,1.58
1594,2022-01-25,7.83,7.92,7.49,7.5,109985,84283434.0,5.46,-4.82,-0.38,2.73
1595,2022-01-26,7.5,7.59,7.45,7.57,60662,45694797.0,1.87,0.93,0.07,1.51
1596,2022-01-27,7.56,7.61,7.4,7.4,65320,48821819.0,2.77,-2.25,-0.17,1.62
1597,2022-01-28,7.42,7.63,7.35,7.55,71932,53913728.0,3.78,2.03,0.15,1.79
1598,2022-02-07,7.65,7.74,7.55,7.74,57223,43768917.0,2.52,2.52,0.19,1.42
1599,2022-02-08,7.72,7.91,7.62,7.89,64096,50095450.0,3.75,1.94,0.15,1.59
1600,2022-02-09,7.88,7.99,7.83,7.95,57471,45591685.0,2.03,0.76,0.06,1.43
1601,2022-02-10,7.96,7.99,7.83,7.93,97721,77180622.0,2.01,-0.25,-0.02,2.43
1602,2022-02-11,7.85,7.89,7.7,7.72,65218,50611523.0,2.4,-2.65,-0.21,1.62
1603,2022-02-14,7.69,7.8,7.68,7.73,40489,31349738.0,1.55,0.13,0.01,1.01
1604,2022-02-15,7.73,7.78,7.62,7.65,48484,37272204.0,2.07,-1.03,-0.08,1.21
1605,2022-02-16,7.67,7.73,7.63,7.73,42814,32936442.0,1.31,1.05,0.08,1.06
1606,2022-02-17,7.73,7.79,7.6,7.62,64579,49637019.0,2.46,-1.42,-0.11,1.61
1607,2022-02-18,7.59,7.7,7.55,7.69,49824,38119996.0,1.97,0.92,0.07,1.24
1608,2022-02-21,7.71,7.89,7.7,7.89,77533,60772368.0,2.47,2.6,0.2,1.93
1609,2022-02-22,7.85,7.94,7.74,7.82,68512,53599875.0,2.53,-0.89,-0.07,1.7
1610,2022-02-23,7.93,8.05,7.78,7.85,84760,66621160.0,3.45,0.38,0.03,2.11
1611,2022-02-24,7.78,7.9,7.49,7.58,106770,82326406.0,5.22,-3.44,-0.27,2.65
1612,2022-02-25,7.61,7.73,7.6,7.66,53768,41220961.0,1.72,1.06,0.08,1.34
1613,2022-02-28,7.66,7.7,7.53,7.65,52626,40067344.0,2.22,-0.13,-0.01,1.31
1614,2022-03-01,7.67,7.8,7.63,7.79,62807,48566372.0,2.22,1.83,0.14,1.56
1615,2022-03-02,7.8,7.98,7.75,7.92,101729,80340070.0,2.95,1.67,0.13,2.53
1616,2022-03-03,7.88,7.96,7.85,7.92,74110,58578130.0,1.39,0.0,0.0,1.84
1617,2022-03-04,7.94,7.94,7.82,7.86,52262,41123058.0,1.52,-0.76,-0.06,1.3
1618,2022-03-07,7.91,7.95,7.79,7.86,64746,50877311.0,2.04,0.0,0.0,1.61
1619,2022-03-08,7.81,7.82,7.53,7.54,69179,53034057.0,3.69,-4.07,-0.32,1.72
1620,2022-03-09,7.64,7.64,6.98,7.32,92693,68135046.0,8.75,-2.92,-0.22,2.3
1621,2022-03-10,7.41,7.53,7.34,7.44,67899,50537151.0,2.6,1.64,0.12,1.69
1622,2022-03-11,7.36,7.6,7.2,7.6,69841,51902451.0,5.38,2.15,0.16,1.74
1623,2022-03-14,7.51,7.81,7.48,7.51,85348,65384874.0,4.34,-1.18,-0.09,2.12
1624,2022-03-15,7.46,7.57,7.02,7.03,90754,66329353.0,7.32,-6.39,-0.48,2.26
1625,2022-03-16,7.15,7.24,6.87,7.2,71951,50916077.0,5.26,2.42,0.17,1.79
1626,2022-03-17,7.25,7.47,7.21,7.36,61815,45648119.0,3.61,2.22,0.16,1.54
1627,2022-03-18,7.32,7.58,7.3,7.51,63298,47261555.0,3.8,2.04,0.15,1.57
1628,2022-03-21,7.56,7.88,7.49,7.86,124898,97124225.0,5.19,4.66,0.35,3.1
1629,2022-03-22,7.84,7.99,7.72,7.82,72216,56402606.0,3.44,-0.51,-0.04,1.79
1630,2022-03-23,7.8,7.95,7.75,7.86,63212,49627358.0,2.56,0.51,0.04,1.57
1631,2022-03-24,7.93,7.99,7.84,7.86,109845,86897712.0,1.91,0.0,0.0,2.73
1632,2022-03-25,7.84,8.2,7.83,8.13,152085,123478884.0,4.71,3.44,0.27,3.78
1633,2022-03-28,8.18,8.24,7.95,8.0,172157,138886863.0,3.57,-1.6,-0.13,4.28
1634,2022-03-29,7.96,8.2,7.91,8.17,167478,135981840.0,3.63,2.13,0.17,4.16
1635,2022-03-30,8.03,8.09,7.94,8.01,124255,99372035.0,1.84,-1.96,-0.16,3.09
1636,2022-03-31,7.92,8.06,7.89,7.92,85756,68339298.0,2.12,-1.12,-0.09,2.13
1637,2022-04-01,7.96,8.15,7.89,7.98,92987,74309264.0,3.28,0.76,0.06,2.31
1638,2022-04-06,7.81,8.17,7.76,8.13,122879,99091070.0,5.14,1.88,0.15,3.05
1639,2022-04-07,8.05,8.12,7.84,7.86,90999,72080929.0,3.44,-3.32,-0.27,2.26
1640,2022-04-08,7.88,7.93,7.59,7.65,71645,55006409.0,4.33,-2.67,-0.21,1.78
1641,2022-04-11,7.59,7.99,7.59,7.77,159930,125016856.0,5.23,1.57,0.12,3.97
1642,2022-04-12,7.5,7.8,7.4,7.73,165846,125519161.0,5.15,-0.51,-0.04,4.12
1643,2022-04-13,7.85,8.03,7.59,7.75,135110,104899565.0,5.69,0.26,0.02,3.35
1644,2022-04-14,7.71,7.8,7.6,7.77,91135,70472719.0,2.58,0.26,0.02,2.26
1645,2022-04-15,7.73,7.97,7.69,7.7,105614,82250256.0,3.6,-0.9,-0.07,2.62
1646,2022-04-18,7.68,8.29,7.63,8.29,287114,231739571.0,8.57,7.66,0.59,7.13
1647,2022-04-19,8.24,8.31,8.06,8.16,242478,198169196.0,3.02,-1.57,-0.13,6.02
1648,2022-04-20,8.23,8.45,8.11,8.32,275662,228307386.0,4.17,1.96,0.16,6.84
1649,2022-04-21,8.21,8.34,7.8,7.86,213302,171415952.0,6.49,-5.53,-0.46,5.29
1650,2022-04-22,7.7,7.81,7.24,7.31,200678,148083421.0,7.25,-7.0,-0.55,4.98
1651,2022-04-25,7.15,7.2,6.58,6.58,170454,116693338.0,8.48,-9.99,-0.73,4.23
1652,2022-04-26,6.57,6.74,6.27,6.32,121071,78668694.0,7.14,-3.95,-0.26,3.01
1653,2022-04-27,6.3,6.44,6.1,6.42,106140,66477497.0,5.38,1.58,0.1,2.63
1654,2022-04-28,6.34,6.39,6.07,6.26,99130,61685386.0,4.98,-2.49,-0.16,2.46
1655,2022-04-29,6.22,6.54,6.22,6.48,91780,59051855.0,5.11,3.51,0.22,2.28
1656,2022-05-05,6.46,6.69,6.35,6.6,84378,55668450.0,5.25,1.85,0.12,2.09
1657,2022-05-06,6.47,6.6,6.36,6.45,71027,46040270.0,3.64,-2.27,-0.15,1.76
1658,2022-05-09,6.48,6.65,6.48,6.61,55838,36833629.0,2.64,2.48,0.16,1.39
1659,2022-05-10,6.61,6.68,6.5,6.68,67987,44831195.0,2.72,1.06,0.07,1.69
1660,2022-05-11,6.65,6.75,6.6,6.6,78069,52133046.0,2.25,-1.2,-0.08,1.94
1661,2022-05-12,6.56,6.69,6.5,6.61,61845,40746345.0,2.88,0.15,0.01,1.54
1662,2022-05-13,6.59,6.72,6.55,6.65,56039,37141014.0,2.57,0.61,0.04,1.39
1663,2022-05-16,6.68,6.94,6.67,6.79,135395,92288170.0,4.06,2.11,0.14,3.36
1664,2022-05-17,6.78,6.79,6.59,6.67,86922,57878196.0,2.95,-1.77,-0.12,2.16
1665,2022-05-18,6.67,6.75,6.61,6.74,64479,43204816.0,2.1,1.05,0.07,1.6
1666,2022-05-19,6.56,6.75,6.51,6.69,75728,50399371.0,3.56,-0.74,-0.05,1.88
1667,2022-05-20,6.65,6.75,6.65,6.74,78186,52443558.0,1.49,0.75,0.05,1.94
1668,2022-05-23,6.74,6.94,6.71,6.89,96907,66378570.0,3.41,2.23,0.15,2.41
1669,2022-05-24,6.89,6.95,6.57,6.59,86665,58384092.0,5.52,-4.35,-0.3,2.15
1670,2022-05-25,6.6,6.81,6.59,6.79,64773,43487539.0,3.34,3.03,0.2,1.61
1671,2022-05-26,6.85,6.85,6.64,6.78,54064,36389124.0,3.09,-0.15,-0.01,1.34
1672,2022-05-27,6.79,6.8,6.68,6.78,56002,37788934.0,1.77,0.0,0.0,1.39
1673,2022-05-30,6.82,6.9,6.74,6.79,75441,51314934.0,2.36,0.15,0.01,1.87
1674,2022-05-31,6.78,7.04,6.73,6.95,145715,101076139.0,4.57,2.36,0.16,3.62
1675,2022-06-01,6.96,6.98,6.84,6.92,83431,57728866.0,2.01,-0.43,-0.03,2.07
1676,2022-06-02,6.87,6.96,6.79,6.95,63405,43685390.0,2.46,0.43,0.03,1.57
1677,2022-06-06,6.93,7.05,6.86,7.04,88670,61871523.0,2.73,1.29,0.09,2.2
1678,2022-06-07,7.06,7.06,6.9,6.94,73170,50885135.0,2.27,-1.42,-0.1,1.82
1679,2022-06-08,6.94,6.97,6.78,6.92,70020,48215712.0,2.74,-0.29,-0.02,1.74
1680,2022-06-09,6.93,6.99,6.76,6.81,61101,41881099.0,3.32,-1.59,-0.11,1.52
1681,2022-06-10,6.85,6.86,6.72,6.84,49622,33825702.0,2.06,0.44,0.03,1.23
1682,2022-06-13,6.84,6.9,6.77,6.84,54212,37049496.0,1.9,0.0,0.0,1.35
1683,2022-06-14,6.84,6.93,6.73,6.91,77864,53250548.0,2.92,1.02,0.07,1.93
1684,2022-06-15,6.93,6.99,6.89,6.91,74972,51994762.0,1.45,0.0,0.0,1.86
1685,2022-06-16,6.91,7.05,6.89,6.98,72407,50533958.0,2.32,1.01,0.07,1.8
1686,2022-06-17,6.96,7.01,6.79,6.93,64315,44333928.0,3.15,-0.72,-0.05,1.6
1687,2022-06-20,6.9,7.07,6.89,7.04,87751,61419022.0,2.6,1.59,0.11,2.18
1688,2022-06-21,7.05,7.07,6.95,7.03,56894,39905068.0,1.7,-0.14,-0.01,1.41
1689,2022-06-22,7.08,7.08,6.93,6.94,99888,69920170.0,2.13,-1.28,-0.09,2.48
1690,2022-06-23,6.88,6.97,6.83,6.97,61510,42467880.0,2.02,0.43,0.03,1.53
1691,2022-06-24,6.97,6.99,6.91,6.99,50050,34856300.0,1.15,0.29,0.02,1.24
1692,2022-06-27,7.06,7.09,6.97,6.99,48568,34016026.0,1.72,0.0,0.0,1.21
1693,2022-06-28,6.98,7.11,6.97,7.09,85614,60443430.0,2.0,1.43,0.1,2.13
1694,2022-06-29,7.09,7.1,6.95,6.95,72803,51147670.0,2.12,-1.97,-0.14,1.81
1695,2022-06-30,6.96,7.12,6.96,7.02,84580,59457953.0,2.3,1.01,0.07,2.1
1696,2022-07-01,7.02,7.08,6.94,7.01,59403,41614862.0,1.99,-0.14,-0.01,1.47
1697,2022-07-04,7.02,7.06,6.9,7.01,95535,66796233.0,2.28,0.0,0.0,2.37
1698,2022-07-05,7.03,7.03,6.78,6.89,102050,70246544.0,3.57,-1.71,-0.12,2.53
1699,2022-07-06,6.86,6.86,6.65,6.69,64868,43763169.0,3.05,-2.9,-0.2,1.61
1700,2022-07-07,6.69,6.76,6.68,6.71,51446,34585068.0,1.2,0.3,0.02,1.28
1701,2022-07-08,6.72,6.88,6.68,6.82,60033,40904609.0,2.98,1.64,0.11,1.49
1702,2022-07-11,6.82,6.96,6.8,6.95,88784,61323991.0,2.35,1.91,0.13,2.2
1703,2022-07-12,6.89,7.0,6.76,6.77,65047,44576531.0,3.45,-2.59,-0.18,1.61
1704,2022-07-13,6.77,7.04,6.74,7.04,101484,70588352.0,4.43,3.99,0.27,2.52
1705,2022-07-14,6.93,6.98,6.85,6.91,106273,73387309.0,1.85,-1.85,-0.13,2.64
1706,2022-07-15,6.93,6.95,6.6,6.61,103666,69773166.4,5.07,-4.34,-0.3,2.57
1707,2022-07-18,6.57,6.94,6.56,6.89,88265,60343245.5,5.75,4.24,0.28,2.19
1708,2022-07-19,6.92,7.03,6.89,6.97,63770,44369786.96,2.03,1.16,0.08,1.58
1709,2022-07-20,6.97,7.03,6.93,6.95,44225,30771033.74,1.43,-0.29,-0.02,1.1
1710,2022-07-21,6.88,6.96,6.86,6.87,38023,26262857.0,1.44,-1.15,-0.08,0.94
1711,2022-07-22,6.86,6.94,6.82,6.89,37707,25967515.81,1.75,0.29,0.02,0.94
1712,2022-07-25,6.89,6.96,6.81,6.84,37432,25734244.0,2.18,-0.73,-0.05,0.93
1713,2022-07-26,6.83,6.97,6.79,6.95,48386,33338539.0,2.63,1.61,0.11,1.2
1714,2022-07-27,6.94,7.15,6.92,7.15,98598,69765896.87,3.31,2.88,0.2,2.45
1715,2022-07-28,7.17,7.75,7.11,7.42,172741,128541610.5,8.95,3.78,0.27,4.29
1716,2022-07-29,7.47,7.49,7.28,7.3,83012,60876245.1,2.83,-1.62,-0.12,2.06
1717,2022-08-01,7.26,7.33,7.14,7.17,57821,41516581.0,2.6,-1.78,-0.13,1.44
1718,2022-08-02,7.16,7.16,6.73,6.87,93854,64450227.13,6.0,-4.18,-0.3,2.33
1719,2022-08-03,6.86,7.11,6.85,6.92,79417,55469812.01,3.78,0.73,0.05,1.97
1720,2022-08-04,6.97,7.01,6.87,6.99,46537,32344491.17,2.02,1.01,0.07,1.16
1721,2022-08-05,7.04,7.09,6.93,7.06,42615,29833585.2,2.29,1.0,0.07,1.06
1722,2022-08-08,7.06,7.12,6.98,7.03,48856,34319672.34,1.98,-0.42,-0.03,1.21
1723,2022-08-09,7.02,7.09,6.92,7.08,58166,40800093.02,2.42,0.71,0.05,1.44
1724,2022-08-10,7.05,7.07,6.98,7.0,45930,32185314.0,1.27,-1.13,-0.08,1.14
1725,2022-08-11,7.02,7.51,7.02,7.42,130392,95061173.33,7.0,6.0,0.42,3.24
1726,2022-08-12,7.5,7.57,7.36,7.43,94383,70439685.68,2.83,0.13,0.01,2.34
1727,2022-08-15,7.46,7.54,7.37,7.47,53357,39759716.54,2.29,0.54,0.04,1.32
1728,2022-08-16,7.57,7.6,7.47,7.54,64978,49006036.89,1.74,0.94,0.07,1.61
1729,2022-08-17,7.62,7.66,7.46,7.48,59015,44343520.74,2.65,-0.8,-0.06,1.46
1730,2022-08-18,7.37,7.54,7.26,7.27,56049,40997713.88,3.74,-2.81,-0.21,1.39
1731,2022-08-19,7.29,7.4,7.25,7.31,52097,38214521.31,2.06,0.55,0.04,1.29
1732,2022-08-22,7.31,7.47,7.21,7.36,54896,40482343.55,3.56,0.68,0.05,1.36
1733,2022-08-23,7.37,7.55,7.29,7.5,52267,38918206.0,3.53,1.9,0.14,1.3
1734,2022-08-24,7.5,7.61,7.41,7.47,92544,69379811.9,2.67,-0.4,-0.03,2.3
1735,2022-08-25,7.47,7.57,7.42,7.48,64202,48065551.49,2.01,0.13,0.01,1.59
1736,2022-08-26,7.51,7.71,7.43,7.7,86366,65877608.7,3.74,2.94,0.22,2.14
1737,2022-08-29,7.6,7.72,7.53,7.72,79844,61028267.87,2.47,0.26,0.02,1.98
1738,2022-08-30,7.65,7.95,7.57,7.76,111616,86327518.64,4.92,0.52,0.04,2.77
1739,2022-08-31,7.71,7.95,7.52,7.65,140885,108991359.43,5.54,-1.42,-0.11,3.5
1740,2022-09-01,7.6,7.83,7.53,7.58,93594,71657886.62,3.92,-0.92,-0.07,2.32
1741,2022-09-02,7.58,7.71,7.53,7.65,59581,45302416.71,2.37,0.92,0.07,1.48
1742,2022-09-05,7.63,7.71,7.52,7.64,50149,38090264.0,2.48,-0.13,-0.01,1.24
1743,2022-09-06,7.66,7.8,7.55,7.8,61825,47604028.7,3.27,2.09,0.16,1.53
1744,2022-09-07,7.76,7.78,7.63,7.68,64374,49372338.0,1.92,-1.54,-0.12,1.6
1745,2022-09-08,7.69,7.73,7.31,7.32,70626,52641656.5,5.47,-4.69,-0.36,1.75
1746,2022-09-09,7.41,7.42,7.25,7.34,45603,33410765.99,2.32,0.27,0.02,1.13
1747,2022-09-13,7.49,7.78,7.42,7.65,102916,78298472.86,4.9,4.22,0.31,2.55
1748,2022-09-14,7.53,7.67,7.43,7.44,72538,54707040.0,3.14,-2.75,-0.21,1.8
1749,2022-09-15,7.5,7.58,7.2,7.31,62168,45699785.48,5.11,-1.75,-0.13,1.54
1750,2022-09-16,7.33,7.43,7.08,7.08,58591,42473980.46,4.79,-3.15,-0.23,1.45
1751,2022-09-19,7.04,7.12,6.9,6.96,52497,36698046.72,3.11,-1.69,-0.12,1.3
1752,2022-09-20,7.07,7.34,7.05,7.26,71576,51661750.92,4.17,4.31,0.3,1.78
1753,2022-09-21,7.33,7.39,7.12,7.37,55958,40714994.44,3.72,1.52,0.11,1.39
1754,2022-09-22,7.33,7.66,7.3,7.53,72827,54646160.95,4.88,2.17,0.16,1.81
1755,2022-09-23,7.58,7.61,7.35,7.37,56737,42118045.58,3.45,-2.12,-0.16,1.41
1756,2022-09-26,7.33,7.33,6.98,7.05,64131,45545198.0,4.75,-4.34,-0.32,1.59
1757,2022-09-27,7.05,7.2,6.9,7.17,53441,37701887.0,4.26,1.7,0.12,1.33
1758,2022-09-28,7.12,7.42,7.08,7.2,62102,45150886.25,4.74,0.42,0.03,1.54
1759,2022-09-29,7.2,7.31,7.07,7.11,64000,46090704.83,3.33,-1.25,-0.09,1.59
1760,2022-09-30,7.05,7.11,6.82,6.91,56840,39573167.4,4.08,-2.81,-0.2,1.41
1761,2022-10-10,6.96,7.11,6.88,6.98,49584,34748358.25,3.33,1.01,0.07,1.23
1762,2022-10-11,6.98,7.11,6.81,7.11,51944,36103093.0,4.3,1.86,0.13,1.29
1763,2022-10-12,7.82,7.82,7.82,7.82,27798,21738301.88,0.0,9.99,0.71,0.69
1764,2022-10-13,8.6,8.6,8.54,8.6,168997,145325504.2,0.77,9.97,0.78,4.19
1765,2022-10-14,8.6,9.35,8.5,8.98,663870,593861712.62,9.88,4.42,0.38,16.48
1766,2022-10-17,8.88,9.08,8.53,8.86,374499,329298585.91,6.12,-1.34,-0.12,9.3
1767,2022-10-18,8.8,8.98,8.67,8.86,260095,229120573.24,3.5,0.0,0.0,6.46
1768,2022-10-19,8.87,9.02,8.51,8.7,262884,229144722.49,5.76,-1.81,-0.16,6.53
1769,2022-10-20,8.61,8.78,8.26,8.31,261161,221329209.01,5.98,-4.48,-0.39,6.48
1770,2022-10-21,8.32,8.44,8.2,8.34,157413,131212947.14,2.89,0.36,0.03,3.91
1771,2022-10-24,8.32,8.59,8.22,8.33,169998,143170384.28,4.44,-0.12,-0.01,4.22
1772,2022-10-25,8.33,8.51,8.02,8.44,165501,136505615.67,5.88,1.32,0.11,4.11
1773,2022-10-26,8.33,8.4,8.14,8.3,138695,114667027.73,3.08,-1.66,-0.14,3.44
1774,2022-10-27,8.28,8.34,8.15,8.24,118124,97363625.0,2.29,-0.72,-0.06,2.93
1775,2022-10-28,8.15,8.21,7.84,7.91,149119,119466850.0,4.49,-4.0,-0.33,3.7
1776,2022-10-31,7.78,8.1,7.77,8.03,111473,89412497.13,4.17,1.52,0.12,2.77
1777,2022-11-01,8.05,8.32,8.05,8.22,132213,108306860.66,3.36,2.37,0.19,3.28
1778,2022-11-02,8.19,8.32,8.14,8.21,108754,89512505.34,2.19,-0.12,-0.01,2.7
1779,2022-11-03,8.18,8.28,8.12,8.25,87792,72099703.05,1.95,0.49,0.04,2.18
1780,2022-11-04,8.25,8.33,8.18,8.28,122793,101442521.24,1.82,0.36,0.03,3.05
1781,2022-11-07,8.24,8.28,8.15,8.2,92298,75705497.7,1.57,-0.97,-0.08,2.29
1782,2022-11-08,8.17,8.26,8.0,8.07,85704,69251983.0,3.17,-1.59,-0.13,2.13
1783,2022-11-09,8.06,8.23,8.03,8.21,75696,61752161.52,2.48,1.73,0.14,1.88
1784,2022-11-10,8.18,8.2,8.08,8.14,59893,48635588.38,1.46,-0.85,-0.07,1.49
1785,2022-11-11,8.18,8.41,8.17,8.28,139807,115891964.46,2.95,1.72,0.14,3.47
1786,2022-11-14,8.28,8.53,8.22,8.39,131877,110812859.56,3.74,1.33,0.11,3.27
1787,2022-11-15,8.4,8.45,8.15,8.24,134433,110700790.0,3.58,-1.79,-0.15,3.34
1788,2022-11-16,8.21,8.24,8.1,8.19,76609,62648320.0,1.7,-0.61,-0.05,1.9
1789,2022-11-17,8.18,8.27,8.14,8.21,66616,54638910.52,1.59,0.24,0.02,1.65
1790,2022-11-18,8.19,8.34,8.15,8.16,106140,87669496.36,2.31,-0.61,-0.05,2.63
1791,2022-11-21,8.05,8.2,7.81,8.15,98569,79024662.7,4.78,-0.12,-0.01,2.45
1792,2022-11-22,8.18,8.34,8.04,8.06,93847,76942723.61,3.68,-1.1,-0.09,2.33
1793,2022-11-23,8.1,8.18,7.94,7.96,64427,51648538.79,2.98,-1.24,-0.1,1.6
1794,2022-11-24,7.96,8.09,7.92,7.97,54764,43868823.0,2.14,0.13,0.01,1.36
1795,2022-11-25,7.94,8.04,7.91,7.99,42787,34121942.61,1.63,0.25,0.02,1.06
1796,2022-11-28,7.89,8.02,7.66,8.01,92813,72728178.0,4.51,0.25,0.02,2.3
1797,2022-11-29,8.0,8.11,7.95,8.09,54317,43783293.0,2.0,1.0,0.08,1.35
1798,2022-11-30,8.08,8.29,8.06,8.13,76532,62735701.74,2.84,0.49,0.04,1.9
1799,2022-12-01,8.16,8.38,8.16,8.31,98231,81556170.0,2.71,2.21,0.18,2.44
1800,2022-12-02,8.23,8.67,8.2,8.62,179931,153188787.24,5.66,3.73,0.31,4.47
1801,2022-12-05,8.68,9.45,8.66,8.78,194431,171414930.2,9.16,1.86,0.16,4.83
1802,2022-12-06,8.74,8.98,8.66,8.72,120921,106189175.28,3.64,-0.68,-0.06,3.0
1803,2022-12-07,8.73,8.85,8.65,8.76,84110,73565655.22,2.29,0.46,0.04,2.09
1804,2022-12-08,8.73,8.78,8.45,8.52,83454,71427702.9,3.77,-2.74,-0.24,2.07
1805,2022-12-09,8.57,8.62,8.33,8.51,75194,63599429.54,3.4,-0.12,-0.01,1.87
1806,2022-12-12,8.53,8.59,8.31,8.34,72283,60722804.26,3.29,-2.0,-0.17,1.79
1807,2022-12-13,8.4,8.65,8.37,8.64,100693,86197484.06,3.36,3.6,0.3,2.5
1808,2022-12-14,8.51,8.58,8.4,8.56,70189,59698392.95,2.08,-0.93,-0.08,1.74
1809,2022-12-15,8.61,9.0,8.51,8.72,127440,111357297.55,5.72,1.87,0.16,3.16
1810,2022-12-16,8.65,8.79,8.57,8.77,80878,70138108.96,2.52,0.57,0.05,2.01
1811,2022-12-19,8.77,8.8,8.38,8.44,108658,92004754.0,4.79,-3.76,-0.33,2.7
1812,2022-12-20,8.44,8.59,8.2,8.24,73639,61380177.9,4.62,-2.37,-0.2,1.83
1813,2022-12-21,8.25,8.41,8.11,8.29,66363,55032669.81,3.64,0.61,0.05,1.65
1814,2022-12-22,8.35,8.6,8.35,8.4,83881,70923133.4,3.02,1.33,0.11,2.08
1815,2022-12-23,8.26,8.54,8.09,8.17,83863,69214743.2,5.36,-2.74,-0.23,2.08
1816,2022-12-26,8.29,8.53,8.15,8.21,102384,84822842.0,4.65,0.49,0.04,2.54
1817,2022-12-27,8.26,8.46,8.08,8.46,126042,104693502.85,4.63,3.05,0.25,3.13
1818,2022-12-28,8.32,8.37,8.01,8.07,139215,113684823.07,4.26,-4.61,-0.39,3.46
1819,2022-12-29,8.07,8.2,7.99,8.1,77524,62734754.67,2.6,0.37,0.03,1.92
1820,2022-12-30,8.07,8.34,7.9,8.32,126272,102727544.63,5.43,2.72,0.22,3.13
1821,2023-01-03,8.28,8.33,8.12,8.32,87303,72008521.0,2.52,0.0,0.0,2.17
1822,2023-01-04,8.3,8.68,8.23,8.57,140480,119556969.8,5.41,3.0,0.25,3.49
1823,2023-01-05,8.65,8.66,8.35,8.53,109132,92651454.0,3.62,-0.47,-0.04,2.71
1824,2023-01-06,8.57,8.6,8.35,8.36,77444,65263023.74,2.93,-1.99,-0.17,1.92
1825,2023-01-09,8.37,8.76,8.31,8.66,123336,105849089.06,5.38,3.59,0.3,3.06
1826,2023-01-10,8.61,8.7,8.53,8.69,91940,79276043.46,1.96,0.35,0.03,2.28
1827,2023-01-11,8.68,8.84,8.44,8.56,195023,168238918.96,4.6,-1.5,-0.13,4.84
1828,2023-01-12,8.51,8.54,8.07,8.1,227112,187931998.2,5.49,-5.37,-0.46,5.64
1829,2023-01-13,8.09,8.24,8.06,8.12,135095,110018976.0,2.22,0.25,0.02,3.35
1830,2023-01-16,8.19,8.88,8.17,8.51,227793,193804042.14,8.74,4.8,0.39,5.65
1831,2023-01-17,8.55,8.66,8.19,8.25,148692,123821417.52,5.52,-3.06,-0.26,3.69
1832,2023-01-18,8.24,8.26,8.16,8.18,94661,77616121.44,1.21,-0.85,-0.07,2.35
1833,2023-01-19,8.15,8.24,8.1,8.18,98073,79887573.89,1.71,0.0,0.0,2.43
1834,2023-01-20,8.18,8.32,8.18,8.3,90928,75133586.38,1.71,1.47,0.12,2.26
1835,2023-01-30,8.36,9.13,8.35,9.13,263706,232934465.61,9.4,10.0,0.83,6.55
1836,2023-01-31,9.14,9.18,8.89,9.07,343445,310239340.35,3.18,-0.66,-0.06,8.52
1837,2023-02-01,9.07,9.28,8.97,9.18,261148,238911851.71,3.42,1.21,0.11,6.48
1838,2023-02-02,9.17,9.34,9.03,9.27,241310,221460677.68,3.38,0.98,0.09,5.99
1839,2023-02-03,9.26,9.39,9.08,9.16,180408,166159937.55,3.34,-1.19,-0.11,4.48
1840,2023-02-06,9.14,9.43,9.09,9.42,192116,178067835.58,3.71,2.84,0.26,4.77
1841,2023-02-07,9.32,9.42,9.13,9.41,176372,163612313.16,3.08,-0.11,-0.01,4.38
1842,2023-02-08,9.32,9.35,9.16,9.23,119132,109910550.98,2.02,-1.91,-0.18,2.96
1843,2023-02-09,9.24,9.57,9.19,9.35,161737,151497173.96,4.12,1.3,0.12,4.01
1844,2023-02-10,9.41,9.66,9.31,9.6,205795,196533544.53,3.74,2.67,0.25,5.11
1845,2023-02-13,9.68,9.78,9.46,9.54,178172,170681383.64,3.33,-0.63,-0.06,4.42
1846,2023-02-14,9.69,9.73,9.3,9.33,171876,162034271.17,4.51,-2.2,-0.21,4.27
1847,2023-02-15,9.43,9.43,9.21,9.27,123746,114842466.0,2.36,-0.64,-0.06,3.07
1848,2023-02-16,9.23,9.27,8.93,8.99,126378,115415491.61,3.67,-3.02,-0.28,3.14
1849,2023-02-17,9.04,9.16,8.99,9.0,83450,75604385.45,1.89,0.11,0.01,2.07
1850,2023-02-20,9.06,9.09,8.89,9.08,79223,71212645.9,2.22,0.89,0.08,1.97
1851,2023-02-21,9.1,9.21,9.01,9.1,86357,78622749.67,2.2,0.22,0.02,2.14
1852,2023-02-22,9.02,9.2,9.01,9.11,74678,68069968.91,2.09,0.11,0.01,1.85
1853,2023-02-23,9.1,9.34,9.06,9.29,136306,125974007.16,3.07,1.98,0.18,3.38
1854,2023-02-24,9.18,9.25,9.05,9.08,107671,98116218.87,2.15,-2.26,-0.21,2.67
1855,2023-02-27,9.05,9.38,9.02,9.25,153285,142209277.22,3.96,1.87,0.17,3.8
1856,2023-02-28,9.25,9.33,9.15,9.3,78968,72926796.0,1.95,0.54,0.05,1.96
1857,2023-03-01,9.25,9.38,9.21,9.36,96668,90027932.57,1.83,0.65,0.06,2.4
1858,2023-03-02,9.39,9.45,9.25,9.27,86082,80259125.6,2.14,-0.96,-0.09,2.14
1859,2023-03-03,9.33,9.53,9.25,9.29,126670,118604058.25,3.02,0.22,0.02,3.14
1860,2023-03-06,9.25,9.65,9.25,9.56,163744,155350135.7,4.31,2.91,0.27,4.06
1861,2023-03-07,9.59,9.8,9.33,9.36,135663,129145466.22,4.92,-2.09,-0.2,3.37
1862,2023-03-08,9.32,9.43,9.24,9.32,82100,76391751.67,2.03,-0.43,-0.04,2.04
1863,2023-03-09,9.3,9.34,9.16,9.2,70566,65153248.14,1.93,-1.29,-0.12,1.75
1864,2023-03-10,9.15,9.2,9.06,9.1,66159,60314399.0,1.52,-1.09,-0.1,1.64
1865,2023-03-13,9.1,9.14,8.97,9.1,78476,71029841.09,1.87,0.0,0.0,1.95
1866,2023-03-14,9.07,9.19,8.7,8.83,111013,98736464.92,5.38,-2.97,-0.27,2.76
1867,2023-03-15,8.92,9.03,8.86,8.98,55534,49704548.0,1.93,1.7,0.15,1.38
1868,2023-03-16,8.96,9.51,8.93,9.3,205089,190262644.11,6.46,3.56,0.32,5.09
1869,2023-03-17,9.3,9.33,9.11,9.18,137005,125894110.29,2.37,-1.29,-0.12,3.4
1870,2023-03-20,9.18,9.18,8.89,9.06,103166,92877385.6,3.16,-1.31,-0.12,2.56
1871,2023-03-21,9.01,9.05,8.9,8.96,110651,98924060.64,1.66,-1.1,-0.1,2.75
1872,2023-03-22,8.99,9.19,8.92,8.95,119056,107599197.99,3.01,-0.11,-0.01,2.96
1873,2023-03-23,8.97,8.98,8.72,8.75,113717,99976957.84,2.91,-2.23,-0.2,2.82
1874,2023-03-24,8.75,8.88,8.72,8.79,72214,63449895.0,1.83,0.46,0.04,1.79
1875,2023-03-27,8.79,8.79,8.46,8.53,109247,93496718.0,3.75,-2.96,-0.26,2.71
1876,2023-03-28,8.55,8.64,8.5,8.55,51529,44040405.04,1.64,0.23,0.02,1.28
1877,2023-03-29,8.58,8.82,8.52,8.57,80703,69619736.5,3.51,0.23,0.02,2.0
1878,2023-03-30,8.56,8.56,8.34,8.43,71099,59768246.68,2.57,-1.63,-0.14,1.76
1879,2023-03-31,8.47,8.62,8.47,8.56,74567,63798833.36,1.78,1.54,0.13,1.85
1880,2023-04-03,8.68,9.07,8.62,8.86,159065,141484286.51,5.26,3.5,0.3,3.95
1881,2023-04-04,8.85,9.12,8.85,9.05,145164,130908349.82,3.05,2.14,0.19,3.6
1882,2023-04-06,9.05,9.17,8.9,8.95,77176,69331671.6,2.98,-1.1,-0.1,1.92
1883,2023-04-07,9.06,9.55,9.01,9.48,244559,229412589.66,6.03,5.92,0.53,6.07
1884,2023-04-10,9.57,9.72,9.32,9.62,210014,200391295.48,4.22,1.48,0.14,5.21
1885,2023-04-11,10.58,10.58,10.58,10.58,54649,57818684.32,0.0,9.98,0.96,1.36
1886,2023-04-12,11.6,11.64,11.23,11.64,650498,751608233.12,3.88,10.02,1.06,16.15
1887,2023-04-13,11.85,11.93,11.19,11.26,665008,767486156.2,6.36,-3.26,-0.38,16.51
1888,2023-04-14,11.26,11.38,10.85,11.03,379571,420288019.82,4.71,-2.04,-0.23,9.42
1889,2023-04-17,11.0,11.16,10.92,11.01,235154,259987582.09,2.18,-0.18,-0.02,5.84
1890,2023-04-18,10.95,11.0,10.67,10.87,246722,266923601.82,3.0,-1.27,-0.14,6.12
1891,2023-04-19,10.95,11.34,10.92,11.11,280625,312104135.63,3.86,2.21,0.24,6.97
1892,2023-04-20,10.98,11.23,10.86,11.17,199661,221293302.26,3.33,0.54,0.06,4.96
1893,2023-04-21,11.2,11.56,11.05,11.24,303069,342310431.14,4.57,0.63,0.07,7.52
1894,2023-04-24,11.45,11.58,10.98,11.17,222865,249147943.16,5.34,-0.62,-0.07,5.74
1895,2023-04-25,10.99,11.44,10.99,11.31,205440,231008952.09,4.03,1.25,0.14,5.29
1896,2023-04-26,11.13,11.26,10.85,10.98,184128,202930291.41,3.63,-2.92,-0.33,4.74
1897,2023-04-27,10.88,11.07,10.81,10.86,124334,135622404.14,2.37,-1.09,-0.12,3.2
1898,2023-04-28,10.85,11.04,10.83,10.9,101150,110453598.95,1.93,0.37,0.04,2.6
1899,2023-05-04,10.9,11.13,10.76,11.11,134370,147839302.43,3.39,1.93,0.21,3.46
1900,2023-05-05,11.03,11.03,10.71,10.93,117190,126953001.84,2.88,-1.62,-0.18,3.02
1901,2023-05-08,10.88,11.02,10.7,10.76,119392,128914388.28,2.93,-1.56,-0.17,3.07
1902,2023-05-09,10.46,10.52,10.27,10.31,94777,98364907.31,2.32,-4.18,-0.45,2.44
1903,2023-05-10,10.21,10.27,10.11,10.17,73326,74571577.09,1.55,-1.36,-0.14,1.89
1904,2023-05-11,10.24,10.34,10.09,10.18,71728,73236664.0,2.46,0.1,0.01,1.85
1905,2023-05-12,10.1,10.45,10.1,10.25,89951,92739538.28,3.44,0.69,0.07,2.32
1906,2023-05-15,10.29,10.39,10.11,10.38,69627,71478657.0,2.73,1.27,0.13,1.79
1907,2023-05-16,10.37,10.37,10.19,10.26,47683,48886811.33,1.73,-1.16,-0.12,1.23
1908,2023-05-17,10.19,10.49,10.16,10.44,78857,81692151.98,3.22,1.75,0.18,2.03
1909,2023-05-18,10.41,10.67,10.3,10.32,87009,90979225.88,3.54,-1.15,-0.12,2.24
1910,2023-05-19,10.32,10.65,10.19,10.51,98081,102434546.0,4.46,1.84,0.19,2.53
1911,2023-05-22,10.46,10.89,10.45,10.72,124699,133612766.84,4.19,2.0,0.21,3.21
1912,2023-05-23,10.72,10.75,10.36,10.37,79423,83577469.78,3.64,-3.26,-0.35,2.05
1913,2023-05-24,10.4,10.47,10.28,10.38,60365,62647167.0,1.83,0.1,0.01,1.55
1914,2023-05-25,10.33,10.45,10.16,10.3,56701,58371405.91,2.79,-0.77,-0.08,1.46
1915,2023-05-26,10.28,10.33,10.16,10.27,42583,43561700.68,1.65,-0.29,-0.03,1.1
1916,2023-05-29,10.3,10.47,10.2,10.24,70453,72697619.0,2.63,-0.29,-0.03,1.81
1917,2023-05-30,10.24,10.27,10.12,10.27,54154,55207788.15,1.46,0.29,0.03,1.39
1918,2023-05-31,10.27,10.58,10.25,10.35,56895,59222137.9,3.21,0.78,0.08,1.47
1919,2023-06-01,10.33,10.71,10.26,10.65,91223,96632127.92,4.35,2.9,0.3,2.35
1920,2023-06-02,10.64,10.69,10.48,10.51,63014,66500883.47,1.97,-1.31,-0.14,1.62
1921,2023-06-05,10.6,10.63,10.48,10.6,51454,54316275.88,1.43,0.86,0.09,1.32
1922,2023-06-06,10.54,10.72,10.46,10.5,67801,71786831.0,2.45,-0.94,-0.1,1.75
1923,2023-06-07,10.42,10.59,10.32,10.54,45361,47613622.0,2.57,0.38,0.04,1.17
1924,2023-06-08,10.49,10.9,10.45,10.78,107797,115899545.06,4.27,2.28,0.24,2.78
1925,2023-06-09,10.8,10.84,10.54,10.67,72201,77002158.54,2.78,-1.02,-0.11,1.86
1926,2023-06-12,10.7,10.77,10.5,10.67,77383,82258515.35,2.53,0.0,0.0,1.99
1927,2023-06-13,10.64,10.74,10.57,10.61,52322,55577924.24,1.59,-0.56,-0.06,1.35
1928,2023-06-14,10.61,10.75,10.52,10.6,61327,65207793.84,2.17,-0.09,-0.01,1.58
1929,2023-06-15,10.6,10.61,10.35,10.41,70746,73881899.51,2.45,-1.79,-0.19,1.82
1930,2023-06-16,10.45,10.6,10.42,10.48,67576,71124615.0,1.73,0.67,0.07,1.74
1931,2023-06-19,10.53,10.59,10.3,10.31,53935,56210388.26,2.77,-1.62,-0.17,1.39
1932,2023-06-20,10.31,10.38,10.16,10.17,47287,48441855.0,2.13,-1.36,-0.14,1.22
1933,2023-06-21,10.22,10.22,9.97,10.02,58423,58800445.61,2.46,-1.47,-0.15,1.5
1934,2023-06-26,10.0,10.07,9.88,9.88,64954,64798760.0,1.9,-1.4,-0.14,1.67
1935,2023-06-27,9.87,10.06,9.83,10.03,46625,46696372.0,2.33,1.52,0.15,1.2
1936,2023-06-28,10.0,10.13,9.86,10.11,45356,45365916.76,2.69,0.8,0.08,1.17
1937,2023-06-29,10.1,10.74,10.05,10.52,144392,152109504.72,6.82,4.06,0.41,3.72
1938,2023-06-30,10.51,11.38,10.51,11.3,270124,298040863.66,8.27,7.41,0.78,6.96
1939,2023-07-03,11.22,11.22,10.32,10.43,316447,335218975.81,7.96,-7.7,-0.87,8.15
1940,2023-07-04,10.31,10.35,9.97,10.25,191372,194111415.54,3.64,-1.73,-0.18,4.93
1941,2023-07-05,10.26,10.28,10.09,10.12,101489,102918346.13,1.85,-1.27,-0.13,2.61
1942,2023-07-06,10.11,10.19,10.02,10.17,83536,84530163.86,1.68,0.49,0.05,2.15
1943,2023-07-07,10.13,10.68,10.08,10.42,161432,167801697.57,5.9,2.46,0.25,4.16
1944,2023-07-10,10.51,10.69,10.23,10.4,108098,112588106.0,4.41,-0.19,-0.02,2.78
1945,2023-07-11,10.4,10.49,10.25,10.29,69388,71699356.5,2.31,-1.06,-0.11,1.79
1946,2023-07-12,10.26,10.42,10.11,10.12,124295,126930103.0,3.01,-1.65,-0.17,3.2
1947,2023-07-13,10.15,10.2,9.98,10.13,101646,102417328.0,2.17,0.1,0.01,2.62
1948,2023-07-14,10.1,10.16,10.03,10.07,66533,67135823.95,1.28,-0.59,-0.06,1.71
1949,2023-07-17,10.03,10.03,9.84,9.89,101611,100714536.0,1.89,-1.79,-0.18,2.62
1950,2023-07-18,9.89,9.94,9.76,9.8,94166,92437787.31,1.82,-0.91,-0.09,2.42
1951,2023-07-19,9.78,9.87,9.63,9.7,94623,92045587.16,2.45,-1.02,-0.1,2.44
1952,2023-07-20,9.7,9.76,9.46,9.5,89046,85177237.71,3.09,-2.06,-0.2,2.29
1953,2023-07-21,9.47,9.66,9.46,9.59,74926,71885420.2,2.11,0.95,0.09,1.93
1954,2023-07-24,9.59,9.62,9.52,9.55,53264,50989129.77,1.04,-0.42,-0.04,1.37
1955,2023-07-25,9.61,9.64,9.55,9.64,60951,58521654.92,0.94,0.94,0.09,1.57
1956,2023-07-26,9.6,9.64,9.49,9.52,74649,71268680.0,1.56,-1.24,-0.12,1.92
1957,2023-07-27,9.56,9.58,9.44,9.47,51284,48714288.0,1.47,-0.53,-0.05,1.32
1958,2023-07-28,9.43,9.55,9.36,9.53,60821,57574096.9,2.01,0.63,0.06,1.57
1959,2023-07-31,9.58,9.79,9.54,9.77,115795,112409299.36,2.62,2.52,0.24,2.98
1960,2023-08-01,9.74,9.8,9.68,9.74,70126,68195784.0,1.23,-0.31,-0.03,1.81
1961,2023-08-02,9.73,9.84,9.67,9.78,69583,68080444.22,1.75,0.41,0.04,1.79
1962,2023-08-03,9.73,9.79,9.69,9.75,46341,45155500.52,1.02,-0.31,-0.03,1.19
1963,2023-08-04,9.79,9.83,9.71,9.73,51595,50325883.0,1.23,-0.21,-0.02,1.33
1964,2023-08-07,9.77,9.88,9.7,9.8,74647,73106218.0,1.85,0.72,0.07,1.92
1965,2023-08-08,9.78,9.84,9.66,9.73,49449,48061529.62,1.84,-0.71,-0.07,1.27
1966,2023-08-09,9.7,9.73,9.63,9.64,48934,47340044.0,1.03,-0.92,-0.09,1.26
1967,2023-08-10,9.65,9.72,9.6,9.65,39081,37758487.36,1.24,0.1,0.01,1.01
1968,2023-08-11,9.69,9.7,9.46,9.46,42575,40734972.25,2.49,-1.97,-0.19,1.1
1969,2023-08-14,9.41,9.43,9.25,9.34,46143,42971161.0,1.9,-1.27,-0.12,1.19
1970,2023-08-15,9.31,9.44,9.27,9.29,42801,40026892.0,1.82,-0.54,-0.05,1.1
1971,2023-08-16,9.29,9.47,9.26,9.31,46714,43701775.26,2.26,0.22,0.02,1.2
1972,2023-08-17,9.27,9.4,9.14,9.4,43228,40089671.24,2.79,0.97,0.09,1.11
1973,2023-08-18,9.34,9.41,9.18,9.2,40712,37826906.14,2.45,-2.13,-0.2,1.05
1974,2023-08-21,9.1,9.19,8.76,8.77,145948,129395598.86,4.67,-4.67,-0.43,3.76
1975,2023-08-22,8.85,8.94,8.66,8.82,76692,67118133.17,3.19,0.57,0.05,1.97
1976,2023-08-23,8.82,8.89,8.73,8.79,50736,44760790.94,1.81,-0.34,-0.03,1.31
