,日期,开盘,最高,最低,收盘,成交量,成交额,振幅,涨跌幅,涨跌额,换手率
0,2016-08-16,5.36,6.82,5.36,6.82,2870,3498525.0,35.18,64.34,2.67,0.06
1,2016-08-17,7.69,7.69,7.69,7.69,1629,2190440.0,0.0,12.76,0.87,0.03
2,2016-08-18,8.65,8.65,8.65,8.65,2916,4315710.0,0.0,12.48,0.96,0.06
3,2016-08-19,9.71,9.71,9.71,9.71,13769,22416306.0,0.0,12.25,1.06,0.28
4,2016-08-22,10.88,10.88,10.88,10.88,49545,88734683.0,0.0,12.05,1.17,0.99
5,2016-08-23,12.01,12.15,11.72,12.15,1169782,2288453920.0,3.95,11.67,1.27,23.4
6,2016-08-24,12.76,13.23,12.64,12.77,2590738,5363313408.0,4.86,5.1,0.62,51.81
7,2016-08-25,12.51,12.94,12.18,12.92,1725311,3504082656.0,5.95,1.17,0.15,34.51
8,2016-08-26,12.83,12.84,12.05,12.07,1428177,2863292576.0,6.11,-6.58,-0.85,28.56
9,2016-08-29,11.8,11.88,11.35,11.42,1038366,1969536000.0,4.39,-5.39,-0.65,20.77
10,2016-08-30,11.52,11.6,11.32,11.38,602521,1127119904.0,2.45,-0.35,-0.04,12.05
11,2016-08-31,11.4,12.44,11.33,11.93,1247221,2406548160.0,9.75,4.83,0.55,24.94
12,2016-09-01,11.83,11.88,11.36,11.38,826005,1560641664.0,4.36,-4.61,-0.55,16.52
13,2016-09-02,11.23,11.58,11.14,11.34,531721,989840464.0,3.87,-0.35,-0.04,10.63
14,2016-09-05,11.43,11.45,10.81,10.87,695887,1269127504.0,5.64,-4.14,-0.47,13.92
15,2016-09-06,10.78,11.05,10.69,10.95,474695,849307136.0,3.31,0.74,0.08,9.49
16,2016-09-07,10.89,11.0,10.71,10.73,442554,790159904.0,2.65,-2.01,-0.22,8.85
17,2016-09-08,10.7,10.9,10.65,10.76,324773,576781296.0,2.33,0.28,0.03,6.5
18,2016-09-09,10.76,10.85,10.6,10.6,268127,473962000.0,2.32,-1.49,-0.16,5.36
19,2016-09-12,10.37,10.54,10.18,10.21,415059,712970272.0,3.4,-3.68,-0.39,8.3
20,2016-09-13,10.3,10.63,10.25,10.44,405285,702704000.0,3.72,2.25,0.23,8.11
21,2016-09-14,10.35,10.46,10.24,10.31,217265,372294816.0,2.11,-1.25,-0.13,4.35
22,2016-09-19,10.29,10.49,10.28,10.43,211627,365179200.0,2.04,1.16,0.12,4.23
23,2016-09-20,10.38,10.56,10.2,10.23,318266,545990080.0,3.45,-1.92,-0.2,6.37
24,2016-09-21,10.22,10.28,10.11,10.15,234344,397035280.0,1.66,-0.78,-0.08,4.69
25,2016-09-22,10.24,10.35,10.14,10.17,206860,351154912.0,2.07,0.2,0.02,4.14
26,2016-09-23,10.16,10.18,9.77,9.78,319268,530708960.0,4.03,-3.83,-0.39,6.39
27,2016-09-26,9.73,9.77,9.2,9.23,347328,552923456.0,5.83,-5.62,-0.55,6.95
28,2016-09-27,9.21,9.25,8.96,9.19,297957,459571584.0,3.14,-0.43,-0.04,5.96
29,2016-09-28,9.18,9.2,8.99,9.01,183727,283108640.0,2.29,-1.96,-0.18,3.67
30,2016-09-29,9.06,9.15,9.0,9.0,161603,248425688.0,1.66,-0.11,-0.01,3.23
31,2016-09-30,8.98,9.0,8.81,8.83,204946,309894272.0,2.11,-1.89,-0.17,4.1
32,2016-10-10,8.88,9.1,8.81,9.1,250647,382384736.0,3.28,3.06,0.27,5.01
33,2016-10-11,9.09,9.2,9.04,9.13,209419,322954848.0,1.76,0.33,0.03,4.19
34,2016-10-12,9.05,9.14,8.98,9.03,177007,272206208.0,1.75,-1.1,-0.1,3.54
35,2016-10-13,9.07,9.1,8.96,8.98,152100,232584844.0,1.55,-0.55,-0.05,3.04
36,2016-10-14,8.97,9.13,8.93,9.04,207536,318290688.0,2.23,0.67,0.06,4.15
37,2016-10-17,8.99,9.03,8.69,8.7,278638,420160752.0,3.76,-3.76,-0.34,5.57
38,2016-10-18,8.71,8.93,8.62,8.9,260846,390499536.0,3.56,2.3,0.2,5.22
39,2016-10-19,8.9,8.9,8.74,8.79,170389,255594165.0,1.8,-1.24,-0.11,3.41
40,2016-10-20,8.78,8.92,8.73,8.83,174379,262097673.0,2.16,0.46,0.04,3.49
41,2016-10-21,8.8,8.91,8.7,8.9,215743,324358880.0,2.38,0.79,0.07,4.31
42,2016-10-24,8.91,9.49,8.86,9.2,718551,1120663248.0,7.08,3.37,0.3,14.37
43,2016-10-25,9.15,9.28,9.11,9.2,324629,504947792.0,1.85,0.0,0.0,6.49
44,2016-10-26,9.2,9.22,8.94,9.0,310975,477331680.0,3.04,-2.17,-0.2,6.22
45,2016-10-27,8.98,9.04,8.97,9.02,153213,234234160.0,0.78,0.22,0.02,3.06
46,2016-10-28,9.1,9.75,9.1,9.31,699877,1113201104.0,7.21,3.22,0.29,14.0
47,2016-10-31,9.33,9.63,9.23,9.56,577079,921684768.0,4.3,2.69,0.25,11.54
48,2016-11-01,9.45,9.56,9.38,9.49,311965,497695200.0,1.88,-0.73,-0.07,6.24
49,2016-11-02,9.46,9.58,9.32,9.36,303929,482592112.0,2.74,-1.37,-0.13,6.08
50,2016-11-03,9.32,9.49,9.19,9.44,315924,498432432.0,3.21,0.85,0.08,6.32
51,2016-11-04,9.42,9.48,9.25,9.28,225812,356157296.0,2.44,-1.69,-0.16,4.52
52,2016-11-07,9.28,9.35,9.23,9.28,154294,242155507.0,1.29,0.0,0.0,3.09
53,2016-11-08,9.33,9.48,9.28,9.42,302686,479397536.0,2.16,1.51,0.14,6.05
54,2016-11-09,9.38,9.4,9.1,9.17,294161,459119472.0,3.18,-2.65,-0.25,5.88
55,2016-11-10,9.28,9.69,9.24,9.54,513031,821201920.0,4.91,4.03,0.37,10.26
56,2016-11-11,9.55,9.83,9.47,9.75,590227,956014800.0,3.77,2.2,0.21,11.8
57,2016-11-14,9.66,10.21,9.62,9.93,559237,927970944.0,6.05,1.85,0.18,11.18
58,2016-11-15,9.88,9.9,9.68,9.75,263814,431906656.0,2.22,-1.81,-0.18,5.28
59,2016-11-16,9.8,9.85,9.66,9.7,180953,294732224.0,1.95,-0.51,-0.05,3.62
60,2016-11-17,9.66,9.88,9.59,9.79,230649,375562464.0,2.99,0.93,0.09,4.61
61,2016-11-18,9.8,9.8,9.63,9.64,177249,288169920.0,1.74,-1.53,-0.15,3.54
62,2016-11-21,9.6,9.85,9.59,9.7,232850,380032752.0,2.7,0.62,0.06,4.66
63,2016-11-22,9.75,9.8,9.65,9.76,187434,305914288.0,1.55,0.62,0.06,3.75
64,2016-11-23,9.77,10.07,9.72,9.8,443472,734189744.0,3.59,0.41,0.04,8.87
65,2016-11-24,9.75,10.05,9.73,10.03,452086,749871488.0,3.27,2.35,0.23,9.04
66,2016-11-25,10.07,10.18,9.87,10.07,355159,593527328.0,3.09,0.4,0.04,7.1
67,2016-11-28,10.13,10.6,10.13,10.48,639812,1101603776.0,4.67,4.07,0.41,12.8
68,2016-11-29,10.37,10.48,10.3,10.33,310860,534586544.0,1.72,-1.43,-0.15,6.22
69,2016-11-30,10.34,10.34,9.88,9.93,279427,468098704.0,4.45,-3.87,-0.4,5.59
70,2016-12-01,9.9,10.14,9.9,10.13,203038,340308736.0,2.42,2.01,0.2,4.06
71,2016-12-02,10.11,10.18,9.93,9.97,185274,310301584.0,2.47,-1.58,-0.16,3.71
72,2016-12-05,9.74,9.92,9.67,9.76,149150,244353543.0,2.51,-2.11,-0.21,2.98
73,2016-12-06,9.75,9.91,9.73,9.74,120282,197133029.0,1.84,-0.2,-0.02,2.41
74,2016-12-07,9.73,9.99,9.72,9.98,160568,264865483.0,2.77,2.46,0.24,3.21
75,2016-12-08,9.99,10.3,9.89,10.15,278432,469924192.0,4.11,1.7,0.17,5.57
76,2016-12-09,10.12,10.93,10.12,10.53,632034,1106859184.0,7.98,3.74,0.38,12.64
77,2016-12-12,10.7,11.05,10.35,10.48,556141,984954016.0,6.65,-0.47,-0.05,11.12
78,2016-12-13,10.4,10.54,10.05,10.4,373439,637223888.0,4.68,-0.76,-0.08,7.47
79,2016-12-14,10.33,10.92,10.22,10.88,405389,716241184.0,6.73,4.62,0.48,8.11
80,2016-12-15,10.76,11.01,10.3,10.4,372468,650033488.0,6.53,-4.41,-0.48,7.45
81,2016-12-16,10.33,10.78,10.33,10.38,257741,448684912.0,4.33,-0.19,-0.02,5.15
82,2016-12-19,10.25,10.29,10.0,10.07,218743,369026800.0,2.79,-2.99,-0.31,4.37
83,2016-12-20,10.07,10.07,9.47,9.56,423362,686083584.0,5.96,-5.06,-0.51,8.47
84,2016-12-21,9.58,9.71,9.54,9.7,178114,288166224.0,1.78,1.46,0.14,3.56
85,2016-12-22,9.68,9.83,9.57,9.8,126208,204958455.0,2.68,1.03,0.1,2.52
86,2016-12-23,9.75,9.78,9.35,9.36,197907,317235632.0,4.39,-4.49,-0.44,3.96
87,2016-12-26,9.3,9.63,9.2,9.6,189589,300832720.0,4.59,2.56,0.24,3.79
88,2016-12-27,9.55,9.67,9.48,9.53,105664,170097008.0,1.98,-0.73,-0.07,2.11
89,2016-12-28,9.53,9.58,9.24,9.34,138333,218962852.0,3.57,-1.99,-0.19,2.77
90,2016-12-29,9.28,9.44,9.21,9.32,94201,148353891.0,2.46,-0.21,-0.02,1.88
91,2016-12-30,9.32,9.43,9.26,9.35,115205,181262027.0,1.82,0.32,0.03,2.3
92,2017-01-03,9.42,9.78,9.41,9.7,220037,355417008.0,3.96,3.74,0.35,4.4
93,2017-01-04,9.68,9.78,9.64,9.74,154378,251513172.0,1.44,0.41,0.04,3.09
94,2017-01-05,9.72,9.78,9.68,9.73,82224,134089493.0,1.03,-0.1,-0.01,1.64
95,2017-01-06,9.7,9.7,9.39,9.43,171272,274066896.0,3.19,-3.08,-0.3,3.43
96,2017-01-09,9.4,9.55,9.4,9.49,93592,149237759.0,1.59,0.64,0.06,1.87
97,2017-01-10,9.45,9.45,9.3,9.4,137811,217462225.0,1.58,-0.95,-0.09,2.76
98,2017-01-11,9.35,9.4,9.28,9.28,62523,98501328.0,1.28,-1.28,-0.12,1.25
99,2017-01-12,9.28,9.32,8.85,8.93,196091,301264976.0,5.06,-3.77,-0.35,3.92
100,2017-01-13,8.91,8.99,8.71,8.94,172333,259489927.0,3.14,0.11,0.01,3.45
101,2017-01-16,8.83,9.1,8.58,8.99,361429,544867744.0,5.82,0.56,0.05,7.23
102,2017-01-17,8.85,9.05,8.82,8.98,96226,146097978.0,2.56,-0.11,-0.01,1.92
103,2017-01-18,8.93,9.1,8.9,9.03,111673,171340215.0,2.23,0.56,0.05,2.23
104,2017-01-19,9.01,9.18,8.9,9.01,108157,166508723.0,3.1,-0.22,-0.02,2.16
105,2017-01-20,9.0,9.21,8.97,9.18,101321,156959540.0,2.66,1.89,0.17,2.03
106,2017-01-23,9.15,9.29,9.1,9.14,89196,138649289.0,2.07,-0.44,-0.04,1.78
107,2017-01-24,9.13,9.2,9.06,9.15,64158,99175984.0,1.53,0.11,0.01,1.28
108,2017-01-25,9.13,9.2,9.08,9.16,50415,78113800.0,1.31,0.11,0.01,1.01
109,2017-01-26,9.25,9.6,9.23,9.5,194220,309218368.0,4.04,3.71,0.34,3.88
110,2017-02-03,9.48,9.5,9.34,9.34,66138,104826500.0,1.68,-1.68,-0.16,1.32
111,2017-02-06,9.35,9.51,9.33,9.49,90803,144355758.0,1.93,1.61,0.15,1.82
112,2017-02-07,9.44,9.58,9.38,9.43,61443,97755066.0,2.11,-0.63,-0.06,1.23
113,2017-02-08,9.41,9.6,9.37,9.58,123555,197172569.0,2.44,1.59,0.15,2.47
114,2017-02-09,9.51,9.77,9.49,9.64,189073,306390816.0,2.92,0.63,0.06,3.78
115,2017-02-10,9.64,9.92,9.6,9.75,244312,401293952.0,3.32,1.14,0.11,4.89
116,2017-02-13,9.78,10.75,9.78,10.2,476908,812141584.0,9.95,4.62,0.45,9.54
117,2017-02-14,10.23,10.34,10.0,10.1,290158,489108400.0,3.33,-0.98,-0.1,5.8
118,2017-02-15,10.09,10.63,10.02,10.25,411906,708581856.0,6.04,1.49,0.15,8.24
119,2017-02-16,10.23,10.58,10.14,10.5,366363,631818880.0,4.29,2.44,0.25,7.33
120,2017-02-17,10.5,10.62,10.01,10.04,309794,529328832.0,5.81,-4.38,-0.46,6.2
121,2017-02-20,10.05,11.0,10.01,10.85,615639,1081634000.0,9.86,8.07,0.81,12.31
122,2017-02-21,10.83,11.04,10.58,10.68,443758,783770880.0,4.24,-1.57,-0.17,8.88
123,2017-02-22,10.65,10.71,10.44,10.62,305886,534574080.0,2.53,-0.56,-0.06,6.12
124,2017-02-23,10.67,11.05,10.63,10.8,466132,834011552.0,3.95,1.69,0.18,9.32
125,2017-02-24,10.85,10.87,10.53,10.72,328784,578494480.0,3.15,-0.74,-0.08,6.58
126,2017-02-27,10.65,10.65,10.39,10.5,237777,414063456.0,2.43,-2.05,-0.22,4.76
127,2017-02-28,10.44,11.13,10.43,10.98,466614,838057440.0,6.67,4.57,0.48,9.33
128,2017-03-01,10.88,11.2,10.7,10.71,342803,616830080.0,4.55,-2.46,-0.27,6.86
129,2017-03-02,10.75,11.0,10.73,10.84,317228,567915360.0,2.52,1.21,0.13,6.34
130,2017-03-03,10.72,10.8,10.48,10.49,245813,431258736.0,2.95,-3.23,-0.35,4.92
131,2017-03-06,10.49,10.71,10.45,10.63,158964,278546464.0,2.48,1.33,0.14,3.18
132,2017-03-07,10.59,10.98,10.58,10.94,265185,472080256.0,3.76,2.92,0.31,5.3
133,2017-03-08,10.93,11.18,10.74,10.9,329784,595365328.0,4.02,-0.37,-0.04,6.6
134,2017-03-09,10.77,10.96,10.67,10.78,177987,316284624.0,2.66,-1.1,-0.12,3.56
135,2017-03-10,10.77,10.85,10.5,10.52,175290,307121888.0,3.25,-2.41,-0.26,3.51
136,2017-03-13,10.48,10.6,10.31,10.55,123223,213488659.0,2.76,0.29,0.03,2.46
137,2017-03-14,10.53,10.63,10.4,10.46,121309,211017038.0,2.18,-0.85,-0.09,2.43
138,2017-03-15,10.43,10.55,10.42,10.47,74468,129179794.0,1.24,0.1,0.01,1.49
139,2017-03-16,10.51,11.01,10.5,10.87,332120,593049728.0,4.87,3.82,0.4,6.64
140,2017-03-17,10.8,10.83,10.51,10.53,204466,361241456.0,2.94,-3.13,-0.34,4.09
141,2017-03-20,10.48,10.69,10.41,10.63,156680,272763712.0,2.66,0.95,0.1,3.13
142,2017-03-21,10.6,10.74,10.5,10.59,103749,182052383.0,2.26,-0.38,-0.04,2.07
143,2017-03-22,10.52,10.53,10.28,10.3,179047,308578416.0,2.36,-2.74,-0.29,3.58
144,2017-03-23,10.32,10.48,10.15,10.35,153770,263753738.0,3.2,0.49,0.05,3.08
145,2017-03-24,10.35,10.38,10.09,10.25,128231,217953052.0,2.8,-0.97,-0.1,2.56
146,2017-03-27,10.25,10.44,10.22,10.33,145970,251061880.0,2.15,0.78,0.08,2.92
147,2017-03-28,10.33,10.43,10.3,10.41,76030,130937340.0,1.26,0.77,0.08,1.52
148,2017-03-29,10.42,10.45,10.15,10.2,94569,161386822.0,2.88,-2.02,-0.21,1.89
149,2017-03-30,10.17,10.22,9.91,9.98,111654,187046135.0,3.04,-2.16,-0.22,2.23
150,2017-03-31,10.03,10.73,10.01,10.58,377501,656874000.0,7.21,6.01,0.6,7.55
151,2017-04-05,10.31,10.34,10.0,10.3,285811,486126704.0,3.21,-2.65,-0.28,5.72
152,2017-04-06,10.23,10.3,10.18,10.28,115597,196734803.0,1.17,-0.19,-0.02,2.31
153,2017-04-07,10.25,10.4,10.22,10.23,118357,202344608.0,1.75,-0.49,-0.05,2.37
154,2017-04-10,10.16,10.23,10.07,10.1,130336,219847898.0,1.56,-1.27,-0.13,2.61
155,2017-04-11,10.1,10.34,10.03,10.31,154935,263009681.0,3.07,2.08,0.21,3.1
156,2017-04-12,10.25,10.26,10.05,10.15,120670,204268224.0,2.04,-1.55,-0.16,2.41
157,2017-04-13,10.1,10.2,10.07,10.11,87821,147947016.0,1.28,-0.39,-0.04,1.76
158,2017-04-14,10.08,10.08,9.71,9.75,180222,297072032.0,3.66,-3.56,-0.36,3.6
159,2017-04-17,9.7,9.7,9.3,9.44,157390,250618857.0,4.1,-3.18,-0.31,3.15
160,2017-04-18,9.44,9.47,9.25,9.28,89571,141600523.0,2.33,-1.69,-0.16,1.79
161,2017-04-19,9.25,9.54,9.25,9.42,119127,188401817.0,3.13,1.51,0.14,2.38
162,2017-04-20,9.37,9.4,9.1,9.18,150939,234938633.0,3.18,-2.55,-0.24,3.02
163,2017-04-21,9.18,9.36,9.14,9.29,106335,166857909.0,2.4,1.2,0.11,2.13
164,2017-04-24,9.25,9.4,9.05,9.28,88610,138229079.0,3.77,-0.11,-0.01,1.77
165,2017-04-25,9.32,9.68,9.32,9.49,139334,222826151.0,3.88,2.26,0.21,2.79
166,2017-04-26,9.5,9.62,9.4,9.45,95376,152509959.0,2.32,-0.42,-0.04,1.91
167,2017-04-27,9.45,9.5,9.15,9.5,88476,139186165.0,3.7,0.53,0.05,1.77
168,2017-04-28,9.44,9.45,9.2,9.3,136027,213519571.0,2.63,-2.11,-0.2,2.72
169,2017-05-02,9.3,9.36,9.18,9.28,109260,170962606.0,1.94,-0.22,-0.02,2.19
170,2017-05-03,9.28,9.37,9.21,9.3,116883,183434561.0,1.72,0.22,0.02,2.34
171,2017-05-04,9.28,9.34,9.1,9.23,156977,245218910.0,2.58,-0.75,-0.07,3.14
172,2017-05-05,9.2,9.28,8.93,8.94,153024,236507717.0,3.79,-3.14,-0.29,3.06
173,2017-05-08,8.83,8.94,8.65,8.68,146245,219612056.0,3.24,-2.91,-0.26,2.92
174,2017-05-09,8.68,9.14,8.68,9.06,244392,371603872.0,5.3,4.38,0.38,4.89
175,2017-05-10,8.98,9.78,8.98,9.35,427283,677628912.0,8.83,3.2,0.29,8.55
176,2017-05-11,9.23,9.58,9.15,9.41,237355,374570192.0,4.6,0.64,0.06,4.75
177,2017-05-12,9.37,9.74,9.33,9.63,265950,428858784.0,4.36,2.34,0.22,5.32
178,2017-05-15,9.61,9.68,9.47,9.5,168627,270808096.0,2.18,-1.35,-0.13,3.37
179,2017-05-16,9.43,9.47,9.23,9.46,155501,245534668.0,2.53,-0.42,-0.04,3.11
180,2017-05-17,9.39,9.55,9.31,9.45,142343,226116695.0,2.54,-0.11,-0.01,2.85
181,2017-05-18,9.34,9.42,9.03,9.07,185581,288985584.0,4.13,-4.02,-0.38,3.71
182,2017-05-19,9.08,9.13,8.92,9.03,97107,148783616.0,2.32,-0.44,-0.04,1.94
183,2017-05-22,8.98,9.08,8.8,8.83,138922,210634798.0,3.1,-2.21,-0.2,2.78
184,2017-05-23,8.83,9.2,8.75,9.09,238687,367133952.0,5.1,2.94,0.26,4.77
185,2017-05-24,9.01,9.05,8.73,8.9,150834,227364289.0,3.52,-2.09,-0.19,3.02
186,2017-05-25,8.89,9.35,8.83,9.26,291381,451755168.0,5.84,4.04,0.36,5.83
187,2017-05-26,9.27,9.29,9.09,9.14,152848,237252668.0,2.16,-1.3,-0.12,3.06
188,2017-05-31,9.31,9.42,8.93,9.05,191385,299070800.0,5.36,-0.98,-0.09,3.83
189,2017-06-01,8.95,9.35,8.93,9.2,216557,336991008.0,4.64,1.66,0.15,4.33
190,2017-06-02,9.15,9.43,9.13,9.43,264804,416787120.0,3.26,2.5,0.23,5.3
191,2017-06-05,9.43,9.43,9.23,9.32,147711,231917938.0,2.12,-1.17,-0.11,2.95
192,2017-06-06,9.28,9.4,9.18,9.36,105852,166052237.0,2.36,0.43,0.04,2.12
193,2017-06-07,9.36,9.57,9.31,9.52,199222,318129040.0,2.78,1.71,0.16,3.98
194,2017-06-08,9.5,9.5,9.32,9.4,218390,345653040.0,1.89,-1.26,-0.12,4.37
195,2017-06-09,9.4,9.49,9.33,9.35,180088,285021200.0,1.7,-0.53,-0.05,3.6
196,2017-06-12,9.3,9.46,9.28,9.33,123916,196042143.0,1.93,-0.21,-0.02,2.48
197,2017-06-13,9.31,9.4,9.28,9.39,102498,161692032.0,1.29,0.64,0.06,2.05
198,2017-06-14,9.41,9.41,9.14,9.17,127680,195996996.0,2.88,-2.34,-0.22,2.55
199,2017-06-15,9.17,9.29,9.15,9.23,81586,125116222.0,1.53,0.65,0.06,1.63
200,2017-06-16,9.2,9.24,9.08,9.09,107353,163348884.0,1.73,-1.52,-0.14,2.15
201,2017-06-19,9.13,9.2,9.09,9.18,69356,105688665.0,1.21,0.99,0.09,1.39
202,2017-06-20,9.21,9.22,9.14,9.16,61202,93447010.0,0.87,-0.22,-0.02,1.22
203,2017-06-21,9.21,9.25,9.13,9.24,82329,125834374.0,1.31,0.87,0.08,1.65
204,2017-06-22,9.22,10.01,9.22,9.64,466840,743101088.0,8.55,4.33,0.4,9.34
205,2017-06-23,9.5,9.64,9.42,9.62,204106,322076000.0,2.28,-0.21,-0.02,4.08
206,2017-06-26,9.56,9.74,9.56,9.62,180714,288047904.0,1.87,0.0,0.0,3.61
207,2017-06-27,9.63,9.74,9.57,9.73,167496,267443782.0,1.77,1.14,0.11,3.35
208,2017-06-28,9.72,9.79,9.55,9.65,234077,373631248.0,2.47,-0.82,-0.08,4.68
209,2017-06-29,9.65,9.67,9.55,9.64,134548,213534263.0,1.24,-0.1,-0.01,2.69
210,2017-06-30,9.59,9.63,9.54,9.56,98537,155997922.0,0.93,-0.83,-0.08,1.97
211,2017-07-03,9.57,9.6,9.48,9.6,103844,163956372.0,1.26,0.42,0.04,2.08
212,2017-07-04,9.6,9.6,9.39,9.41,137950,216336951.0,2.19,-1.98,-0.19,2.76
213,2017-07-05,9.41,9.52,9.38,9.52,104466,163720194.0,1.49,1.17,0.11,2.09
214,2017-07-06,9.5,9.5,9.33,9.4,136657,213129804.0,1.79,-1.26,-0.12,2.73
215,2017-07-07,9.4,9.51,9.37,9.44,100702,157316057.0,1.49,0.43,0.04,2.01
216,2017-07-10,9.42,9.45,9.33,9.39,91022,141678585.0,1.27,-0.53,-0.05,1.82
217,2017-07-11,9.35,9.65,9.35,9.56,232461,367431184.0,3.19,1.81,0.17,4.65
218,2017-07-12,9.56,9.75,9.38,9.46,292963,463433584.0,3.87,-1.05,-0.1,5.86
219,2017-07-13,9.45,9.7,9.43,9.68,227866,359958608.0,2.85,2.33,0.22,4.56
220,2017-07-14,9.73,9.83,9.58,9.71,231652,370181712.0,2.58,0.31,0.03,4.63
221,2017-07-17,9.69,10.22,9.55,9.88,616976,1004231104.0,6.9,1.75,0.17,12.34
222,2017-07-18,9.7,9.83,9.6,9.81,269130,431444064.0,2.33,-0.71,-0.07,5.38
223,2017-07-19,9.8,10.11,9.76,10.0,394769,647319536.0,3.57,1.94,0.19,7.9
224,2017-07-20,9.95,10.07,9.84,9.93,209029,340906816.0,2.3,-0.7,-0.07,4.18
225,2017-07-21,9.9,9.9,9.72,9.75,189226,305090272.0,1.81,-1.81,-0.18,3.78
226,2017-07-24,9.7,9.84,9.67,9.82,170523,274477488.0,1.74,0.72,0.07,3.41
227,2017-07-25,9.8,9.83,9.56,9.61,231165,369651904.0,2.75,-2.14,-0.21,4.62
228,2017-07-26,9.57,9.74,9.38,9.49,243901,383873504.0,3.75,-1.25,-0.12,4.88
229,2017-07-27,9.48,9.53,9.38,9.53,154465,242015949.0,1.58,0.42,0.04,3.09
230,2017-07-28,9.5,9.58,9.45,9.49,122523,192797556.0,1.36,-0.42,-0.04,2.45
231,2017-07-31,9.48,9.48,9.25,9.3,276573,427685536.0,2.42,-2.0,-0.19,5.53
232,2017-08-01,9.27,9.59,9.24,9.44,260012,407457424.0,3.76,1.51,0.14,5.2
233,2017-08-02,9.36,9.5,9.34,9.43,158205,247024698.0,1.69,-0.11,-0.01,3.16
234,2017-08-03,9.4,9.41,9.24,9.28,171192,264222626.0,1.8,-1.59,-0.15,3.42
235,2017-08-04,9.28,9.32,9.22,9.23,96873,149022309.0,1.08,-0.54,-0.05,1.94
236,2017-08-07,9.2,9.32,9.19,9.3,70127,108076979.0,1.41,0.76,0.07,1.4
237,2017-08-08,9.2,9.29,9.2,9.25,72846,111872907.0,0.97,-0.54,-0.05,1.46
238,2017-08-09,9.25,9.25,9.11,9.13,120153,183187893.0,1.51,-1.3,-0.12,2.4
239,2017-08-10,9.1,9.24,9.09,9.18,98287,149915022.0,1.64,0.55,0.05,1.97
240,2017-08-11,9.09,9.15,8.91,8.94,164555,247877465.0,2.61,-2.61,-0.24,3.29
241,2017-08-14,8.92,9.01,8.88,8.98,69170,103489337.0,1.45,0.45,0.04,1.38
242,2017-08-15,8.99,9.14,8.95,9.0,123984,187028572.0,2.12,0.22,0.02,2.48
243,2017-08-16,8.91,9.13,8.82,9.04,184654,277552816.0,3.44,0.44,0.04,1.53
244,2017-08-17,9.0,9.1,8.96,9.05,158023,237841569.0,1.55,0.11,0.01,1.31
245,2017-08-18,9.0,9.14,8.98,9.09,151956,229953644.0,1.77,0.44,0.04,1.26
246,2017-08-21,9.07,9.14,9.0,9.13,134745,203664860.0,1.54,0.44,0.04,1.12
247,2017-08-22,9.12,9.16,9.05,9.08,140033,212656079.0,1.2,-0.55,-0.05,1.16
248,2017-08-23,9.09,9.28,9.07,9.23,197146,301482816.0,2.31,1.65,0.15,1.63
249,2017-08-24,9.2,9.27,9.14,9.15,103794,158819228.0,1.41,-0.87,-0.08,0.86
250,2017-08-25,9.14,9.45,9.13,9.38,244265,377874560.0,3.5,2.51,0.23,2.02
251,2017-08-28,9.42,9.68,9.38,9.58,265845,420020304.0,3.2,2.13,0.2,2.2
252,2017-08-29,9.75,9.8,9.58,9.61,342472,547059424.0,2.3,0.31,0.03,2.84
253,2017-08-30,9.58,9.7,9.48,9.5,243571,384845952.0,2.29,-1.14,-0.11,2.02
254,2017-08-31,9.49,9.57,9.43,9.53,122996,193335039.0,1.47,0.32,0.03,1.02
255,2017-09-01,9.53,9.55,9.38,9.43,188974,296156496.0,1.78,-1.05,-0.1,1.56
256,2017-09-04,9.41,9.5,9.39,9.48,125328,196053745.0,1.17,0.53,0.05,1.04
257,2017-09-05,9.47,9.76,9.46,9.63,247611,394445808.0,3.16,1.58,0.15,2.05
258,2017-09-06,9.59,9.62,9.44,9.48,165780,260542124.0,1.87,-1.56,-0.15,1.37
259,2017-09-07,9.45,9.48,9.32,9.32,173608,269970304.0,1.69,-1.69,-0.16,1.44
260,2017-09-08,9.33,9.41,9.3,9.36,80130,124318092.0,1.18,0.43,0.04,0.66
261,2017-09-11,9.38,9.43,9.31,9.36,111382,173239974.0,1.28,0.0,0.0,0.92
262,2017-09-12,9.36,9.38,9.17,9.33,226394,348691696.0,2.24,-0.32,-0.03,1.87
263,2017-09-13,9.27,9.31,9.17,9.22,118515,181858772.0,1.5,-1.18,-0.11,0.98
264,2017-09-14,9.22,9.23,9.17,9.19,110644,169315523.0,0.65,-0.33,-0.03,0.92
265,2017-09-15,9.18,9.27,9.17,9.24,116031,178026464.0,1.09,0.54,0.05,0.96
266,2017-09-18,9.23,9.25,9.19,9.23,71387,109482943.0,0.65,-0.11,-0.01,0.59
267,2017-09-19,9.21,9.3,9.21,9.23,78877,121256177.0,0.98,0.0,0.0,0.65
268,2017-09-20,9.23,9.26,9.18,9.25,70376,108003498.0,0.87,0.22,0.02,0.58
269,2017-09-21,9.22,9.28,9.21,9.23,74173,113968222.0,0.76,-0.22,-0.02,0.61
270,2017-09-22,9.21,9.26,9.06,9.08,107192,163148178.0,2.17,-1.63,-0.15,0.89
271,2017-09-25,9.05,9.09,8.9,8.9,175812,263377784.0,2.09,-1.98,-0.18,1.46
272,2017-09-26,8.9,8.96,8.83,8.9,152567,226678720.0,1.46,0.0,0.0,1.26
273,2017-09-27,8.9,8.9,8.79,8.83,164812,244159371.0,1.24,-0.79,-0.07,1.36
274,2017-09-28,8.84,8.86,8.75,8.77,112828,166550034.0,1.25,-0.68,-0.06,0.93
275,2017-09-29,8.8,8.86,8.73,8.78,125208,184552614.0,1.48,0.11,0.01,1.04
276,2017-10-09,9.05,9.09,8.89,8.93,164805,247008304.0,2.28,1.71,0.15,1.36
277,2017-10-10,8.87,8.98,8.87,8.98,91658,137002643.0,1.23,0.56,0.05,0.76
278,2017-10-11,8.97,8.99,8.93,8.96,71541,107082723.0,0.67,-0.22,-0.02,0.59
279,2017-10-12,8.95,8.98,8.9,8.92,65378,97579889.0,0.89,-0.45,-0.04,0.54
280,2017-10-13,8.91,8.91,8.85,8.88,69993,104042125.0,0.67,-0.45,-0.04,0.58
281,2017-10-16,8.9,8.94,8.85,8.86,89571,133223373.0,1.01,-0.23,-0.02,0.74
282,2017-10-17,8.87,8.95,8.85,8.88,81092,120572689.0,1.13,0.23,0.02,0.67
283,2017-10-18,8.88,8.91,8.78,8.83,83389,123483760.0,1.46,-0.56,-0.05,0.69
284,2017-10-19,8.79,8.8,8.65,8.68,104340,152753469.0,1.7,-1.7,-0.15,0.86
285,2017-10-20,8.68,8.73,8.64,8.71,74339,108311954.0,1.04,0.35,0.03,0.62
286,2017-10-23,8.71,8.8,8.66,8.74,68100,99703001.0,1.61,0.34,0.03,0.56
287,2017-10-24,8.75,8.78,8.68,8.72,53296,78105336.0,1.14,-0.23,-0.02,0.44
288,2017-10-25,8.74,8.81,8.71,8.79,65627,96461134.0,1.15,0.8,0.07,0.54
289,2017-10-26,8.79,8.86,8.75,8.8,100604,148541262.0,1.25,0.11,0.01,0.83
290,2017-10-27,8.81,8.98,8.8,8.89,143731,213899252.0,2.05,1.02,0.09,1.19
291,2017-10-30,8.9,8.93,8.74,8.76,132736,196468145.0,2.14,-1.46,-0.13,1.1
292,2017-10-31,8.83,8.89,8.75,8.84,117933,174395927.0,1.6,0.91,0.08,0.98
293,2017-11-01,8.86,9.01,8.81,8.89,174548,260722002.0,2.26,0.57,0.05,1.45
294,2017-11-02,8.88,8.9,8.78,8.82,119104,176049440.0,1.35,-0.79,-0.07,0.99
295,2017-11-03,8.8,8.85,8.6,8.65,144541,210905859.0,2.83,-1.93,-0.17,1.2
296,2017-11-06,8.66,8.69,8.55,8.58,125791,181774097.0,1.62,-0.81,-0.07,1.04
297,2017-11-07,8.58,8.75,8.58,8.73,132551,192984870.0,1.98,1.75,0.15,1.1
298,2017-11-08,8.7,8.85,8.7,8.77,136032,200169561.0,1.72,0.46,0.04,1.13
299,2017-11-09,8.73,8.83,8.73,8.78,70528,103690169.0,1.14,0.11,0.01,0.58
300,2017-11-10,8.76,8.77,8.65,8.67,128393,187389161.0,1.37,-1.25,-0.11,1.06
301,2017-11-13,8.69,9.09,8.68,9.03,370562,554659904.0,4.73,4.15,0.36,3.07
302,2017-11-14,8.98,9.0,8.88,8.9,194448,290208848.0,1.33,-1.44,-0.13,1.61
303,2017-11-15,8.9,9.03,8.88,8.95,167761,251410868.0,1.69,0.56,0.05,1.39
304,2017-11-16,8.93,8.93,8.69,8.7,204023,299576000.0,2.68,-2.79,-0.25,1.69
305,2017-11-17,8.68,8.9,8.68,8.73,193411,284531536.0,2.53,0.34,0.03,1.6
306,2017-11-20,8.68,8.86,8.59,8.85,194098,284573136.0,3.09,1.37,0.12,1.61
307,2017-11-21,8.81,9.02,8.81,8.98,266259,398796720.0,2.37,1.47,0.13,2.2
308,2017-11-22,9.01,9.1,8.93,9.0,305396,459620224.0,1.89,0.22,0.02,2.53
309,2017-11-23,8.98,9.08,8.71,8.76,246596,368403088.0,4.11,-2.67,-0.24,2.04
310,2017-11-24,8.73,8.8,8.65,8.76,134716,197112420.0,1.71,0.0,0.0,1.12
311,2017-11-27,8.76,8.77,8.61,8.62,128292,186572767.0,1.83,-1.6,-0.14,1.06
312,2017-11-28,8.61,8.65,8.55,8.65,116696,168761251.0,1.16,0.35,0.03,0.97
313,2017-11-29,8.65,8.65,8.28,8.55,231778,331523552.0,4.28,-1.16,-0.1,1.92
314,2017-11-30,8.48,8.65,8.45,8.55,133159,191257505.0,2.34,0.0,0.0,1.1
315,2017-12-01,8.53,8.61,8.48,8.52,110978,159574008.0,1.52,-0.35,-0.03,0.92
316,2017-12-04,8.51,8.54,8.39,8.39,111288,158785865.0,1.76,-1.53,-0.13,0.92
317,2017-12-05,8.39,8.44,8.35,8.38,114726,162628047.0,1.07,-0.12,-0.01,0.95
318,2017-12-06,8.37,8.41,8.28,8.38,100960,142000616.0,1.55,0.0,0.0,0.84
319,2017-12-07,8.33,8.44,8.33,8.36,77069,109116408.0,1.31,-0.24,-0.02,0.64
320,2017-12-08,8.35,8.5,8.33,8.45,103203,146896120.0,2.03,1.08,0.09,0.85
321,2017-12-11,8.43,8.6,8.43,8.55,122527,176144578.0,2.01,1.18,0.1,1.01
322,2017-12-12,8.53,8.55,8.33,8.35,79080,112762923.0,2.57,-2.34,-0.2,0.65
323,2017-12-13,8.32,8.38,8.31,8.37,51020,71984017.0,0.84,0.24,0.02,0.42
324,2017-12-14,8.38,8.38,8.28,8.29,73628,103535883.0,1.19,-0.96,-0.08,0.61
325,2017-12-15,8.3,8.3,8.03,8.05,178756,246898566.0,3.26,-2.9,-0.24,1.48
326,2017-12-18,8.05,8.1,7.95,7.97,101261,138373284.0,1.86,-0.99,-0.08,0.84
327,2017-12-19,7.97,8.1,7.97,8.1,98745,135240784.0,1.63,1.63,0.13,0.82
328,2017-12-20,8.08,8.08,7.93,7.95,98668,134680236.0,1.85,-1.85,-0.15,0.82
329,2017-12-21,7.94,8.05,7.89,7.96,124726,169284666.0,2.01,0.13,0.01,1.03
330,2017-12-22,7.96,8.03,7.92,7.95,86553,117707060.0,1.38,-0.13,-0.01,0.72
331,2017-12-25,7.95,8.0,7.88,7.9,63505,86009339.0,1.51,-0.63,-0.05,0.53
332,2017-12-26,7.89,8.09,7.84,7.97,129406,175725622.0,3.16,0.89,0.07,1.07
333,2017-12-27,7.92,8.02,7.81,7.85,144343,194931685.0,2.63,-1.51,-0.12,1.2
334,2017-12-28,7.82,7.95,7.75,7.8,132758,177740235.0,2.55,-0.64,-0.05,1.1
335,2017-12-29,7.79,7.86,7.77,7.81,99723,133224834.0,1.15,0.13,0.01,0.83
336,2018-01-02,7.84,8.05,7.81,8.01,171224,232795155.0,3.07,2.56,0.2,1.42
337,2018-01-03,8.01,8.11,7.97,8.06,146201,200420102.0,1.75,0.62,0.05,1.21
338,2018-01-04,8.05,8.29,8.02,8.23,229614,318951472.0,3.35,2.11,0.17,1.9
339,2018-01-05,8.19,8.33,8.15,8.23,132991,185333177.0,2.19,0.0,0.0,1.1
340,2018-01-08,8.23,8.33,8.2,8.3,142754,200091158.0,1.58,0.85,0.07,1.18
341,2018-01-09,8.3,8.33,8.23,8.3,110512,155042088.0,1.2,0.0,0.0,0.92
342,2018-01-10,8.3,8.5,8.25,8.38,148494,210253103.0,3.01,0.96,0.08,1.23
343,2018-01-11,8.35,8.45,8.29,8.3,95831,135163737.0,1.91,-0.95,-0.08,0.79
344,2018-01-12,8.33,8.43,8.28,8.32,93034,131209547.0,1.81,0.24,0.02,0.77
345,2018-01-15,8.34,8.59,8.29,8.5,205923,294503008.0,3.61,2.16,0.18,1.71
346,2018-01-16,8.5,8.82,8.47,8.73,232689,339133088.0,4.12,2.71,0.23,1.92
347,2018-01-17,8.77,9.0,8.75,8.78,336735,501371136.0,2.86,0.57,0.05,2.79
348,2018-01-18,8.83,8.95,8.81,8.86,183146,271794064.0,1.59,0.91,0.08,1.51
349,2018-01-19,8.98,9.43,8.94,9.19,533277,813711600.0,5.53,3.72,0.33,4.41
350,2018-01-22,9.09,9.23,8.88,8.98,336929,507094592.0,3.81,-2.29,-0.21,2.79
351,2018-01-23,8.9,9.32,8.89,9.19,362566,552453824.0,4.79,2.34,0.21,3.0
352,2018-01-24,9.13,9.4,9.08,9.25,405499,622731936.0,3.48,0.65,0.06,3.35
353,2018-01-25,9.19,9.7,9.14,9.47,465881,730476912.0,6.05,2.38,0.22,3.85
354,2018-01-26,9.43,9.63,9.39,9.48,325579,511979984.0,2.53,0.11,0.01,2.69
355,2018-01-29,10.02,10.6,9.97,10.38,1199443,2035072016.0,6.65,9.49,0.9,9.92
356,2018-01-30,10.33,10.58,10.28,10.42,606144,1031089504.0,2.89,0.39,0.04,5.01
357,2018-01-31,10.35,10.73,10.32,10.65,609723,1045948672.0,3.93,2.21,0.23,5.04
358,2018-02-01,10.6,10.83,10.04,10.14,798188,1358741184.0,7.42,-4.79,-0.51,6.6
359,2018-02-02,10.08,10.33,9.95,10.25,469147,781987232.0,3.75,1.08,0.11,3.88
360,2018-02-05,10.08,10.84,10.08,10.77,755727,1303993120.0,7.41,5.07,0.52,6.25
361,2018-02-06,10.56,10.68,10.13,10.23,631193,1074679424.0,5.11,-5.01,-0.54,5.22
362,2018-02-07,10.48,10.65,9.84,9.9,712167,1200782576.0,7.92,-3.23,-0.33,5.89
363,2018-02-08,9.95,10.04,9.7,9.8,417205,676827616.0,3.43,-1.01,-0.1,3.45
364,2018-02-09,9.55,9.63,8.89,9.1,555648,852617024.0,7.55,-7.14,-0.7,4.6
365,2018-02-12,9.11,9.12,8.87,9.03,459611,690856528.0,2.75,-0.77,-0.07,3.8
366,2018-02-13,9.11,9.39,9.06,9.1,382409,586020352.0,3.65,0.78,0.07,3.16
367,2018-02-14,9.08,9.13,8.85,9.0,286897,429372176.0,3.08,-1.1,-0.1,2.37
368,2018-02-22,9.23,9.28,9.13,9.22,390324,596905744.0,1.67,2.44,0.22,3.15
369,2018-02-23,9.2,9.31,9.11,9.29,296403,454317952.0,2.17,0.76,0.07,2.39
370,2018-02-26,9.36,9.48,9.23,9.43,347899,540820784.0,2.69,1.51,0.14,2.81
371,2018-02-27,9.44,9.46,9.2,9.21,289201,446487760.0,2.76,-2.33,-0.22,2.33
372,2018-02-28,9.14,9.19,9.01,9.15,202454,307004672.0,1.95,-0.65,-0.06,1.63
373,2018-03-01,9.05,9.24,9.05,9.18,178541,272427120.0,2.08,0.33,0.03,1.44
374,2018-03-02,9.07,9.16,8.95,9.06,198963,300440688.0,2.29,-1.31,-0.12,1.61
375,2018-03-05,9.03,9.1,8.97,9.0,125101,188205114.0,1.43,-0.66,-0.06,1.01
376,2018-03-06,9.05,9.2,8.93,9.18,243701,368176160.0,3.0,2.0,0.18,1.97
377,2018-03-07,9.33,9.39,9.12,9.13,354997,546548608.0,2.94,-0.54,-0.05,2.87
378,2018-03-08,9.13,9.15,9.04,9.13,139776,211777077.0,1.2,0.0,0.0,1.13
379,2018-03-09,9.15,9.18,9.04,9.16,153958,233680448.0,1.53,0.33,0.03,1.24
380,2018-03-12,9.19,9.22,9.07,9.15,180639,275129072.0,1.64,-0.11,-0.01,1.46
381,2018-03-13,9.15,9.25,9.07,9.08,163772,249433667.0,1.97,-0.77,-0.07,1.32
382,2018-03-14,9.03,9.03,8.88,8.93,207554,310372752.0,1.65,-1.65,-0.15,1.68
383,2018-03-15,8.88,8.95,8.73,8.8,208135,307762512.0,2.46,-1.46,-0.13,1.68
384,2018-03-16,8.81,8.83,8.68,8.69,137933,202518054.0,1.7,-1.25,-0.11,1.11
385,2018-03-19,8.67,8.75,8.63,8.75,90122,131778859.0,1.38,0.69,0.06,0.73
386,2018-03-20,8.73,8.83,8.69,8.81,120743,177683449.0,1.6,0.69,0.06,0.97
387,2018-03-21,8.81,8.92,8.78,8.81,134806,199845908.0,1.59,0.0,0.0,1.09
388,2018-03-22,8.78,8.84,8.67,8.8,158098,232212696.0,1.93,-0.11,-0.01,1.28
389,2018-03-23,8.55,8.64,8.35,8.6,309729,444750016.0,3.3,-2.27,-0.2,2.5
390,2018-03-26,8.51,8.55,8.38,8.5,134031,191376063.0,1.98,-1.16,-0.1,1.08
391,2018-03-27,8.6,8.6,8.45,8.55,160507,230474577.0,1.76,0.59,0.05,1.3
392,2018-03-28,8.48,8.76,8.45,8.55,219277,317608944.0,3.63,0.0,0.0,1.77
393,2018-03-29,8.5,8.75,8.44,8.64,216284,313008608.0,3.63,1.05,0.09,1.75
394,2018-03-30,8.65,8.68,8.52,8.53,157932,227953986.0,1.85,-1.27,-0.11,1.27
395,2018-04-02,8.54,8.73,8.52,8.67,182601,265598885.0,2.46,1.64,0.14,1.47
396,2018-04-03,8.63,8.76,8.6,8.73,150897,220086852.0,1.85,0.69,0.06,1.22
397,2018-04-04,8.74,8.87,8.65,8.67,126250,185420231.0,2.52,-0.69,-0.06,1.02
398,2018-04-09,8.64,8.73,8.57,8.62,94173,136569926.0,1.85,-0.58,-0.05,0.76
399,2018-04-10,8.64,8.89,8.61,8.88,181251,266029837.0,3.25,3.02,0.26,1.46
400,2018-04-11,8.95,9.03,8.85,8.95,209940,314170688.0,2.03,0.79,0.07,1.69
401,2018-04-12,8.93,8.94,8.81,8.85,108302,160749263.0,1.45,-1.12,-0.1,0.87
402,2018-04-13,8.9,8.93,8.77,8.79,71818,106387445.0,1.81,-0.68,-0.06,0.58
403,2018-04-16,8.8,8.8,8.48,8.54,145374,210487866.0,3.64,-2.84,-0.25,1.17
404,2018-04-17,8.53,8.6,8.45,8.46,78926,113314494.0,1.76,-0.94,-0.08,0.64
405,2018-04-18,8.59,8.62,8.46,8.53,97569,140105394.0,1.89,0.83,0.07,0.79
406,2018-04-19,8.54,8.6,8.51,8.57,79152,114051074.0,1.06,0.47,0.04,0.64
407,2018-04-20,8.56,8.56,8.26,8.45,138091,195801789.0,3.5,-1.4,-0.12,1.11
408,2018-04-23,8.42,8.49,8.35,8.45,72428,103009661.0,1.66,0.0,0.0,0.58
409,2018-04-24,8.45,8.7,8.45,8.6,164628,238418662.0,2.96,1.78,0.15,1.33
410,2018-04-25,8.56,8.6,8.43,8.47,124855,178895977.0,1.98,-1.51,-0.13,1.01
411,2018-04-26,8.53,8.53,8.38,8.47,88603,126136636.0,1.77,0.0,0.0,0.72
412,2018-04-27,8.5,8.59,8.35,8.58,146052,209114373.0,2.83,1.3,0.11,1.18
413,2018-05-02,8.47,8.48,8.0,8.03,438531,611418880.0,5.59,-6.41,-0.55,3.54
414,2018-05-03,8.03,8.08,7.94,8.02,185610,252995980.0,1.74,-0.12,-0.01,1.5
415,2018-05-04,8.03,8.07,7.98,8.01,139342,190336539.0,1.12,-0.12,-0.01,1.12
416,2018-05-07,7.99,8.08,7.97,8.07,260944,356316560.0,1.37,0.75,0.06,2.11
417,2018-05-08,8.05,8.19,8.0,8.1,193061,265955842.0,2.35,0.37,0.03,1.56
418,2018-05-09,8.1,8.1,8.01,8.04,102007,139592817.0,1.11,-0.74,-0.06,0.82
419,2018-05-10,8.07,8.1,7.95,8.0,143827,196075733.0,1.87,-0.5,-0.04,1.16
420,2018-05-11,8.01,8.06,7.96,7.98,115356,157388377.0,1.25,-0.25,-0.02,0.93
421,2018-05-14,8.0,8.18,7.99,8.1,196931,270701376.0,2.38,1.5,0.12,1.59
422,2018-05-15,8.12,8.14,8.07,8.13,122179,168214009.0,0.86,0.37,0.03,0.99
423,2018-05-16,8.09,8.15,8.08,8.08,100160,138038341.0,0.86,-0.62,-0.05,0.81
424,2018-05-17,8.12,8.18,8.06,8.09,90833,125236180.0,1.49,0.12,0.01,0.73
425,2018-05-18,8.08,8.16,8.05,8.15,101139,139391282.0,1.36,0.74,0.06,0.82
426,2018-05-21,8.19,8.24,8.14,8.15,189223,262213092.0,1.23,0.0,0.0,1.53
427,2018-05-22,8.15,8.17,8.04,8.11,119081,163715565.0,1.6,-0.49,-0.04,0.96
428,2018-05-23,8.08,8.09,7.92,7.94,122778,167613793.0,2.1,-2.1,-0.17,0.99
429,2018-05-24,7.93,8.0,7.92,7.93,79392,107569648.0,1.01,-0.13,-0.01,0.64
430,2018-05-25,7.93,7.95,7.83,7.93,111872,150595344.0,1.51,0.0,0.0,0.9
431,2018-05-28,7.9,7.92,7.85,7.87,62244,83753286.0,0.88,-0.76,-0.06,0.5
432,2018-05-29,7.85,7.92,7.73,7.91,154448,206592189.0,2.41,0.51,0.04,1.25
433,2018-05-30,7.83,7.83,7.68,7.7,123803,164606385.0,1.9,-2.65,-0.21,1.0
434,2018-05-31,7.75,7.83,7.71,7.79,91440,121602750.0,1.56,1.17,0.09,0.74
435,2018-06-01,7.74,7.82,7.7,7.73,93884,124765847.0,1.54,-0.77,-0.06,0.76
436,2018-06-04,7.78,7.85,7.75,7.83,89464,119427947.0,1.29,1.29,0.1,0.72
437,2018-06-05,7.82,7.86,7.77,7.85,85648,114492677.0,1.15,0.26,0.02,0.69
438,2018-06-06,7.83,7.84,7.78,7.79,65712,87680579.0,0.76,-0.76,-0.06,0.53
439,2018-06-07,7.83,7.9,7.8,7.83,98394,131936745.0,1.28,0.51,0.04,0.79
440,2018-06-08,7.8,7.81,7.58,7.63,111929,147362908.0,2.94,-2.55,-0.2,0.9
441,2018-06-11,7.61,7.63,7.53,7.61,69028,89997020.0,1.31,-0.26,-0.02,0.56
442,2018-06-12,7.6,7.65,7.53,7.63,69922,91423699.0,1.58,0.26,0.02,0.56
443,2018-06-13,7.62,7.63,7.45,7.55,87715,113935975.0,2.36,-1.05,-0.08,0.71
444,2018-06-14,7.52,7.6,7.49,7.54,58608,76099130.0,1.46,-0.13,-0.01,0.47
445,2018-06-15,7.54,7.67,7.53,7.58,117476,153277835.0,1.86,0.53,0.04,0.95
446,2018-06-19,7.48,7.64,7.4,7.58,453018,588603776.0,3.17,0.0,0.0,3.66
447,2018-06-20,7.5,7.55,7.45,7.51,86504,111831098.0,1.32,-0.92,-0.07,0.7
448,2018-06-21,7.53,7.88,7.48,7.62,190434,251259392.0,5.33,1.46,0.11,1.54
449,2018-06-22,7.56,7.76,7.54,7.75,139312,182893885.0,2.89,1.71,0.13,1.12
450,2018-06-25,7.81,7.85,7.48,7.49,139174,183100233.0,4.77,-3.35,-0.26,1.12
451,2018-06-26,7.42,7.44,7.23,7.3,135675,172128292.0,2.8,-2.54,-0.19,1.1
452,2018-06-27,7.33,7.45,6.84,7.17,133747,167508096.0,8.36,-1.78,-0.13,1.08
453,2018-06-28,7.1,7.18,6.93,6.95,105305,129586275.0,3.49,-3.07,-0.22,0.85
454,2018-06-29,6.98,7.1,6.93,7.1,85793,105325279.0,2.45,2.16,0.15,0.69
455,2018-07-02,7.09,7.09,6.75,6.8,107181,129895749.0,4.79,-4.23,-0.3,0.87
456,2018-07-03,6.81,6.9,6.7,6.88,100838,120680988.0,2.94,1.18,0.08,0.81
457,2018-07-04,6.85,6.92,6.79,6.83,67675,81451444.0,1.89,-0.73,-0.05,0.55
458,2018-07-05,6.81,6.95,6.74,6.95,108869,130984002.0,3.07,1.76,0.12,0.88
459,2018-07-06,6.9,6.99,6.75,6.9,74555,90077315.0,3.45,-0.72,-0.05,0.6
460,2018-07-09,6.92,7.15,6.88,7.13,90745,111623300.0,3.91,3.33,0.23,0.73
461,2018-07-10,7.13,7.14,7.0,7.06,83725,100422295.0,1.96,-0.98,-0.07,0.68
462,2018-07-11,6.98,6.98,6.81,6.85,71441,84021877.0,2.41,-2.97,-0.21,0.58
463,2018-07-12,6.84,7.05,6.84,7.02,85530,101702932.0,3.07,2.48,0.17,0.69
464,2018-07-13,7.04,7.06,6.99,7.02,37000,44133085.0,1.0,0.0,0.0,0.3
465,2018-07-16,7.0,7.03,6.92,6.95,48144,56956177.0,1.57,-1.0,-0.07,0.39
466,2018-07-17,6.96,7.0,6.9,7.0,35062,41552460.0,1.44,0.72,0.05,0.28
467,2018-07-18,7.0,7.03,6.95,6.95,42039,49943090.0,1.14,-0.71,-0.05,0.34
468,2018-07-19,6.94,7.0,6.89,6.9,36476,43042254.0,1.58,-0.72,-0.05,0.29
469,2018-07-20,6.89,7.47,6.85,7.35,222344,272873584.0,8.99,6.52,0.45,1.79
470,2018-07-23,7.25,7.51,7.15,7.43,181675,225566219.0,4.9,1.09,0.08,1.47
471,2018-07-24,7.41,7.55,7.23,7.4,212893,266663058.0,4.31,-0.4,-0.03,1.72
472,2018-07-25,7.4,7.42,7.32,7.35,74557,92409358.0,1.35,-0.68,-0.05,0.6
473,2018-07-26,7.38,7.46,7.28,7.3,76110,94437889.0,2.45,-0.68,-0.05,0.61
474,2018-07-27,7.33,7.42,7.25,7.33,68993,85369354.0,2.33,0.41,0.03,0.56
475,2018-07-30,7.34,7.47,7.32,7.38,74052,92085199.0,2.05,0.68,0.05,0.6
476,2018-07-31,7.39,7.47,7.24,7.36,99656,123322674.0,3.12,-0.27,-0.02,0.8
477,2018-08-01,7.36,7.44,7.15,7.2,89648,110572566.0,3.94,-2.17,-0.16,0.72
478,2018-08-02,7.15,7.2,6.92,7.02,96227,114798784.0,3.89,-2.5,-0.18,0.78
479,2018-08-03,7.0,7.05,6.93,6.93,55533,65993163.0,1.71,-1.28,-0.09,0.45
480,2018-08-06,6.9,7.05,6.81,6.87,71330,84244334.0,3.46,-0.87,-0.06,0.58
481,2018-08-07,6.88,7.08,6.87,7.07,78999,93832624.0,3.06,2.91,0.2,0.64
482,2018-08-08,7.04,7.08,6.95,6.97,57488,68590983.0,1.84,-1.41,-0.1,0.46
483,2018-08-09,6.95,7.2,6.93,7.14,67661,81599372.0,3.87,2.44,0.17,0.55
484,2018-08-10,7.12,7.18,7.03,7.08,54494,65523815.0,2.1,-0.84,-0.06,0.44
485,2018-08-13,7.05,7.05,6.9,6.99,54298,64290683.0,2.12,-1.27,-0.09,0.44
486,2018-08-14,6.98,7.03,6.95,7.0,39165,46487190.0,1.14,0.14,0.01,0.32
487,2018-08-15,7.0,7.02,6.84,6.88,48031,56632434.0,2.57,-1.71,-0.12,0.39
488,2018-08-16,6.83,6.95,6.78,6.88,47084,55080702.0,2.47,0.0,0.0,0.38
489,2018-08-17,6.94,6.95,6.82,6.83,45396,53142991.0,1.89,-0.73,-0.05,0.37
490,2018-08-20,6.83,6.94,6.8,6.93,52714,61793872.0,2.05,1.46,0.1,0.43
491,2018-08-21,6.92,7.04,6.9,6.98,50465,59880192.0,2.02,0.72,0.05,0.41
492,2018-08-22,6.95,6.98,6.91,6.93,36361,42933943.0,1.0,-0.72,-0.05,0.29
493,2018-08-23,6.93,7.03,6.9,7.01,48769,57834896.0,1.88,1.15,0.08,0.39
494,2018-08-24,7.0,7.36,6.98,7.21,158235,192478047.0,5.42,2.85,0.2,1.28
495,2018-08-27,7.18,7.25,7.1,7.23,123677,150334563.0,2.08,0.28,0.02,1.0
496,2018-08-28,7.2,7.27,7.11,7.15,121756,147740040.0,2.21,-1.11,-0.08,0.98
497,2018-08-29,7.15,7.16,7.05,7.09,101964,122670239.0,1.54,-0.84,-0.06,0.82
498,2018-08-30,7.1,7.16,6.96,6.97,123067,147290072.0,2.82,-1.69,-0.12,0.99
499,2018-08-31,6.97,7.05,6.95,7.0,109174,129868928.0,1.43,0.43,0.03,0.88
500,2018-09-03,6.97,7.0,6.85,6.9,106766,125666910.0,2.14,-1.43,-0.1,0.86
501,2018-09-04,6.92,7.13,6.88,7.06,125379,149351421.0,3.62,2.32,0.16,1.01
502,2018-09-05,7.03,7.09,6.91,6.93,102576,122163950.0,2.55,-1.84,-0.13,0.83
503,2018-09-06,6.9,6.98,6.9,6.91,63230,74642827.0,1.15,-0.29,-0.02,0.51
504,2018-09-07,6.91,7.02,6.9,6.93,66534,78707463.0,1.74,0.29,0.02,0.54
505,2018-09-10,6.93,6.95,6.85,6.85,62387,73155822.0,1.44,-1.15,-0.08,0.5
506,2018-09-11,6.85,6.93,6.83,6.88,59341,69500508.0,1.46,0.44,0.03,0.48
507,2018-09-12,6.86,6.91,6.84,6.87,55755,65313626.0,1.02,-0.15,-0.01,0.45
508,2018-09-13,6.93,6.95,6.88,6.95,64336,75742998.0,1.02,1.16,0.08,0.52
509,2018-09-14,6.94,6.95,6.88,6.88,63323,74454089.0,1.01,-1.01,-0.07,0.51
510,2018-09-17,6.88,6.88,6.72,6.73,68309,79221051.0,2.33,-2.18,-0.15,0.55
511,2018-09-18,6.72,6.85,6.69,6.84,76406,88425479.0,2.38,1.63,0.11,0.62
512,2018-09-19,6.8,6.95,6.8,6.91,104960,123358566.0,2.19,1.02,0.07,0.85
513,2018-09-20,6.91,6.98,6.86,6.9,66347,78160539.0,1.74,-0.14,-0.01,0.54
514,2018-09-21,6.9,7.19,6.9,7.16,179889,215788076.0,4.2,3.77,0.26,1.45
515,2018-09-25,7.1,7.19,7.06,7.15,130099,156937286.0,1.82,-0.14,-0.01,1.05
516,2018-09-26,7.15,7.3,7.12,7.15,218589,265957641.0,2.52,0.0,0.0,1.76
517,2018-09-27,7.16,7.22,7.13,7.14,109052,132307745.0,1.26,-0.14,-0.01,0.88
518,2018-09-28,7.18,7.32,7.15,7.24,139384,170585702.0,2.38,1.4,0.1,1.13
519,2018-10-08,7.12,7.13,6.97,7.01,130669,156390873.0,2.21,-3.18,-0.23,1.05
520,2018-10-09,7.04,7.05,6.93,6.98,72826,86542393.0,1.71,-0.43,-0.03,0.59
521,2018-10-10,6.99,7.03,6.93,6.98,66825,79327031.0,1.43,0.0,0.0,0.54
522,2018-10-11,6.79,6.84,6.31,6.36,234395,265220849.0,7.59,-8.88,-0.62,1.89
523,2018-10-12,6.33,6.51,6.33,6.43,187615,208039047.0,2.83,1.1,0.07,1.51
524,2018-10-15,6.43,6.47,6.32,6.36,94946,104866670.0,2.33,-1.09,-0.07,0.77
525,2018-10-16,6.35,6.44,6.3,6.31,95479,105247333.0,2.2,-0.79,-0.05,0.77
526,2018-10-17,6.39,6.41,6.3,6.38,69668,76724990.0,1.74,1.11,0.07,0.56
527,2018-10-18,6.36,6.38,6.23,6.25,70604,76893096.0,2.35,-2.04,-0.13,0.57
528,2018-10-19,6.18,6.48,6.15,6.44,97974,107427949.0,5.28,3.04,0.19,0.79
529,2018-10-22,6.5,6.86,6.47,6.76,205910,236247188.0,6.06,4.97,0.32,1.66
530,2018-10-23,6.73,6.78,6.53,6.55,110356,125796424.0,3.7,-3.11,-0.21,0.89
531,2018-10-24,6.54,7.13,6.53,6.85,270013,315883088.0,9.16,4.58,0.3,2.18
532,2018-10-25,6.63,6.98,6.61,6.93,187784,217785324.0,5.4,1.17,0.08,1.52
533,2018-10-26,6.93,7.14,6.86,6.95,152707,181284930.0,4.04,0.29,0.02,1.23
534,2018-10-29,6.96,7.05,6.76,6.79,125151,146168498.0,4.17,-2.3,-0.16,1.01
535,2018-10-30,6.77,7.04,6.75,6.97,187814,221086171.0,4.27,2.65,0.18,1.52
536,2018-10-31,6.98,7.12,6.9,7.03,178859,213037655.0,3.16,0.86,0.06,1.44
537,2018-11-01,7.01,7.18,6.97,6.97,163475,195782288.0,2.99,-0.85,-0.06,1.32
538,2018-11-02,7.11,7.23,6.97,7.14,212104,255496697.0,3.73,2.44,0.17,1.71
539,2018-11-05,7.1,7.1,6.95,7.01,126694,151286812.0,2.1,-1.82,-0.13,1.02
540,2018-11-06,6.99,7.02,6.89,6.98,76245,90215054.0,1.85,-0.43,-0.03,0.62
541,2018-11-07,6.98,7.03,6.91,6.93,63966,75827255.0,1.72,-0.72,-0.05,0.52
542,2018-11-08,6.95,7.02,6.9,6.91,70913,83891934.0,1.73,-0.29,-0.02,0.57
543,2018-11-09,6.86,6.87,6.65,6.66,158634,182667727.0,3.18,-3.62,-0.25,1.28
544,2018-11-12,6.66,6.75,6.65,6.73,80269,92166431.0,1.5,1.05,0.07,0.65
545,2018-11-13,6.65,6.88,6.63,6.84,137334,158759201.0,3.71,1.63,0.11,1.11
546,2018-11-14,6.83,6.89,6.79,6.8,95992,111954258.0,1.46,-0.58,-0.04,0.77
547,2018-11-15,6.79,6.9,6.79,6.9,86053,100674903.0,1.62,1.47,0.1,0.69
548,2018-11-16,6.9,7.08,6.85,7.0,150309,178040545.0,3.33,1.45,0.1,1.21
549,2018-11-19,6.96,7.12,6.96,7.1,175975,210583280.0,2.29,1.43,0.1,1.42
550,2018-11-20,7.01,7.06,6.83,6.86,125412,148255389.0,3.24,-3.38,-0.24,1.01
551,2018-11-21,6.81,6.89,6.8,6.85,75540,88222916.0,1.31,-0.15,-0.01,0.61
552,2018-11-22,6.86,6.89,6.76,6.77,80224,93157116.0,1.9,-1.17,-0.08,0.65
553,2018-11-23,6.79,6.79,6.55,6.56,114386,130511748.0,3.55,-3.1,-0.21,0.92
554,2018-11-26,6.55,6.63,6.47,6.5,80209,90429955.0,2.44,-0.91,-0.06,0.65
555,2018-11-27,6.54,6.55,6.38,6.42,138832,154436857.0,2.62,-1.23,-0.08,1.12
556,2018-11-28,6.4,6.49,6.4,6.49,78259,87073940.0,1.4,1.09,0.07,0.63
557,2018-11-29,6.53,6.53,6.37,6.38,66013,73493313.0,2.47,-1.69,-0.11,0.53
558,2018-11-30,6.36,6.43,6.35,6.43,58316,64386350.0,1.25,0.78,0.05,0.47
559,2018-12-03,6.55,6.62,6.53,6.57,114137,129008348.0,1.4,2.18,0.14,0.92
560,2018-12-04,6.57,6.59,6.53,6.58,67864,76569028.0,0.91,0.15,0.01,0.55
561,2018-12-05,6.51,6.53,6.48,6.5,67400,75459754.0,0.76,-1.22,-0.08,0.54
562,2018-12-06,6.48,6.48,6.4,6.43,75822,84038986.0,1.23,-1.08,-0.07,0.61
563,2018-12-07,6.43,6.45,6.41,6.45,28547,31698416.0,0.62,0.31,0.02,0.23
564,2018-12-10,6.39,6.41,6.33,6.35,52331,57644713.0,1.24,-1.55,-0.1,0.42
565,2018-12-11,6.37,6.45,6.36,6.42,40635,44960817.0,1.42,1.1,0.07,0.33
566,2018-12-12,6.43,6.46,6.39,6.43,46314,51384699.0,1.09,0.16,0.01,0.37
567,2018-12-13,6.43,6.55,6.42,6.5,80833,90558558.0,2.02,1.09,0.07,0.65
568,2018-12-14,6.47,6.49,6.36,6.36,81181,89909877.0,2.0,-2.15,-0.14,0.66
569,2018-12-17,6.33,6.37,6.23,6.33,100097,109107477.0,2.2,-0.47,-0.03,0.81
570,2018-12-18,6.26,6.31,6.24,6.27,53504,58189902.0,1.11,-0.95,-0.06,0.43
571,2018-12-19,6.28,6.3,6.23,6.23,40962,44524249.0,1.12,-0.64,-0.04,0.33
572,2018-12-20,6.23,6.25,6.17,6.2,57744,62177771.0,1.28,-0.48,-0.03,0.47
573,2018-12-21,6.17,6.19,6.12,6.15,55226,59108230.0,1.13,-0.81,-0.05,0.45
574,2018-12-24,6.13,6.18,6.13,6.17,57099,61107267.0,0.81,0.33,0.02,0.46
575,2018-12-25,6.1,6.15,6.04,6.14,86615,92002796.0,1.78,-0.49,-0.03,0.7
576,2018-12-26,6.13,6.15,6.08,6.12,33703,35917042.0,1.14,-0.33,-0.02,0.27
577,2018-12-27,6.19,6.21,6.06,6.06,65396,69833353.0,2.45,-0.98,-0.06,0.53
578,2018-12-28,6.07,6.16,6.07,6.13,60658,64598634.0,1.49,1.16,0.07,0.49
579,2019-01-02,6.15,6.15,6.01,6.05,53515,56542930.0,2.28,-1.31,-0.08,0.43
580,2019-01-03,6.05,6.15,6.05,6.08,49369,52443181.0,1.65,0.5,0.03,0.4
581,2019-01-04,6.01,6.34,6.01,6.28,127239,137412290.0,5.43,3.29,0.2,1.03
582,2019-01-07,6.32,6.34,6.22,6.28,84399,91651005.0,1.91,0.0,0.0,0.68
583,2019-01-08,6.27,6.28,6.2,6.22,46196,49960637.0,1.27,-0.96,-0.06,0.37
584,2019-01-09,6.23,6.35,6.23,6.25,91841,100302921.0,1.93,0.48,0.03,0.74
585,2019-01-10,6.25,6.26,6.19,6.2,57034,61581313.0,1.12,-0.8,-0.05,0.46
586,2019-01-11,6.22,6.28,6.19,6.23,57485,62110615.0,1.45,0.48,0.03,0.46
587,2019-01-14,6.21,6.24,6.18,6.2,46311,49955102.0,0.96,-0.48,-0.03,0.37
588,2019-01-15,6.19,6.27,6.18,6.25,53562,57986808.0,1.45,0.81,0.05,0.43
589,2019-01-16,6.25,6.28,6.22,6.23,47357,51310798.0,0.96,-0.32,-0.02,0.38
590,2019-01-17,6.25,6.3,6.2,6.23,59700,64723867.0,1.61,0.0,0.0,0.48
591,2019-01-18,6.25,6.35,6.23,6.34,119176,130178143.0,1.93,1.77,0.11,0.96
592,2019-01-21,6.34,6.38,6.3,6.31,87368,95770644.0,1.26,-0.47,-0.03,0.71
593,2019-01-22,6.3,6.35,6.24,6.25,61220,66768935.0,1.74,-0.95,-0.06,0.49
594,2019-01-23,6.22,6.28,6.22,6.24,51169,55483797.0,0.96,-0.16,-0.01,0.41
595,2019-01-24,6.24,6.31,6.23,6.3,60543,65887211.0,1.28,0.96,0.06,0.49
596,2019-01-25,6.32,6.41,6.3,6.35,110450,121604438.0,1.75,0.79,0.05,0.89
597,2019-01-28,6.4,6.43,6.29,6.3,121528,133766492.0,2.2,-0.79,-0.05,0.98
598,2019-01-29,6.28,6.41,6.23,6.41,131074,143654602.0,2.86,1.75,0.11,1.06
599,2019-01-30,6.38,6.42,6.35,6.39,75431,83296971.0,1.09,-0.31,-0.02,0.61
600,2019-01-31,6.4,6.5,6.37,6.4,154442,171271382.0,2.03,0.16,0.01,1.25
601,2019-02-01,6.45,6.47,6.34,6.42,102962,113774213.0,2.03,0.31,0.02,0.83
602,2019-02-11,6.5,6.65,6.48,6.64,179395,202675138.0,2.65,3.43,0.22,1.45
603,2019-02-12,6.68,6.75,6.67,6.7,179444,205909556.0,1.2,0.9,0.06,1.45
604,2019-02-13,6.73,6.93,6.68,6.91,224291,260414766.0,3.73,3.13,0.21,1.81
605,2019-02-14,6.88,6.98,6.85,6.9,117997,138541496.0,1.88,-0.14,-0.01,0.95
606,2019-02-15,6.87,6.89,6.73,6.75,148273,172178294.0,2.32,-2.17,-0.15,1.2
607,2019-02-18,6.78,6.93,6.78,6.92,144966,169589239.0,2.22,2.52,0.17,1.17
608,2019-02-19,6.94,7.07,6.9,6.94,175397,207718350.0,2.46,0.29,0.02,1.42
609,2019-02-20,6.95,6.98,6.88,6.93,107300,126492776.0,1.44,-0.14,-0.01,0.87
610,2019-02-21,6.94,7.0,6.83,6.85,129829,152919037.0,2.45,-1.15,-0.08,1.05
611,2019-02-22,6.88,7.06,6.75,7.05,236984,278851632.0,4.53,2.92,0.2,1.91
612,2019-02-25,7.15,7.91,7.15,7.91,724063,914956864.0,10.78,12.2,0.86,5.84
613,2019-02-26,7.85,7.86,7.54,7.55,481313,620353632.0,4.05,-4.55,-0.36,3.88
614,2019-02-27,7.53,8.24,7.53,7.88,718187,944869408.0,9.4,4.37,0.33,5.8
615,2019-02-28,7.81,7.94,7.72,7.77,338499,440764960.0,2.79,-1.4,-0.11,2.73
616,2019-03-01,7.81,8.18,7.65,8.18,561165,742127360.0,6.82,5.28,0.41,4.53
617,2019-03-04,8.29,8.68,8.16,8.23,802159,1111384736.0,6.36,0.61,0.05,6.47
618,2019-03-05,8.14,8.27,8.1,8.24,316289,428914960.0,2.07,0.12,0.01,2.55
619,2019-03-06,8.21,8.4,8.15,8.33,412655,564913536.0,3.03,1.09,0.09,3.33
620,2019-03-07,8.29,8.59,8.26,8.42,543638,754272208.0,3.96,1.08,0.09,4.39
621,2019-03-08,8.2,8.2,7.79,7.79,543353,720059392.0,4.87,-7.48,-0.63,4.39
622,2019-03-11,7.75,7.98,7.74,7.95,227886,298617600.0,3.08,2.05,0.16,1.84
623,2019-03-12,7.98,8.12,7.88,7.96,251414,334759104.0,3.02,0.13,0.01,2.03
624,2019-03-13,7.96,8.02,7.81,7.85,221504,290781328.0,2.64,-1.38,-0.11,1.79
625,2019-03-14,7.81,7.95,7.68,7.75,198012,257915917.0,3.44,-1.27,-0.1,1.6
626,2019-03-15,7.82,7.9,7.75,7.83,166905,218031886.0,1.94,1.03,0.08,1.35
627,2019-03-18,7.85,8.02,7.77,8.02,234324,308963120.0,3.19,2.43,0.19,1.89
628,2019-03-19,8.03,8.14,7.94,7.99,198711,264964338.0,2.49,-0.37,-0.03,1.6
629,2019-03-20,7.97,8.06,7.89,8.04,211795,281230512.0,2.13,0.63,0.05,1.71
630,2019-03-21,8.03,8.11,7.98,8.0,222340,296569568.0,1.62,-0.5,-0.04,1.79
631,2019-03-22,8.0,8.03,7.84,7.92,166767,219841397.0,2.38,-1.0,-0.08,1.35
632,2019-03-25,7.75,7.83,7.7,7.7,169411,219598476.0,1.64,-2.78,-0.22,1.37
633,2019-03-26,7.72,7.74,7.5,7.55,161588,206470955.0,3.12,-1.95,-0.15,1.3
634,2019-03-27,7.57,7.7,7.55,7.63,111606,142332463.0,1.99,1.06,0.08,0.9
635,2019-03-28,7.59,7.62,7.47,7.47,108347,137104752.0,1.97,-2.1,-0.16,0.87
636,2019-03-29,7.54,7.85,7.5,7.83,241455,311832768.0,4.69,4.82,0.36,1.95
637,2019-04-01,7.86,8.08,7.84,8.03,298823,397454448.0,3.07,2.55,0.2,2.41
638,2019-04-02,8.07,8.14,7.97,8.0,241749,323017376.0,2.12,-0.37,-0.03,1.95
639,2019-04-03,7.92,8.1,7.85,8.08,246854,327807280.0,3.13,1.0,0.08,1.99
640,2019-04-04,8.13,8.4,8.11,8.29,368403,503927776.0,3.59,2.6,0.21,2.97
641,2019-04-08,8.33,8.55,8.22,8.34,388343,538068752.0,3.98,0.6,0.05,3.13
642,2019-04-09,8.23,8.37,8.17,8.28,207197,283257392.0,2.4,-0.72,-0.06,1.67
643,2019-04-10,8.28,8.3,8.13,8.23,171467,233042270.0,2.05,-0.6,-0.05,1.38
644,2019-04-11,8.23,8.31,8.09,8.1,164932,223758639.0,2.67,-1.58,-0.13,1.33
645,2019-04-12,8.1,8.24,8.08,8.21,119089,161173750.0,1.98,1.36,0.11,0.96
646,2019-04-15,8.4,8.53,8.28,8.29,386218,536465568.0,3.05,0.97,0.08,3.12
647,2019-04-16,8.45,9.27,8.38,9.27,1398113,2055349984.0,10.74,11.82,0.98,11.28
648,2019-04-17,9.09,9.16,8.91,9.0,859123,1264984560.0,2.7,-2.91,-0.27,6.93
649,2019-04-18,9.02,9.05,8.84,8.93,438502,639585920.0,2.33,-0.78,-0.07,3.54
650,2019-04-19,8.93,9.11,8.87,9.0,354021,518953728.0,2.69,0.78,0.07,2.86
651,2019-04-22,9.0,9.03,8.6,8.65,434359,623988272.0,4.78,-3.89,-0.35,3.51
652,2019-04-23,8.63,8.77,8.55,8.58,249984,355357184.0,2.54,-0.81,-0.07,2.02
653,2019-04-24,8.63,8.71,8.5,8.65,212333,300650944.0,2.45,0.82,0.07,1.71
654,2019-04-25,8.6,8.7,8.4,8.43,233834,328872816.0,3.47,-2.54,-0.22,1.89
655,2019-04-26,8.4,8.52,8.38,8.4,175162,243595012.0,1.66,-0.36,-0.03,1.41
656,2019-04-29,8.45,8.62,8.4,8.48,230866,323176400.0,2.62,0.95,0.08,1.86
657,2019-04-30,8.42,8.43,8.2,8.33,302295,415019104.0,2.71,-1.77,-0.15,2.44
658,2019-05-06,8.11,8.29,7.76,7.95,373543,496373088.0,6.36,-4.56,-0.38,3.01
659,2019-05-07,8.0,8.04,7.81,7.98,202000,266439791.0,2.89,0.38,0.03,1.63
660,2019-05-08,7.85,7.98,7.78,7.8,155084,203108646.0,2.51,-2.26,-0.18,1.25
661,2019-05-09,7.79,7.83,7.67,7.67,153894,198791685.0,2.05,-1.67,-0.13,1.24
662,2019-05-10,7.75,7.91,7.61,7.89,193735,252421178.0,3.91,2.87,0.22,1.56
663,2019-05-13,7.79,7.82,7.72,7.73,110718,143486959.0,1.27,-2.03,-0.16,0.89
664,2019-05-14,7.66,7.79,7.66,7.7,96266,124409258.0,1.68,-0.39,-0.03,0.78
665,2019-05-15,7.77,7.86,7.74,7.83,129771,169004034.0,1.56,1.69,0.13,1.05
666,2019-05-16,7.82,7.84,7.78,7.84,99884,130233651.0,0.77,0.13,0.01,0.81
667,2019-05-17,7.85,7.86,7.6,7.63,149077,192203620.0,3.32,-2.68,-0.21,1.2
668,2019-05-20,7.62,7.65,7.5,7.58,95793,121487265.0,1.97,-0.66,-0.05,0.77
669,2019-05-21,7.58,7.78,7.58,7.71,121301,156208107.0,2.64,1.72,0.13,0.98
670,2019-05-22,7.75,7.75,7.61,7.65,71659,92107578.0,1.82,-0.78,-0.06,0.58
671,2019-05-23,7.63,7.66,7.53,7.57,75625,96213706.0,1.7,-1.05,-0.08,0.61
672,2019-05-24,7.56,7.73,7.56,7.63,82019,105036900.0,2.25,0.79,0.06,0.66
673,2019-05-27,7.62,7.77,7.55,7.75,134067,172069815.0,2.88,1.57,0.12,1.08
674,2019-05-28,7.74,7.78,7.68,7.75,106953,138302017.0,1.29,0.0,0.0,0.86
675,2019-05-29,7.69,7.8,7.68,7.75,79515,102827032.0,1.55,0.0,0.0,0.64
676,2019-05-30,7.7,7.78,7.61,7.7,83928,107850515.0,2.19,-0.65,-0.05,0.68
677,2019-05-31,7.71,7.76,7.68,7.69,72414,93425135.0,1.04,-0.13,-0.01,0.58
678,2019-06-03,7.71,7.75,7.59,7.69,95688,122874380.0,2.08,0.0,0.0,0.77
679,2019-06-04,7.65,7.67,7.56,7.58,63875,81277488.0,1.43,-1.43,-0.11,0.52
680,2019-06-05,7.62,7.66,7.57,7.57,69734,88928521.0,1.19,-0.13,-0.01,0.56
681,2019-06-06,7.58,7.58,7.5,7.51,77029,97494970.0,1.06,-0.79,-0.06,0.62
682,2019-06-10,7.55,7.68,7.53,7.63,73452,93607005.0,2.0,1.6,0.12,0.59
683,2019-06-11,7.7,7.87,7.68,7.84,194558,252783707.0,2.49,2.75,0.21,1.57
684,2019-06-12,7.8,7.84,7.75,7.81,107056,139179677.0,1.15,-0.38,-0.03,0.86
685,2019-06-13,7.82,7.83,7.77,7.8,83702,108950229.0,0.77,-0.13,-0.01,0.68
686,2019-06-14,7.82,7.83,7.74,7.74,139130,180670407.0,1.15,-0.77,-0.06,1.12
687,2019-06-17,7.75,7.77,7.65,7.7,107014,95470004.0,1.55,-0.52,-0.04,0.62
688,2019-06-18,7.68,7.71,7.57,7.61,131882,116405187.0,1.82,-1.17,-0.09,0.76
689,2019-06-19,7.74,7.78,7.65,7.66,175528,156443479.0,1.71,0.66,0.05,1.01
690,2019-06-20,7.66,8.0,7.66,7.87,367745,332897024.0,4.44,2.74,0.21,2.12
691,2019-06-21,7.86,7.9,7.77,7.8,268796,242995739.0,1.65,-0.89,-0.07,1.55
692,2019-06-24,7.83,7.84,7.75,7.77,109840,98905230.0,1.15,-0.38,-0.03,0.63
693,2019-06-25,7.78,7.79,7.55,7.6,220817,194961132.0,3.09,-2.19,-0.17,1.27
694,2019-06-26,7.57,7.62,7.55,7.57,98264,86449518.0,0.92,-0.39,-0.03,0.57
695,2019-06-27,7.59,7.65,7.57,7.59,98976,87310193.0,1.06,0.26,0.02,0.57
696,2019-06-28,7.6,7.6,7.41,7.44,166375,144715189.0,2.5,-1.98,-0.15,0.96
697,2019-07-01,7.55,7.65,7.53,7.64,195271,171808996.0,1.61,2.69,0.2,1.13
698,2019-07-02,7.64,7.76,7.63,7.67,190761,169755655.0,1.7,0.39,0.03,1.1
699,2019-07-03,7.65,7.69,7.6,7.65,113863,100852432.0,1.17,-0.26,-0.02,0.66
700,2019-07-04,7.69,7.86,7.69,7.77,238595,214536368.0,2.22,1.57,0.12,1.38
701,2019-07-05,7.76,7.8,7.66,7.77,150221,134406452.0,1.8,0.0,0.0,0.87
702,2019-07-08,7.73,7.75,7.53,7.59,154063,136012778.0,2.83,-2.32,-0.18,0.89
703,2019-07-09,7.58,7.62,7.48,7.51,130223,113783172.0,1.84,-1.05,-0.08,0.75
704,2019-07-10,7.54,7.54,7.44,7.47,78385,68172884.0,1.33,-0.53,-0.04,0.45
705,2019-07-11,7.5,7.55,7.46,7.47,64082,55833535.0,1.2,0.0,0.0,0.37
706,2019-07-12,7.49,7.57,7.46,7.54,68333,59724262.0,1.47,0.94,0.07,0.39
707,2019-07-15,7.52,7.61,7.44,7.57,91990,80279879.0,2.25,0.4,0.03,0.53
708,2019-07-16,7.54,7.6,7.5,7.57,82280,72206181.0,1.32,0.0,0.0,0.47
709,2019-07-17,7.57,7.57,7.5,7.53,68042,59489409.0,0.92,-0.53,-0.04,0.39
710,2019-07-18,7.53,7.53,7.45,7.45,59184,51365345.0,1.06,-1.06,-0.08,0.34
711,2019-07-19,7.48,7.54,7.44,7.51,75384,65747638.0,1.34,0.81,0.06,0.43
712,2019-07-22,7.51,7.55,7.43,7.46,80837,70293727.0,1.6,-0.67,-0.05,0.47
713,2019-07-23,7.5,7.5,7.46,7.5,48822,42430750.0,0.54,0.54,0.04,0.28
714,2019-07-24,7.5,7.6,7.5,7.59,124198,109123098.0,1.33,1.2,0.09,0.72
715,2019-07-25,7.55,7.63,7.52,7.63,140460,123475442.0,1.45,0.53,0.04,0.81
716,2019-07-26,7.58,7.6,7.55,7.58,82545,72488789.0,0.66,-0.66,-0.05,0.48
717,2019-07-29,7.58,7.6,7.56,7.59,80681,70960080.0,0.53,0.13,0.01,0.47
718,2019-07-30,7.6,7.7,7.59,7.7,152382,135213921.0,1.45,1.45,0.11,0.88
719,2019-07-31,7.68,7.69,7.6,7.67,83973,74384356.0,1.17,-0.39,-0.03,0.48
720,2019-08-01,7.61,7.66,7.55,7.59,82328,72516808.0,1.43,-1.04,-0.08,0.47
721,2019-08-02,7.52,7.56,7.41,7.46,154087,133725306.0,1.98,-1.71,-0.13,0.89
722,2019-08-05,7.41,7.44,7.1,7.1,226263,191523021.0,4.56,-4.83,-0.36,1.3
723,2019-08-06,6.97,7.03,6.93,6.96,185494,151830084.0,1.41,-1.97,-0.14,1.07
724,2019-08-07,6.99,7.03,6.94,6.94,88082,72045112.0,1.29,-0.29,-0.02,0.51
725,2019-08-08,6.98,7.09,6.95,7.04,99796,82104045.0,2.02,1.44,0.1,0.58
726,2019-08-09,7.05,7.06,6.86,6.88,109170,89015656.0,2.84,-2.27,-0.16,0.63
727,2019-08-12,6.88,6.95,6.81,6.95,90945,73648806.0,2.03,1.02,0.07,0.52
728,2019-08-13,6.88,6.9,6.83,6.85,62637,50561872.0,1.01,-1.44,-0.1,0.36
729,2019-08-14,6.91,6.98,6.84,6.86,68965,55874407.0,2.04,0.15,0.01,0.4
730,2019-08-15,6.74,6.85,6.69,6.82,102508,81776842.0,2.33,-0.58,-0.04,0.59
731,2019-08-16,6.83,6.93,6.82,6.87,92958,75245755.0,1.61,0.73,0.05,0.3
732,2019-08-19,6.87,6.99,6.76,6.98,177635,143419399.0,3.35,1.6,0.11,0.58
733,2019-08-20,6.94,7.02,6.92,6.98,94446,77313519.0,1.43,0.0,0.0,0.31
734,2019-08-21,6.98,7.0,6.92,6.94,58393,47714658.0,1.15,-0.57,-0.04,0.19
735,2019-08-22,6.96,6.97,6.9,6.93,59203,48202914.0,1.01,-0.14,-0.01,0.19
736,2019-08-23,6.93,7.03,6.91,7.01,115945,95087244.0,1.73,1.15,0.08,0.38
737,2019-08-26,6.87,6.95,6.86,6.91,73473,59643773.0,1.28,-1.43,-0.1,0.24
738,2019-08-27,6.99,7.23,6.94,7.13,220171,183812609.0,4.2,3.18,0.22,0.72
739,2019-08-28,7.14,7.16,7.05,7.09,83042,68948881.0,1.54,-0.56,-0.04,0.27
740,2019-08-29,7.09,7.12,7.01,7.05,75333,62237641.0,1.55,-0.56,-0.04,0.25
741,2019-08-30,7.08,7.11,6.97,6.99,68204,56284721.0,1.99,-0.85,-0.06,0.22
742,2019-09-02,7.01,7.13,6.99,7.06,127895,105956721.0,2.0,1.0,0.07,0.42
743,2019-09-03,7.06,7.07,7.0,7.05,95733,78927704.0,0.99,-0.14,-0.01,0.31
744,2019-09-04,7.05,7.23,7.03,7.22,174378,146190109.0,2.84,2.41,0.17,0.57
745,2019-09-05,7.26,7.51,7.25,7.34,234789,201933687.0,3.6,1.66,0.12,0.76
746,2019-09-06,7.39,7.43,7.31,7.37,96977,83177458.0,1.63,0.41,0.03,0.32
747,2019-09-09,7.49,7.52,7.4,7.44,134011,115946315.0,1.63,0.95,0.07,0.44
748,2019-09-10,7.44,7.45,7.34,7.4,88285,75832405.0,1.48,-0.54,-0.04,0.29
749,2019-09-11,7.46,7.51,7.41,7.49,128269,111242048.0,1.35,1.22,0.09,0.42
750,2019-09-12,7.48,7.55,7.46,7.54,119219,103930436.0,1.2,0.67,0.05,0.39
751,2019-09-16,7.59,7.59,7.5,7.53,93027,81436854.0,1.19,-0.13,-0.01,0.3
752,2019-09-17,7.53,7.53,7.34,7.36,138833,119586179.0,2.52,-2.26,-0.17,0.45
753,2019-09-18,7.38,7.44,7.34,7.38,74467,64045936.0,1.36,0.27,0.02,0.24
754,2019-09-19,7.42,7.42,7.35,7.42,54772,47105911.0,0.95,0.54,0.04,0.18
755,2019-09-20,7.41,7.43,7.36,7.38,83243,71513424.0,0.94,-0.54,-0.04,0.27
756,2019-09-23,7.35,7.37,7.21,7.25,102647,86919300.0,2.17,-1.76,-0.13,0.33
757,2019-09-24,7.27,7.32,7.23,7.23,59071,50092325.0,1.24,-0.28,-0.02,0.19
758,2019-09-25,7.23,7.28,7.17,7.21,86891,73224184.0,1.52,-0.28,-0.02,0.28
759,2019-09-26,7.25,7.4,7.19,7.3,190282,162204087.0,2.91,1.25,0.09,0.62
760,2019-09-27,7.28,7.38,7.27,7.36,102268,87254247.0,1.51,0.82,0.06,0.33
761,2019-09-30,7.36,7.44,7.3,7.3,106100,91100547.0,1.9,-0.82,-0.06,0.35
762,2019-10-08,7.32,7.51,7.28,7.41,116113,99868931.0,3.15,1.51,0.11,0.38
763,2019-10-09,7.36,7.62,7.34,7.54,178810,156339040.0,3.78,1.75,0.13,0.58
764,2019-10-10,7.53,7.59,7.47,7.55,108184,94536026.0,1.59,0.13,0.01,0.35
765,2019-10-11,7.55,7.74,7.53,7.71,245687,218332957.0,2.78,2.12,0.16,0.8
766,2019-10-14,7.78,8.02,7.74,7.84,437645,398824336.0,3.63,1.69,0.13,1.43
767,2019-10-15,7.83,7.88,7.77,7.83,184573,166854556.0,1.4,-0.13,-0.01,0.6
768,2019-10-16,7.86,7.97,7.69,7.74,299025,269316240.0,3.58,-1.15,-0.09,0.97
769,2019-10-17,7.73,7.76,7.64,7.69,139627,124312491.0,1.55,-0.65,-0.05,0.45
770,2019-10-18,7.7,7.75,7.47,7.48,242604,213407126.0,3.64,-2.73,-0.21,0.79
771,2019-10-21,7.51,7.64,7.47,7.63,200470,176082819.0,2.27,2.01,0.15,0.65
772,2019-10-22,7.67,7.67,7.57,7.65,123429,108995555.0,1.31,0.26,0.02,0.4
773,2019-10-23,7.66,7.81,7.63,7.7,175009,156300729.0,2.35,0.65,0.05,0.57
774,2019-10-24,7.7,7.87,7.68,7.83,179677,162039505.0,2.47,1.69,0.13,0.59
775,2019-10-25,7.83,7.86,7.75,7.84,132065,119214912.0,1.4,0.13,0.01,0.43
776,2019-10-28,7.81,7.93,7.7,7.91,179732,162577575.0,2.93,0.89,0.07,0.59
777,2019-10-29,7.97,8.03,7.88,7.89,246781,225766772.0,1.9,-0.25,-0.02,0.8
778,2019-10-30,7.86,8.04,7.86,7.98,254285,233255039.0,2.28,1.14,0.09,0.83
779,2019-10-31,7.98,7.99,7.88,7.93,207593,189902187.0,1.38,-0.63,-0.05,0.68
780,2019-11-01,7.92,8.21,7.89,8.15,385936,359544000.0,4.04,2.77,0.22,1.26
781,2019-11-04,8.11,8.22,8.06,8.15,273983,255879348.0,1.96,0.0,0.0,0.89
782,2019-11-05,8.15,8.35,8.09,8.21,327297,309308304.0,3.19,0.74,0.06,1.07
783,2019-11-06,8.18,8.38,8.16,8.32,340678,324491104.0,2.68,1.34,0.11,1.11
784,2019-11-07,8.32,8.56,8.32,8.52,353970,343497120.0,2.88,2.4,0.2,1.15
785,2019-11-08,8.56,8.58,8.38,8.42,267152,258409933.0,2.35,-1.17,-0.1,0.87
786,2019-11-11,8.35,8.35,8.07,8.09,227629,213695354.0,3.33,-3.92,-0.33,0.74
787,2019-11-12,8.09,8.23,8.04,8.19,213135,199291337.0,2.35,1.24,0.1,0.69
788,2019-11-13,8.18,8.18,7.99,8.15,173418,161510726.0,2.32,-0.49,-0.04,0.56
789,2019-11-14,8.12,8.16,8.01,8.04,132502,122916525.0,1.84,-1.35,-0.11,0.43
790,2019-11-15,8.08,8.16,8.02,8.06,142462,132598566.0,1.74,0.25,0.02,0.46
791,2019-11-18,8.05,8.17,7.98,8.16,127816,118962369.0,2.36,1.24,0.1,0.42
792,2019-11-19,8.14,8.18,8.09,8.14,112725,105337808.0,1.1,-0.25,-0.02,0.37
793,2019-11-20,8.12,8.14,7.92,7.94,182104,167791923.0,2.7,-2.46,-0.2,0.59
794,2019-11-21,7.9,7.93,7.82,7.87,106562,96778716.0,1.39,-0.88,-0.07,0.35
795,2019-11-22,7.89,7.92,7.75,7.77,130906,118502300.0,2.16,-1.27,-0.1,0.43
796,2019-11-25,7.81,8.03,7.78,7.96,190140,173629380.0,3.22,2.45,0.19,0.62
797,2019-11-26,8.01,8.05,7.89,8.05,193251,177537340.0,2.01,1.13,0.09,0.63
798,2019-11-27,8.01,8.07,7.93,7.98,143003,131749877.0,1.74,-0.87,-0.07,0.47
799,2019-11-28,7.97,8.07,7.95,8.02,136005,125677483.0,1.5,0.5,0.04,0.44
800,2019-11-29,8.05,8.11,7.95,8.0,115348,106575236.0,2.0,-0.25,-0.02,0.38
801,2019-12-02,7.99,8.05,7.91,7.94,112951,103560497.0,1.75,-0.75,-0.06,0.37
802,2019-12-03,7.93,7.98,7.89,7.96,94720,86594608.0,1.13,0.25,0.02,0.31
803,2019-12-04,7.93,7.96,7.88,7.93,77909,71095175.0,1.01,-0.38,-0.03,0.25
804,2019-12-05,7.96,8.01,7.93,8.01,85296,78274737.0,1.01,1.01,0.08,0.28
805,2019-12-06,8.02,8.16,8.02,8.12,153001,142398478.0,1.75,1.37,0.11,0.5
806,2019-12-09,8.13,8.14,8.07,8.14,85746,79918930.0,0.86,0.25,0.02,0.28
807,2019-12-10,8.14,8.15,8.07,8.09,136976,127690067.0,0.98,-0.61,-0.05,0.45
808,2019-12-11,8.09,8.17,8.07,8.15,145166,135681570.0,1.24,0.74,0.06,0.47
809,2019-12-12,8.16,8.19,8.1,8.17,179722,168283993.0,1.1,0.25,0.02,0.59
810,2019-12-13,8.22,8.37,8.19,8.26,268313,254994532.0,2.2,1.1,0.09,0.87
811,2019-12-16,8.3,8.41,8.28,8.34,174676,167010846.0,1.57,0.97,0.08,0.57
812,2019-12-17,8.32,8.54,8.3,8.46,282494,272383824.0,2.88,1.44,0.12,0.92
813,2019-12-18,8.45,8.5,8.38,8.39,164826,159251524.0,1.42,-0.83,-0.07,0.54
814,2019-12-19,8.39,8.55,8.38,8.46,151645,146963162.0,2.03,0.83,0.07,0.49
815,2019-12-20,8.47,8.55,8.42,8.45,141851,137448138.0,1.54,-0.12,-0.01,0.46
816,2019-12-23,8.44,8.48,8.18,8.21,201863,192672252.0,3.55,-2.84,-0.24,0.66
817,2019-12-24,8.25,8.29,8.23,8.27,80294,76043479.0,0.73,0.73,0.06,0.26
818,2019-12-25,8.24,8.29,8.14,8.24,103716,97842781.0,1.81,-0.36,-0.03,0.34
819,2019-12-26,8.23,8.34,8.21,8.34,104486,99371744.0,1.58,1.21,0.1,0.34
820,2019-12-27,8.32,8.49,8.31,8.34,139838,134490841.0,2.16,0.0,0.0,0.46
821,2019-12-30,8.29,8.35,8.17,8.32,175372,166207687.0,2.16,-0.24,-0.02,0.57
822,2019-12-31,8.32,8.36,8.24,8.35,102391,97386104.0,1.44,0.36,0.03,0.33
823,2020-01-02,8.45,8.49,8.38,8.39,197547,190753875.0,1.32,0.48,0.04,0.64
824,2020-01-03,8.4,8.43,8.32,8.35,136994,131133230.0,1.31,-0.48,-0.04,0.45
825,2020-01-06,8.31,8.36,8.19,8.24,189721,180098009.0,2.04,-1.32,-0.11,0.62
826,2020-01-07,8.26,8.34,8.25,8.31,131545,124946724.0,1.09,0.85,0.07,0.43
827,2020-01-08,8.26,8.26,8.1,8.13,167776,157477817.0,1.93,-2.17,-0.18,0.55
828,2020-01-09,8.19,8.22,8.13,8.17,134506,126164131.0,1.11,0.49,0.04,0.44
829,2020-01-10,8.18,8.21,8.1,8.13,120838,113176410.0,1.35,-0.49,-0.04,0.39
830,2020-01-13,8.13,8.23,8.09,8.22,145451,136347368.0,1.72,1.11,0.09,0.47
831,2020-01-14,8.24,8.27,8.18,8.2,120368,113664946.0,1.09,-0.24,-0.02,0.39
832,2020-01-15,8.19,8.22,8.1,8.11,100440,93899351.0,1.46,-1.1,-0.09,0.33
833,2020-01-16,8.14,8.14,8.02,8.03,109359,101510256.0,1.48,-0.99,-0.08,0.36
834,2020-01-17,8.05,8.08,8.01,8.06,113300,104876016.0,0.87,0.37,0.03,0.37
835,2020-01-20,8.08,8.12,8.03,8.1,92477,85844335.0,1.12,0.5,0.04,0.3
836,2020-01-21,8.01,8.01,7.82,7.84,229563,208627022.0,2.35,-3.21,-0.26,0.75
837,2020-01-22,7.82,7.96,7.77,7.91,159863,144875371.0,2.42,0.89,0.07,0.52
838,2020-01-23,7.88,7.89,7.61,7.66,209395,187562154.0,3.54,-3.16,-0.25,0.68
839,2020-02-03,6.87,7.08,6.78,6.92,365166,296216224.0,3.92,-9.66,-0.74,1.19
840,2020-02-04,6.93,7.24,6.92,7.17,299255,248859878.0,4.62,3.61,0.25,0.97
841,2020-02-05,7.16,7.28,7.09,7.17,190446,159918687.0,2.65,0.0,0.0,0.62
842,2020-02-06,7.2,7.28,7.12,7.26,184900,155538742.0,2.23,1.26,0.09,0.6
843,2020-02-07,7.22,7.54,7.14,7.32,140179,118107774.0,5.51,0.83,0.06,0.46
844,2020-02-10,7.32,7.37,7.25,7.34,149597,127546237.0,1.64,0.27,0.02,0.49
845,2020-02-11,7.34,7.48,7.33,7.36,164150,141567103.0,2.04,0.27,0.02,0.53
846,2020-02-12,7.34,7.43,7.27,7.4,146708,125766891.0,2.17,0.54,0.04,0.48
847,2020-02-13,7.38,7.43,7.29,7.3,120430,103099696.0,1.89,-1.35,-0.1,0.39
848,2020-02-14,7.28,7.46,7.28,7.4,133365,114622807.0,2.47,1.37,0.1,0.43
849,2020-02-17,7.4,7.58,7.36,7.58,179696,156058229.0,2.97,2.43,0.18,0.59
850,2020-02-18,7.56,7.57,7.45,7.48,137146,119530815.0,1.58,-1.32,-0.1,0.45
851,2020-02-19,7.48,7.58,7.47,7.47,159317,139119362.0,1.47,-0.13,-0.01,0.52
852,2020-02-20,7.46,7.69,7.46,7.67,227042,199400384.0,3.08,2.68,0.2,0.74
853,2020-02-21,7.64,7.71,7.6,7.62,185317,163906965.0,1.43,-0.65,-0.05,0.6
854,2020-02-24,7.63,7.63,7.51,7.54,157541,138115205.0,1.57,-1.05,-0.08,0.51
855,2020-02-25,7.41,7.45,7.29,7.41,220544,189352838.0,2.12,-1.72,-0.13,0.72
856,2020-02-26,7.33,7.53,7.31,7.43,244312,211365460.0,2.97,0.27,0.02,0.8
857,2020-02-27,7.44,7.5,7.32,7.41,211012,181580131.0,2.42,-0.27,-0.02,0.69
858,2020-02-28,7.28,7.36,7.15,7.19,225693,190677125.0,2.83,-2.97,-0.22,0.74
859,2020-03-02,7.19,7.4,7.18,7.38,286351,244502352.0,3.06,2.64,0.19,0.93
860,2020-03-03,7.42,7.49,7.31,7.33,297891,256317782.0,2.44,-0.68,-0.05,0.97
861,2020-03-04,7.29,7.36,7.24,7.32,243560,207061444.0,1.64,-0.14,-0.01,0.79
862,2020-03-05,7.37,7.63,7.32,7.56,564369,491796416.0,4.23,3.28,0.24,1.84
863,2020-03-06,7.48,7.48,7.37,7.39,292676,252741923.0,1.46,-2.25,-0.17,0.95
864,2020-03-09,7.26,7.27,7.08,7.1,349967,293223568.0,2.57,-3.92,-0.29,1.14
865,2020-03-10,7.07,7.22,7.03,7.19,273849,228785677.0,2.68,1.27,0.09,0.89
866,2020-03-11,7.2,7.23,7.1,7.1,192846,161213898.0,1.81,-1.25,-0.09,0.63
867,2020-03-12,7.07,7.13,7.02,7.04,209905,173615467.0,1.55,-0.85,-0.06,0.68
868,2020-03-13,6.79,7.02,6.74,7.0,300657,242558743.0,3.98,-0.57,-0.04,0.98
869,2020-03-16,7.0,7.01,6.72,6.73,276464,223487220.0,4.14,-3.86,-0.27,0.9
870,2020-03-17,6.77,6.84,6.65,6.73,207672,165316742.0,2.82,0.0,0.0,0.68
871,2020-03-18,6.76,6.8,6.57,6.58,184582,146121205.0,3.42,-2.23,-0.15,0.6
872,2020-03-19,6.57,6.63,6.36,6.48,207977,160422770.0,4.1,-1.52,-0.1,0.68
873,2020-03-20,6.54,6.61,6.45,6.57,171167,132450601.0,2.47,1.39,0.09,0.56
874,2020-03-23,6.42,6.44,6.29,6.31,201593,152674466.0,2.28,-3.96,-0.26,0.66
875,2020-03-24,6.38,6.57,6.34,6.46,189751,144833826.0,3.65,2.38,0.15,0.62
876,2020-03-25,6.6,6.66,6.52,6.6,211085,164535932.0,2.17,2.17,0.14,0.69
877,2020-03-26,6.56,6.73,6.52,6.62,225629,176634916.0,3.18,0.3,0.02,0.73
878,2020-03-27,6.67,6.72,6.6,6.6,162537,127736109.0,1.81,-0.3,-0.02,0.53
879,2020-03-30,6.5,6.52,6.42,6.51,153902,118292652.0,1.52,-1.36,-0.09,0.5
880,2020-03-31,6.56,6.57,6.44,6.45,142530,110020018.0,2.0,-0.92,-0.06,0.46
881,2020-04-01,6.47,6.57,6.44,6.46,127388,98186925.0,2.02,0.16,0.01,0.41
882,2020-04-02,6.43,6.51,6.4,6.51,122744,94027944.0,1.7,0.77,0.05,0.4
883,2020-04-03,6.48,6.52,6.43,6.47,105512,81066017.0,1.38,-0.61,-0.04,0.34
884,2020-04-07,6.57,6.59,6.52,6.55,209207,162262770.0,1.08,1.24,0.08,0.68
885,2020-04-08,6.52,6.54,6.49,6.51,151811,117194932.0,0.76,-0.61,-0.04,0.49
886,2020-04-09,6.53,6.55,6.5,6.52,120606,93245560.0,0.77,0.15,0.01,0.39
887,2020-04-10,6.53,6.54,6.46,6.49,136655,105349443.0,1.23,-0.46,-0.03,0.45
888,2020-04-13,6.45,6.46,6.42,6.43,76947,58807084.0,0.62,-0.92,-0.06,0.25
889,2020-04-14,6.45,6.48,6.41,6.48,108596,83171119.0,1.09,0.78,0.05,0.35
890,2020-04-15,6.49,6.5,6.39,6.4,124284,94983097.0,1.7,-1.23,-0.08,0.4
891,2020-04-16,6.36,6.42,6.36,6.41,130631,99189572.0,0.94,0.16,0.01,0.43
892,2020-04-17,6.43,6.49,6.4,6.45,175121,134101609.0,1.4,0.62,0.04,0.57
893,2020-04-20,6.45,6.46,6.4,6.42,119167,90930344.0,0.93,-0.47,-0.03,0.39
894,2020-04-21,6.44,6.46,6.36,6.38,159539,121490643.0,1.56,-0.62,-0.04,0.52
895,2020-04-22,6.38,6.39,6.33,6.38,97327,73656074.0,0.94,0.0,0.0,0.32
896,2020-04-23,6.39,6.39,6.33,6.33,92825,70207310.0,0.94,-0.78,-0.05,0.3
897,2020-04-24,6.33,6.37,6.3,6.33,95409,71897858.0,1.11,0.0,0.0,0.31
898,2020-04-27,6.35,6.56,6.34,6.56,287557,221398389.0,3.48,3.63,0.23,0.94
899,2020-04-28,6.54,6.55,6.43,6.52,249594,192431909.0,1.83,-0.61,-0.04,0.81
900,2020-04-29,6.53,6.76,6.51,6.71,317218,250135815.0,3.83,2.91,0.19,1.03
901,2020-04-30,6.75,6.81,6.68,6.69,282946,224659038.0,1.94,-0.3,-0.02,0.92
902,2020-05-06,6.63,6.68,6.56,6.67,200061,156573576.0,1.79,-0.3,-0.02,0.65
903,2020-05-07,6.68,6.68,6.61,6.64,129249,101389348.0,1.05,-0.45,-0.03,0.42
904,2020-05-08,6.67,6.73,6.65,6.71,150520,118928009.0,1.2,1.05,0.07,0.49
905,2020-05-11,6.71,6.74,6.66,6.69,147186,116529141.0,1.19,-0.3,-0.02,0.48
906,2020-05-12,6.7,6.72,6.6,6.63,118450,93130320.0,1.79,-0.9,-0.06,0.39
907,2020-05-13,6.61,6.61,6.54,6.6,200623,156133721.0,1.06,-0.45,-0.03,0.65
908,2020-05-14,6.57,6.57,6.46,6.47,188865,145834209.0,1.67,-1.97,-0.13,0.62
909,2020-05-15,6.49,6.53,6.44,6.46,154015,118606053.0,1.39,-0.15,-0.01,0.5
910,2020-05-18,6.49,6.54,6.46,6.51,128834,99538441.0,1.24,0.77,0.05,0.42
911,2020-05-19,6.57,6.62,6.54,6.57,159530,124216799.0,1.23,0.92,0.06,0.52
912,2020-05-20,6.57,6.62,6.49,6.54,134473,104329667.0,1.98,-0.46,-0.03,0.44
913,2020-05-21,6.57,6.58,6.53,6.56,118561,92094257.0,0.76,0.31,0.02,0.39
914,2020-05-22,6.53,6.55,6.38,6.38,140465,107617499.0,2.59,-2.74,-0.18,0.46
915,2020-05-25,6.37,6.41,6.36,6.4,97837,74313643.0,0.78,0.31,0.02,0.32
916,2020-05-26,6.41,6.45,6.39,6.43,80987,61802734.0,0.94,0.47,0.03,0.26
917,2020-05-27,6.44,6.54,6.41,6.48,156247,120264681.0,2.02,0.78,0.05,0.51
918,2020-05-28,6.52,6.61,6.49,6.54,147821,114739017.0,1.85,0.93,0.06,0.48
919,2020-05-29,6.54,6.55,6.46,6.53,122203,94288850.0,1.38,-0.15,-0.01,0.4
920,2020-06-01,6.54,6.61,6.52,6.6,152909,119078267.0,1.38,1.07,0.07,0.5
921,2020-06-02,6.61,6.64,6.58,6.62,141992,111040492.0,0.91,0.3,0.02,0.46
922,2020-06-03,6.64,6.73,6.58,6.58,153710,120935575.0,2.27,-0.6,-0.04,0.5
923,2020-06-04,6.62,6.62,6.53,6.54,101616,78886809.0,1.37,-0.61,-0.04,0.33
924,2020-06-05,6.54,6.56,6.49,6.56,130672,100990371.0,1.07,0.31,0.02,0.43
925,2020-06-08,6.57,6.59,6.53,6.54,95803,74398323.0,0.91,-0.3,-0.02,0.31
926,2020-06-09,6.56,6.61,6.52,6.6,159276,123985791.0,1.38,0.92,0.06,0.52
927,2020-06-10,6.59,6.6,6.52,6.55,132401,102713519.0,1.21,-0.76,-0.05,0.43
928,2020-06-11,6.54,6.56,6.45,6.46,181463,139907578.0,1.68,-1.37,-0.09,0.59
929,2020-06-12,6.33,6.39,6.31,6.39,366297,276878768.0,1.24,-1.08,-0.07,1.19
930,2020-06-15,6.36,6.36,6.17,6.17,359054,268713440.0,2.97,-3.44,-0.22,1.17
931,2020-06-16,6.25,6.31,6.22,6.27,212233,158350783.0,1.46,1.62,0.1,0.69
932,2020-06-17,6.27,6.28,6.23,6.25,163126,121645026.0,0.8,-0.32,-0.02,0.53
933,2020-06-18,6.23,6.31,6.21,6.28,156936,117231966.0,1.6,0.48,0.03,0.51
934,2020-06-19,6.29,6.33,6.26,6.29,248576,186574973.0,1.11,0.16,0.01,0.81
935,2020-06-22,6.31,6.36,6.25,6.3,244759,176588807.0,1.75,0.16,0.01,0.8
936,2020-06-23,6.29,6.3,6.2,6.21,274804,196096118.0,1.59,-1.43,-0.09,0.9
937,2020-06-24,6.22,6.34,6.21,6.27,237598,170509787.0,2.09,0.97,0.06,0.77
938,2020-06-29,6.28,6.32,6.22,6.23,196959,140880407.0,1.59,-0.64,-0.04,0.64
939,2020-06-30,6.25,6.31,6.21,6.26,192520,137695300.0,1.61,0.48,0.03,0.63
940,2020-07-01,6.24,6.39,6.23,6.36,327759,236757830.0,2.56,1.6,0.1,1.07
941,2020-07-02,6.34,6.64,6.33,6.64,616003,455006928.0,4.87,4.4,0.28,2.01
942,2020-07-03,6.63,6.84,6.59,6.78,661393,503980224.0,3.77,2.11,0.14,2.15
943,2020-07-06,6.84,7.55,6.84,7.55,1091528,888701760.0,10.47,11.36,0.77,3.56
944,2020-07-07,7.68,7.84,7.29,7.29,1043555,880091936.0,7.28,-3.44,-0.26,3.4
945,2020-07-08,7.25,7.58,7.22,7.48,786874,651490304.0,4.94,2.61,0.19,2.56
946,2020-07-09,7.41,7.66,7.36,7.59,778463,654781984.0,4.01,1.47,0.11,2.54
947,2020-07-10,7.51,7.55,7.22,7.24,642975,530051728.0,4.35,-4.61,-0.35,2.09
948,2020-07-13,7.19,7.36,7.11,7.26,511367,415474960.0,3.45,0.28,0.02,1.67
949,2020-07-14,7.24,7.28,7.04,7.11,432507,348343376.0,3.31,-2.07,-0.15,1.41
950,2020-07-15,7.16,7.19,6.92,6.93,343547,273024000.0,3.8,-2.53,-0.18,1.12
951,2020-07-16,6.95,7.1,6.84,6.86,406735,320549328.0,3.75,-1.01,-0.07,1.32
952,2020-07-17,6.88,6.95,6.8,6.86,243809,189224267.0,2.19,0.0,0.0,0.79
953,2020-07-20,6.91,7.16,6.83,7.15,457115,362658016.0,4.81,4.23,0.29,1.49
954,2020-07-21,7.19,7.2,7.02,7.07,282568,225666491.0,2.52,-1.12,-0.08,0.92
955,2020-07-22,7.07,7.24,7.02,7.11,322819,259383994.0,3.11,0.57,0.04,1.05
956,2020-07-23,7.04,7.08,6.89,6.99,229600,180845302.0,2.67,-1.69,-0.12,0.75
957,2020-07-24,6.95,7.0,6.7,6.72,279989,216319794.0,4.29,-3.86,-0.27,0.91
958,2020-07-27,6.75,6.76,6.67,6.72,147200,112086357.0,1.34,0.0,0.0,0.48
959,2020-07-28,6.75,6.79,6.69,6.73,126188,96337384.0,1.49,0.15,0.01,0.41
960,2020-07-29,6.72,6.85,6.67,6.83,172422,132597178.0,2.67,1.49,0.1,0.56
961,2020-07-30,6.84,6.84,6.71,6.72,193057,148101051.0,1.9,-1.61,-0.11,0.63
962,2020-07-31,6.7,6.81,6.69,6.74,205687,157201682.0,1.79,0.3,0.02,0.67
963,2020-08-03,6.77,6.87,6.73,6.85,287910,221475023.0,2.08,1.63,0.11,0.94
964,2020-08-04,6.85,7.15,6.8,7.09,556794,441962752.0,5.11,3.5,0.24,1.81
965,2020-08-05,7.03,7.05,6.89,6.98,266658,209479305.0,2.26,-1.55,-0.11,0.87
966,2020-08-06,6.99,7.08,6.92,7.01,230531,181920275.0,2.29,0.43,0.03,0.75
967,2020-08-07,7.02,7.15,6.96,7.05,329563,262133437.0,2.71,0.57,0.04,1.07
968,2020-08-10,7.05,7.15,6.97,7.1,281068,224232781.0,2.55,0.71,0.05,0.92
969,2020-08-11,7.08,7.34,7.07,7.1,506079,411714880.0,3.8,0.0,0.0,1.65
970,2020-08-12,7.11,7.2,7.03,7.13,363630,291732304.0,2.39,0.42,0.03,1.18
971,2020-08-13,7.12,7.17,7.05,7.12,235918,189237952.0,1.68,-0.14,-0.01,0.77
972,2020-08-14,7.1,7.28,7.05,7.27,393243,317753280.0,3.23,2.11,0.15,1.28
973,2020-08-17,7.28,7.94,7.28,7.72,1094658,939069520.0,9.08,6.19,0.45,3.54
974,2020-08-18,7.7,7.77,7.52,7.59,466689,397667056.0,3.24,-1.68,-0.13,1.51
975,2020-08-19,7.58,7.65,7.45,7.45,366421,309393264.0,2.64,-1.84,-0.14,1.18
976,2020-08-20,7.43,7.51,7.26,7.3,318918,263516663.0,3.36,-2.01,-0.15,1.03
977,2020-08-21,7.34,7.38,7.25,7.28,207340,170281776.0,1.78,-0.27,-0.02,0.67
978,2020-08-24,7.3,7.32,7.2,7.22,225885,184050921.0,1.65,-0.82,-0.06,0.73
979,2020-08-25,7.24,7.29,7.18,7.22,171547,139519608.0,1.52,0.0,0.0,0.55
980,2020-08-26,7.21,7.22,7.08,7.1,228765,183922979.0,1.94,-1.66,-0.12,0.74
981,2020-08-27,7.1,7.15,7.08,7.15,141689,113554403.0,0.99,0.7,0.05,0.46
982,2020-08-28,7.13,7.39,7.1,7.37,412209,337303744.0,4.06,3.08,0.22,1.33
983,2020-08-31,7.37,7.51,7.28,7.29,442639,367345488.0,3.12,-1.09,-0.08,1.43
984,2020-09-01,7.27,7.29,7.18,7.23,259892,211187032.0,1.51,-0.82,-0.06,0.84
985,2020-09-02,7.25,7.26,7.12,7.16,249638,201407333.0,1.94,-0.97,-0.07,0.81
986,2020-09-03,7.16,7.25,7.13,7.16,193859,156713124.0,1.68,0.0,0.0,0.63
987,2020-09-04,7.1,7.12,7.01,7.06,266622,212326564.0,1.54,-1.4,-0.1,0.86
988,2020-09-07,7.02,7.1,6.98,7.0,199890,158698632.0,1.7,-0.85,-0.06,0.65
989,2020-09-08,7.01,7.12,7.01,7.12,241064,192227290.0,1.57,1.71,0.12,0.78
990,2020-09-09,7.06,7.18,7.03,7.09,217078,173735408.0,2.11,-0.42,-0.03,0.7
991,2020-09-10,7.12,7.14,7.01,7.04,205625,163816946.0,1.83,-0.71,-0.05,0.66
992,2020-09-11,7.04,7.05,6.91,6.93,237638,186798142.0,1.99,-1.56,-0.11,0.77
993,2020-09-14,6.95,6.98,6.9,6.96,158138,123915363.0,1.15,0.43,0.03,0.51
994,2020-09-15,6.93,6.98,6.91,6.97,110442,86724660.0,1.01,0.14,0.01,0.36
995,2020-09-16,6.94,7.14,6.94,7.1,246458,196675326.0,2.87,1.87,0.13,0.8
996,2020-09-17,7.1,7.12,7.03,7.04,120846,96298012.0,1.27,-0.85,-0.06,0.39
997,2020-09-18,7.03,7.28,7.0,7.27,363964,294102128.0,3.98,3.27,0.23,1.18
998,2020-09-21,7.26,7.27,7.15,7.18,218101,176807922.0,1.65,-1.24,-0.09,0.7
999,2020-09-22,7.12,7.4,7.1,7.17,256743,207835619.0,4.18,-0.14,-0.01,0.83
1000,2020-09-23,7.15,7.19,7.13,7.14,139353,112226120.0,0.84,-0.42,-0.03,0.45
1001,2020-09-24,7.1,7.12,6.99,7.0,154493,122804481.0,1.82,-1.96,-0.14,0.5
1002,2020-09-25,7.02,7.04,6.92,6.95,123727,97356871.0,1.71,-0.71,-0.05,0.4
1003,2020-09-28,6.97,6.99,6.9,6.93,90196,70754169.0,1.29,-0.29,-0.02,0.29
1004,2020-09-29,6.94,6.98,6.9,6.93,104803,82100730.0,1.15,0.0,0.0,0.34
1005,2020-09-30,6.9,6.95,6.81,6.81,135576,105436721.0,2.02,-1.73,-0.12,0.44
1006,2020-10-09,6.86,6.9,6.82,6.88,139809,108554748.0,1.17,1.03,0.07,0.45
1007,2020-10-12,6.9,7.04,6.89,7.01,504423,397720336.0,2.18,1.89,0.13,1.63
1008,2020-10-13,6.98,6.99,6.81,6.91,357061,278182608.0,2.57,-1.43,-0.1,1.15
1009,2020-10-14,6.9,6.93,6.83,6.84,193830,150599103.0,1.45,-1.01,-0.07,0.63
1010,2020-10-15,6.85,7.02,6.84,6.89,301404,236070133.0,2.63,0.73,0.05,0.97
1011,2020-10-16,6.91,7.13,6.89,7.07,569079,450829696.0,3.48,2.61,0.18,1.84
1012,2020-10-19,7.05,7.29,7.05,7.07,596456,481134912.0,3.39,0.0,0.0,1.93
1013,2020-10-20,7.06,7.07,6.92,6.98,262678,207014044.0,2.12,-1.27,-0.09,0.85
1014,2020-10-21,6.98,7.3,6.94,7.27,643450,518279168.0,5.16,4.15,0.29,2.08
1015,2020-10-22,7.26,7.36,7.17,7.32,545734,446190800.0,2.61,0.69,0.05,1.76
1016,2020-10-23,7.29,7.45,7.24,7.34,598348,493805088.0,2.87,0.27,0.02,1.93
1017,2020-10-26,7.32,7.37,7.07,7.13,602381,486336512.0,4.09,-2.86,-0.21,1.95
1018,2020-10-27,7.07,7.1,6.97,7.01,327886,260003579.0,1.82,-1.68,-0.12,1.06
1019,2020-10-28,7.0,7.04,6.9,6.92,299140,234316485.0,2.0,-1.28,-0.09,0.97
1020,2020-10-29,6.81,6.92,6.81,6.87,214231,166251879.0,1.59,-0.72,-0.05,0.69
1021,2020-10-30,6.86,6.96,6.73,6.73,286274,221582601.0,3.35,-2.04,-0.14,0.92
1022,2020-11-02,6.8,6.85,6.68,6.73,264467,202640081.0,2.53,0.0,0.0,0.85
1023,2020-11-03,6.76,6.91,6.76,6.87,218109,169294962.0,2.23,2.08,0.14,0.7
1024,2020-11-04,6.93,7.0,6.87,6.95,239903,188025981.0,1.89,1.16,0.08,0.77
1025,2020-11-05,7.01,7.01,6.91,6.96,218654,171512438.0,1.44,0.14,0.01,0.71
1026,2020-11-06,6.95,6.98,6.91,6.94,179383,140685739.0,1.01,-0.29,-0.02,0.58
1027,2020-11-09,6.96,7.06,6.95,7.02,293170,231495016.0,1.59,1.15,0.08,0.95
1028,2020-11-10,7.07,7.12,6.94,6.97,285256,226521897.0,2.56,-0.71,-0.05,0.92
1029,2020-11-11,6.98,7.08,6.95,7.01,290464,229745295.0,1.87,0.57,0.04,0.94
1030,2020-11-12,6.99,7.01,6.92,6.93,179273,140600738.0,1.28,-1.14,-0.08,0.58
1031,2020-11-13,6.92,6.92,6.8,6.9,177514,137668156.0,1.73,-0.43,-0.03,0.57
1032,2020-11-16,6.9,6.99,6.89,6.95,163609,128292652.0,1.45,0.72,0.05,0.53
1033,2020-11-17,6.99,7.06,6.97,7.04,290659,230325297.0,1.29,1.29,0.09,0.94
1034,2020-11-18,7.02,7.19,7.0,7.13,402688,323019680.0,2.7,1.28,0.09,1.3
1035,2020-11-19,7.13,7.21,7.05,7.17,326713,262914211.0,2.24,0.56,0.04,1.06
1036,2020-11-20,7.15,7.15,7.08,7.09,191713,153418986.0,0.98,-1.12,-0.08,0.62
1037,2020-11-23,7.1,7.31,7.08,7.24,403808,327946416.0,3.24,2.12,0.15,1.3
1038,2020-11-24,7.24,7.31,7.19,7.2,234256,190712261.0,1.66,-0.55,-0.04,0.76
1039,2020-11-25,7.23,7.32,7.1,7.11,293681,238265612.0,3.06,-1.25,-0.09,0.95
1040,2020-11-26,7.14,7.24,7.08,7.23,280141,226191002.0,2.25,1.69,0.12,0.9
1041,2020-11-27,7.21,7.4,7.2,7.39,555848,456958928.0,2.77,2.21,0.16,1.8
1042,2020-11-30,7.48,7.69,7.32,7.32,913260,769142784.0,5.01,-0.95,-0.07,2.95
1043,2020-12-01,7.32,7.68,7.28,7.62,865215,727398736.0,5.46,4.1,0.3,2.79
1044,2020-12-02,7.6,7.7,7.5,7.57,606748,515078256.0,2.62,-0.66,-0.05,1.96
1045,2020-12-03,7.56,7.9,7.49,7.75,904163,777758816.0,5.42,2.38,0.18,2.92
1046,2020-12-04,7.71,7.73,7.46,7.49,598793,506320784.0,3.48,-3.35,-0.26,1.93
1047,2020-12-07,7.48,7.53,7.26,7.26,480478,396219632.0,3.6,-3.07,-0.23,1.55
1048,2020-12-08,7.27,7.33,7.16,7.17,412121,335123552.0,2.34,-1.24,-0.09,1.33
1049,2020-12-09,7.21,7.31,7.15,7.17,356573,289919056.0,2.23,0.0,0.0,1.15
1050,2020-12-10,7.18,7.24,7.16,7.2,289520,234370269.0,1.12,0.42,0.03,0.94
1051,2020-12-11,7.22,7.23,7.11,7.13,445618,359322176.0,1.67,-0.97,-0.07,1.44
1052,2020-12-14,7.15,7.23,7.08,7.12,267950,215389691.0,2.1,-0.14,-0.01,0.87
1053,2020-12-15,7.1,7.1,6.98,7.04,242045,191939562.0,1.69,-1.12,-0.08,0.78
1054,2020-12-16,7.0,7.08,7.0,7.02,176278,139867256.0,1.14,-0.28,-0.02,0.57
1055,2020-12-17,7.01,7.1,6.91,7.07,318168,251680259.0,2.71,0.71,0.05,1.03
1056,2020-12-18,7.06,7.11,6.97,7.0,235256,186492928.0,1.98,-0.99,-0.07,0.76
1057,2020-12-21,6.99,7.04,6.94,6.99,213310,168248853.0,1.43,-0.14,-0.01,0.69
1058,2020-12-22,6.97,7.01,6.82,6.85,341583,266660073.0,2.72,-2.0,-0.14,1.1
1059,2020-12-23,6.85,6.9,6.78,6.84,192259,148721291.0,1.75,-0.15,-0.01,0.62
1060,2020-12-24,6.86,6.93,6.78,6.83,177043,137258016.0,2.19,-0.15,-0.01,0.57
1061,2020-12-25,6.85,6.94,6.8,6.92,181639,141160351.0,2.05,1.32,0.09,0.59
1062,2020-12-28,6.88,6.93,6.81,6.86,171851,133442668.0,1.73,-0.87,-0.06,0.56
1063,2020-12-29,6.85,6.98,6.84,6.91,197182,154078653.0,2.04,0.73,0.05,0.64
1064,2020-12-30,6.91,6.95,6.87,6.94,162746,127058182.0,1.16,0.43,0.03,0.53
1065,2020-12-31,6.94,7.11,6.94,7.05,299390,237402157.0,2.45,1.59,0.11,0.97
1066,2021-01-04,7.03,7.03,6.78,6.85,555208,430800608.0,3.55,-2.84,-0.2,1.79
1067,2021-01-05,6.84,6.84,6.71,6.78,401699,307853328.0,1.9,-1.02,-0.07,1.3
1068,2021-01-06,6.77,6.84,6.74,6.82,238545,183657370.0,1.47,0.59,0.04,0.77
1069,2021-01-07,6.84,6.85,6.6,6.72,370519,282618656.0,3.67,-1.47,-0.1,1.2
1070,2021-01-08,6.68,6.8,6.65,6.7,347901,264629379.0,2.23,-0.3,-0.02,1.12
1071,2021-01-11,6.71,6.87,6.7,6.75,384093,295422304.0,2.54,0.75,0.05,1.24
1072,2021-01-12,6.78,6.87,6.69,6.86,308321,236315779.0,2.67,1.63,0.11,1.0
1073,2021-01-13,6.82,6.84,6.74,6.8,229190,176157678.0,1.46,-0.87,-0.06,0.74
1074,2021-01-14,6.8,6.92,6.75,6.82,274474,212320880.0,2.5,0.29,0.02,0.89
1075,2021-01-15,6.9,7.07,6.89,6.94,555223,437859952.0,2.64,1.76,0.12,1.79
1076,2021-01-18,6.94,7.0,6.87,6.95,352753,276258960.0,1.87,0.14,0.01,1.14
1077,2021-01-19,6.96,7.09,6.89,7.05,460053,363782112.0,2.88,1.44,0.1,1.49
1078,2021-01-20,7.01,7.08,6.92,6.94,266377,209933023.0,2.27,-1.56,-0.11,0.86
1079,2021-01-21,6.94,7.04,6.91,6.95,282315,222378015.0,1.87,0.14,0.01,0.91
1080,2021-01-22,6.95,6.96,6.77,6.78,325301,251561336.0,2.73,-2.45,-0.17,1.05
1081,2021-01-25,6.76,6.8,6.68,6.78,225813,172518802.0,1.77,0.0,0.0,0.73
1082,2021-01-26,6.75,6.88,6.74,6.82,245524,189644693.0,2.06,0.59,0.04,0.79
1083,2021-01-27,6.81,7.03,6.8,6.89,334359,261826730.0,3.37,1.03,0.07,1.08
1084,2021-01-28,6.86,6.86,6.75,6.79,233144,179653342.0,1.6,-1.45,-0.1,0.75
1085,2021-01-29,6.82,7.01,6.78,6.92,398970,311463440.0,3.39,1.91,0.13,1.29
1086,2021-02-01,6.89,7.05,6.85,7.05,378416,297870480.0,2.89,1.88,0.13,1.22
1087,2021-02-02,7.03,7.08,6.9,6.91,367776,289487488.0,2.55,-1.99,-0.14,1.19
1088,2021-02-03,6.92,7.07,6.83,6.97,512058,403093552.0,3.47,0.87,0.06,1.65
1089,2021-02-04,6.95,7.21,6.93,7.07,631495,504508960.0,4.02,1.43,0.1,2.04
1090,2021-02-05,7.08,7.4,7.04,7.34,1007567,824958512.0,5.09,3.82,0.27,3.25
1091,2021-02-08,7.35,7.35,7.14,7.27,587165,479029856.0,2.86,-0.95,-0.07,1.9
1092,2021-02-09,7.26,7.29,7.17,7.28,433584,352041888.0,1.65,0.14,0.01,1.4
1093,2021-02-10,7.28,7.39,7.12,7.18,499985,406650320.0,3.71,-1.37,-0.1,1.61
1094,2021-02-18,7.19,7.43,7.19,7.38,554695,456465184.0,3.34,2.79,0.2,1.79
1095,2021-02-19,7.35,7.47,7.32,7.39,454024,376688864.0,2.03,0.14,0.01,1.47
1096,2021-02-22,7.37,7.46,7.31,7.31,509354,422032512.0,2.03,-1.08,-0.08,1.65
1097,2021-02-23,7.28,7.53,7.26,7.4,569852,473798336.0,3.69,1.23,0.09,1.84
1098,2021-02-24,7.41,7.47,7.24,7.27,513850,424379888.0,3.11,-1.76,-0.13,1.66
1099,2021-02-25,7.29,7.55,7.29,7.42,538478,447191072.0,3.58,2.06,0.15,1.74
1100,2021-02-26,7.34,7.45,7.17,7.2,555280,454778160.0,3.77,-2.96,-0.22,1.79
1101,2021-03-01,7.22,7.26,7.17,7.21,301663,244586055.0,1.25,0.14,0.01,0.97
1102,2021-03-02,7.23,7.3,7.12,7.18,331510,268653216.0,2.5,-0.42,-0.03,1.07
1103,2021-03-03,7.17,7.45,7.17,7.41,638704,526780656.0,3.9,3.2,0.23,2.06
1104,2021-03-04,7.39,7.52,7.35,7.4,564556,470020800.0,2.29,-0.13,-0.01,1.82
1105,2021-03-05,7.42,7.46,7.3,7.44,485336,401415776.0,2.16,0.54,0.04,1.57
1106,2021-03-08,7.42,7.57,7.38,7.39,480397,402070688.0,2.55,-0.67,-0.05,1.55
1107,2021-03-09,7.39,7.46,7.22,7.24,496821,407872288.0,3.25,-2.03,-0.15,1.6
1108,2021-03-10,7.25,7.28,7.19,7.23,274257,222998550.0,1.24,-0.14,-0.01,0.89
1109,2021-03-11,7.26,7.49,7.26,7.49,649301,540116656.0,3.18,3.6,0.26,2.1
1110,2021-03-12,7.43,7.63,7.41,7.57,533569,449810480.0,2.94,1.07,0.08,1.72
1111,2021-03-15,7.57,7.72,7.53,7.63,559577,476974512.0,2.51,0.79,0.06,1.81
1112,2021-03-16,7.61,7.69,7.56,7.65,428089,365071408.0,1.7,0.26,0.02,1.38
1113,2021-03-17,7.62,7.63,7.48,7.54,331010,279373552.0,1.96,-1.44,-0.11,1.07
1114,2021-03-18,7.53,7.6,7.5,7.53,229577,193772938.0,1.33,-0.13,-0.01,0.74
1115,2021-03-19,7.52,7.57,7.32,7.36,404962,336572560.0,3.32,-2.26,-0.17,1.31
1116,2021-03-22,7.33,7.48,7.32,7.42,269562,224217923.0,2.17,0.82,0.06,0.87
1117,2021-03-23,7.43,7.48,7.35,7.43,225938,187913465.0,1.75,0.13,0.01,0.73
1118,2021-03-24,7.42,7.43,7.3,7.31,265194,218627344.0,1.75,-1.62,-0.12,0.86
1119,2021-03-25,7.31,7.36,7.21,7.24,254156,207754715.0,2.05,-0.96,-0.07,0.82
1120,2021-03-26,7.25,7.32,7.24,7.31,238660,195367870.0,1.1,0.97,0.07,0.77
1121,2021-03-29,7.31,7.35,7.24,7.34,201746,165421368.0,1.5,0.41,0.03,0.65
1122,2021-03-30,7.32,7.35,7.25,7.33,192763,157836602.0,1.36,-0.14,-0.01,0.62
1123,2021-03-31,7.3,7.31,7.19,7.26,265234,216003808.0,1.64,-0.95,-0.07,0.86
1124,2021-04-01,7.24,7.26,7.2,7.23,128349,104326036.0,0.83,-0.41,-0.03,0.41
1125,2021-04-02,7.24,7.24,7.19,7.24,131856,106960800.0,0.69,0.14,0.01,0.43
1126,2021-04-06,7.22,7.27,7.21,7.25,117999,96160555.0,0.83,0.14,0.01,0.38
1127,2021-04-07,7.24,7.27,7.22,7.24,128753,104736836.0,0.69,-0.14,-0.01,0.42
1128,2021-04-08,7.23,7.24,7.19,7.19,168796,136827587.0,0.69,-0.69,-0.05,0.55
1129,2021-04-09,7.2,7.21,7.08,7.09,211188,169602493.0,1.81,-1.39,-0.1,0.68
1130,2021-04-12,7.18,7.26,7.15,7.19,270408,219269428.0,1.55,1.41,0.1,0.87
1131,2021-04-13,7.2,7.23,7.1,7.12,170915,137439740.0,1.81,-0.97,-0.07,0.55
1132,2021-04-14,7.11,7.14,7.07,7.1,140224,112118627.0,0.98,-0.28,-0.02,0.45
1133,2021-04-15,7.09,7.09,6.96,6.99,198502,156877630.0,1.83,-1.55,-0.11,0.64
1134,2021-04-16,6.98,7.08,6.98,7.07,129982,103140119.0,1.43,1.14,0.08,0.42
1135,2021-04-19,7.07,7.14,7.04,7.13,131722,105461426.0,1.41,0.85,0.06,0.43
1136,2021-04-20,7.1,7.15,7.08,7.09,108668,87027650.0,0.98,-0.56,-0.04,0.35
1137,2021-04-21,7.05,7.17,7.05,7.15,135109,108527577.0,1.69,0.85,0.06,0.44
1138,2021-04-22,7.14,7.17,7.08,7.1,126673,101576963.0,1.26,-0.7,-0.05,0.41
1139,2021-04-23,7.08,7.11,7.06,7.09,102771,82008441.0,0.7,-0.14,-0.01,0.33
1140,2021-04-26,7.09,7.18,7.08,7.1,153216,123050648.0,1.41,0.14,0.01,0.49
1141,2021-04-27,7.16,7.22,7.12,7.2,188844,152449386.0,1.41,1.41,0.1,0.61
1142,2021-04-28,7.2,7.21,7.1,7.12,191889,154238359.0,1.53,-1.11,-0.08,0.62
1143,2021-04-29,7.13,7.35,7.12,7.34,324110,264177611.0,3.23,3.09,0.22,1.05
1144,2021-04-30,7.15,7.15,6.81,6.85,863799,675930560.0,4.63,-6.68,-0.49,2.79
1145,2021-05-06,6.83,6.91,6.81,6.83,217025,168238142.0,1.46,-0.29,-0.02,0.7
1146,2021-05-07,6.84,6.92,6.82,6.86,204087,158538082.0,1.46,0.44,0.03,0.66
1147,2021-05-10,6.87,6.88,6.8,6.81,183818,142069667.0,1.17,-0.73,-0.05,0.59
1148,2021-05-11,6.79,6.84,6.77,6.84,147933,113973408.0,1.03,0.44,0.03,0.48
1149,2021-05-12,6.81,6.89,6.81,6.86,157171,121850031.0,1.17,0.29,0.02,0.51
1150,2021-05-13,6.82,6.86,6.81,6.83,126243,97619540.0,0.73,-0.44,-0.03,0.41
1151,2021-05-14,6.84,6.94,6.82,6.93,234319,182495051.0,1.76,1.46,0.1,0.76
1152,2021-05-17,6.9,6.97,6.89,6.9,198915,155634280.0,1.15,-0.43,-0.03,0.64
1153,2021-05-18,6.9,6.92,6.88,6.89,98719,76953982.0,0.58,-0.14,-0.01,0.32
1154,2021-05-19,6.89,6.89,6.79,6.8,187348,144738269.0,1.45,-1.31,-0.09,0.61
1155,2021-05-20,6.81,6.88,6.76,6.87,180872,139629257.0,1.76,1.03,0.07,0.58
1156,2021-05-21,6.85,6.87,6.77,6.79,162553,125553523.0,1.46,-1.16,-0.08,0.53
1157,2021-05-24,6.79,6.84,6.78,6.81,132378,101944328.0,0.88,0.29,0.02,0.43
1158,2021-05-25,6.8,6.94,6.79,6.91,358020,279092112.0,2.2,1.47,0.1,1.16
1159,2021-05-26,6.91,6.99,6.86,6.92,338651,265089633.0,1.88,0.14,0.01,1.09
1160,2021-05-27,6.91,6.93,6.87,6.89,192270,149831552.0,0.87,-0.43,-0.03,0.62
1161,2021-05-28,6.89,6.94,6.88,6.9,144679,112827958.0,0.87,0.15,0.01,0.47
1162,2021-05-31,6.9,6.91,6.85,6.87,153766,119407845.0,0.87,-0.43,-0.03,0.5
1163,2021-06-01,6.85,6.86,6.81,6.83,186759,144309017.0,0.73,-0.58,-0.04,0.6
1164,2021-06-02,6.82,6.87,6.8,6.84,157813,121934476.0,1.02,0.15,0.01,0.51
1165,2021-06-03,6.83,6.88,6.82,6.83,133888,103679553.0,0.88,-0.15,-0.01,0.43
1166,2021-06-04,6.82,6.88,6.81,6.85,143249,110966875.0,1.02,0.29,0.02,0.46
1167,2021-06-07,6.83,6.85,6.8,6.83,143256,110636915.0,0.73,-0.29,-0.02,0.46
1168,2021-06-08,6.83,6.87,6.81,6.85,111214,86136381.0,0.88,0.29,0.02,0.36
1169,2021-06-09,6.85,6.86,6.83,6.84,101086,78241143.0,0.44,-0.15,-0.01,0.33
1170,2021-06-10,6.84,6.87,6.82,6.82,140750,108986226.0,0.73,-0.29,-0.02,0.45
1171,2021-06-11,6.82,6.84,6.76,6.77,187769,144531971.0,1.17,-0.73,-0.05,0.61
1172,2021-06-15,6.78,6.79,6.61,6.63,236889,179545108.0,2.66,-2.07,-0.14,0.77
1173,2021-06-16,6.65,6.72,6.63,6.69,125264,95032349.0,1.36,0.9,0.06,0.4
1174,2021-06-17,6.68,6.74,6.67,6.68,90874,69042375.0,1.05,-0.15,-0.01,0.29
1175,2021-06-18,6.68,6.72,6.65,6.66,123539,93743693.0,1.05,-0.3,-0.02,0.4
1176,2021-06-21,6.68,6.68,6.63,6.65,105947,80058635.0,0.75,-0.15,-0.01,0.34
1177,2021-06-22,6.66,6.71,6.65,6.67,155744,117954099.0,0.9,0.3,0.02,0.5
1178,2021-06-23,6.67,6.69,6.65,6.68,172081,125099831.0,0.6,0.15,0.01,0.56
1179,2021-06-24,6.68,6.71,6.65,6.69,97541,71043119.0,0.9,0.15,0.01,0.32
1180,2021-06-25,6.69,6.77,6.68,6.75,154941,113377923.0,1.35,0.9,0.06,0.5
1181,2021-06-28,6.73,6.74,6.64,6.67,133032,96787621.0,1.48,-1.19,-0.08,0.43
1182,2021-06-29,6.66,6.69,6.62,6.63,125183,90733548.0,1.05,-0.6,-0.04,0.4
1183,2021-06-30,6.65,6.66,6.54,6.56,231788,166378726.0,1.81,-1.06,-0.07,0.75
1184,2021-07-01,6.56,6.64,6.53,6.57,156706,112666175.0,1.68,0.15,0.01,0.51
1185,2021-07-02,6.57,6.59,6.52,6.53,131142,93761629.0,1.07,-0.61,-0.04,0.42
1186,2021-07-05,6.52,6.55,6.5,6.52,109726,78138864.0,0.77,-0.15,-0.01,0.35
1187,2021-07-06,6.54,6.6,6.51,6.59,137341,98294767.0,1.38,1.07,0.07,0.44
1188,2021-07-07,6.58,6.64,6.55,6.57,119681,86030884.0,1.37,-0.3,-0.02,0.39
1189,2021-07-08,6.6,6.61,6.51,6.53,154413,110406880.0,1.52,-0.61,-0.04,0.5
1190,2021-07-09,6.53,6.59,6.51,6.55,97236,69539338.0,1.23,0.31,0.02,0.31
1191,2021-07-12,6.59,6.61,6.53,6.53,158232,113249244.0,1.22,-0.31,-0.02,0.51
1192,2021-07-13,6.53,6.56,6.51,6.54,91526,65317370.0,0.77,0.15,0.01,0.3
1193,2021-07-14,6.54,6.55,6.47,6.48,133545,94746361.0,1.22,-0.92,-0.06,0.43
1194,2021-07-15,6.48,6.56,6.47,6.52,133635,95307520.0,1.39,0.62,0.04,0.43
1195,2021-07-16,6.5,6.53,6.48,6.5,108506,77082138.0,0.77,-0.31,-0.02,0.35
1196,2021-07-19,6.5,6.51,6.42,6.45,117516,82815761.0,1.38,-0.77,-0.05,0.38
1197,2021-07-20,6.43,6.46,6.42,6.43,79709,56089087.0,0.62,-0.31,-0.02,0.26
1198,2021-07-21,6.44,6.47,6.39,6.39,153261,107546485.0,1.24,-0.62,-0.04,0.5
1199,2021-07-22,6.4,6.45,6.39,6.44,111443,78321305.0,0.94,0.78,0.05,0.36
1200,2021-07-23,6.42,6.44,6.39,6.4,103064,72195654.0,0.78,-0.62,-0.04,0.33
1201,2021-07-26,6.4,6.4,6.19,6.21,318609,218313001.0,3.28,-2.97,-0.19,1.03
1202,2021-07-27,6.2,6.22,6.11,6.13,207870,140580134.0,1.77,-1.29,-0.08,0.67
1203,2021-07-28,6.12,6.2,6.11,6.15,170931,115417554.0,1.47,0.33,0.02,0.55
1204,2021-07-29,6.15,6.17,6.08,6.09,123170,82699886.0,1.46,-0.98,-0.06,0.4
1205,2021-07-30,6.08,6.09,6.01,6.05,109876,72980803.0,1.31,-0.66,-0.04,0.35
1206,2021-08-02,6.02,6.16,5.98,6.08,166440,110863376.0,2.98,0.5,0.03,0.54
1207,2021-08-03,6.07,6.11,6.02,6.09,136311,90834086.0,1.48,0.16,0.01,0.44
1208,2021-08-04,6.08,6.09,6.03,6.04,108466,72135688.0,0.99,-0.82,-0.05,0.35
1209,2021-08-05,6.04,6.14,6.03,6.07,146267,97713009.0,1.82,0.5,0.03,0.47
1210,2021-08-06,6.05,6.09,6.02,6.08,78107,51990678.0,1.15,0.16,0.01,0.25
1211,2021-08-09,6.06,6.2,6.05,6.14,192473,129945347.0,2.47,0.99,0.06,0.62
1212,2021-08-10,6.13,6.18,6.08,6.17,177169,119205176.0,1.63,0.49,0.03,0.57
1213,2021-08-11,6.15,6.23,6.14,6.19,184315,125165703.0,1.46,0.32,0.02,0.6
1214,2021-08-12,6.18,6.2,6.13,6.13,111617,75393701.0,1.13,-0.97,-0.06,0.36
1215,2021-08-13,6.12,6.15,6.11,6.13,92246,62029340.0,0.65,0.0,0.0,0.3
1216,2021-08-16,6.13,6.16,6.12,6.15,102986,69457296.0,0.65,0.33,0.02,0.33
1217,2021-08-17,6.15,6.18,6.06,6.07,159870,107607897.0,1.95,-1.3,-0.08,0.51
1218,2021-08-18,6.06,6.29,6.06,6.27,283713,192715834.0,3.79,3.29,0.2,0.91
1219,2021-08-19,6.23,6.26,6.14,6.18,164639,111761768.0,1.91,-1.44,-0.09,0.53
1220,2021-08-20,6.15,6.22,6.12,6.17,140476,94871722.0,1.62,-0.16,-0.01,0.45
1221,2021-08-23,6.15,6.21,6.14,6.16,142719,96533295.0,1.13,-0.16,-0.01,0.46
1222,2021-08-24,6.15,6.19,6.13,6.18,110424,74670641.0,0.97,0.32,0.02,0.35
1223,2021-08-25,6.17,6.21,6.15,6.17,106134,71899940.0,0.97,-0.16,-0.01,0.34
1224,2021-08-26,6.16,6.18,6.11,6.12,146940,98970361.0,1.13,-0.81,-0.05,0.47
1225,2021-08-27,6.1,6.18,6.1,6.17,138649,93627009.0,1.31,0.82,0.05,0.44
1226,2021-08-30,6.08,6.09,5.96,5.98,371837,245607132.0,2.11,-3.08,-0.19,1.19
1227,2021-08-31,5.96,6.02,5.95,6.01,172690,113661521.0,1.17,0.5,0.03,0.55
1228,2021-09-01,6.01,6.17,5.98,6.14,317234,212153083.0,3.16,2.16,0.13,1.02
1229,2021-09-02,6.14,6.2,6.11,6.18,210206,142002473.0,1.47,0.65,0.04,0.67
1230,2021-09-03,6.18,6.25,6.14,6.2,223121,151861760.0,1.78,0.32,0.02,0.71
1231,2021-09-06,6.2,6.24,6.18,6.23,184622,125777557.0,0.97,0.48,0.03,0.59
1232,2021-09-07,6.23,6.28,6.2,6.26,211148,144430940.0,1.28,0.48,0.03,0.68
1233,2021-09-08,6.26,6.34,6.25,6.31,252141,173999499.0,1.44,0.8,0.05,0.81
1234,2021-09-09,6.31,6.33,6.27,6.3,180539,124507629.0,0.95,-0.16,-0.01,0.58
1235,2021-09-10,6.29,6.46,6.29,6.37,296228,207019923.0,2.7,1.11,0.07,0.95
1236,2021-09-13,6.36,6.37,6.31,6.36,183265,127239947.0,0.94,-0.16,-0.01,0.59
1237,2021-09-14,6.37,6.37,6.22,6.23,202732,139621006.0,2.36,-2.04,-0.13,0.65
1238,2021-09-15,6.2,6.24,6.19,6.21,146628,99837764.0,0.8,-0.32,-0.02,0.47
1239,2021-09-16,6.2,6.24,6.13,6.17,162536,110449203.0,1.77,-0.64,-0.04,0.52
1240,2021-09-17,6.16,6.17,6.09,6.13,136734,92021715.0,1.3,-0.65,-0.04,0.44
1241,2021-09-22,6.03,6.05,5.99,6.04,197989,131099961.0,0.98,-1.47,-0.09,0.63
1242,2021-09-23,6.07,6.14,6.06,6.06,151402,101311987.0,1.32,0.33,0.02,0.48
1243,2021-09-24,6.07,6.09,6.03,6.05,152438,101384218.0,0.99,-0.17,-0.01,0.49
1244,2021-09-27,6.05,6.1,5.95,6.03,212730,140353629.0,2.48,-0.33,-0.02,0.68
1245,2021-09-28,6.01,6.17,6.01,6.14,257445,172491704.0,2.65,1.82,0.11,0.82
1246,2021-09-29,6.1,6.26,6.09,6.24,340656,231125902.0,2.77,1.63,0.1,1.09
1247,2021-09-30,6.24,6.25,6.14,6.14,158840,107512604.0,1.76,-1.6,-0.1,0.51
1248,2021-10-08,6.16,6.23,6.16,6.19,144470,98104727.0,1.14,0.81,0.05,0.46
1249,2021-10-11,6.19,6.3,6.19,6.26,150355,102959668.0,1.78,1.13,0.07,0.48
1250,2021-10-12,6.22,6.28,6.18,6.22,157825,107805826.0,1.6,-0.64,-0.04,0.51
1251,2021-10-13,6.23,6.25,6.15,6.23,144802,98628576.0,1.61,0.16,0.01,0.46
1252,2021-10-14,6.21,6.22,6.14,6.14,131272,88786923.0,1.28,-1.44,-0.09,0.42
1253,2021-10-15,6.14,6.17,6.12,6.15,107894,72762273.0,0.81,0.16,0.01,0.35
1254,2021-10-18,6.15,6.16,6.11,6.11,108104,72702115.0,0.81,-0.65,-0.04,0.35
1255,2021-10-19,6.11,6.15,6.1,6.14,92787,62488629.0,0.82,0.49,0.03,0.3
1256,2021-10-20,6.14,6.16,6.1,6.11,66278,44585793.0,0.98,-0.49,-0.03,0.21
1257,2021-10-21,6.14,6.25,6.13,6.25,251149,171249843.0,1.96,2.29,0.14,0.8
1258,2021-10-22,6.27,6.31,6.21,6.28,187198,128475093.0,1.6,0.48,0.03,0.6
1259,2021-10-25,6.24,6.28,6.2,6.23,135699,92716047.0,1.27,-0.8,-0.05,0.38
1260,2021-10-26,6.22,6.29,6.21,6.27,149473,102540005.0,1.28,0.64,0.04,0.42
1261,2021-10-27,6.27,6.27,6.15,6.17,159054,107900812.0,1.91,-1.59,-0.1,0.45
1262,2021-10-28,6.14,6.2,6.12,6.14,137289,92595521.0,1.3,-0.49,-0.03,0.39
1263,2021-10-29,6.14,6.17,6.12,6.15,127102,85728627.0,0.81,0.16,0.01,0.36
1264,2021-11-01,6.07,6.07,5.96,6.03,275136,182178114.0,1.79,-1.95,-0.12,0.77
1265,2021-11-02,6.02,6.04,5.9,5.92,240377,157594543.0,2.32,-1.82,-0.11,0.68
1266,2021-11-03,5.93,5.96,5.9,5.93,115392,75386878.0,1.01,0.17,0.01,0.32
1267,2021-11-04,5.94,5.95,5.89,5.92,138002,89773989.0,1.01,-0.17,-0.01,0.39
1268,2021-11-05,5.91,5.92,5.88,5.9,98650,64087477.0,0.68,-0.34,-0.02,0.28
1269,2021-11-08,5.9,5.92,5.87,5.9,80367,52203299.0,0.85,0.0,0.0,0.23
1270,2021-11-09,5.89,5.92,5.88,5.9,83323,54169930.0,0.68,0.0,0.0,0.23
1271,2021-11-10,5.89,5.91,5.86,5.9,96954,62860717.0,0.85,0.0,0.0,0.27
1272,2021-11-11,5.89,5.96,5.88,5.96,127164,83177780.0,1.36,1.02,0.06,0.36
1273,2021-11-12,5.96,5.96,5.92,5.93,71569,46761633.0,0.67,-0.5,-0.03,0.2
1274,2021-11-15,5.93,5.96,5.91,5.96,66174,43300542.0,0.84,0.51,0.03,0.19
1275,2021-11-16,5.95,5.97,5.91,5.92,84047,54967302.0,1.01,-0.67,-0.04,0.24
1276,2021-11-17,5.93,5.94,5.9,5.91,72779,47446182.0,0.68,-0.17,-0.01,0.2
1277,2021-11-18,5.9,5.92,5.89,5.9,74123,48157746.0,0.51,-0.17,-0.01,0.21
1278,2021-11-19,5.89,5.96,5.88,5.94,90939,59341038.0,1.36,0.68,0.04,0.26
1279,2021-11-22,5.93,5.94,5.91,5.91,74314,48435239.0,0.51,-0.51,-0.03,0.21
1280,2021-11-23,5.9,5.93,5.9,5.92,68085,44372162.0,0.51,0.17,0.01,0.19
1281,2021-11-24,5.91,5.95,5.9,5.94,81277,53010762.0,0.84,0.34,0.02,0.23
1282,2021-11-25,5.94,5.94,5.91,5.93,58972,38500842.0,0.51,-0.17,-0.01,0.17
1283,2021-11-26,5.93,5.93,5.89,5.9,77456,50391975.0,0.67,-0.51,-0.03,0.22
1284,2021-11-29,5.88,5.91,5.87,5.89,76241,49465769.0,0.68,-0.17,-0.01,0.21
1285,2021-11-30,5.89,5.91,5.88,5.88,62306,40457348.0,0.51,-0.17,-0.01,0.18
1286,2021-12-01,5.88,5.91,5.87,5.9,88745,57656920.0,0.68,0.34,0.02,0.25
1287,2021-12-02,5.9,5.93,5.89,5.91,100706,65574391.0,0.68,0.17,0.01,0.28
1288,2021-12-03,5.92,5.94,5.89,5.93,91159,59441582.0,0.85,0.34,0.02,0.26
1289,2021-12-06,5.94,5.99,5.92,5.92,158195,103620704.0,1.18,-0.17,-0.01,0.44
1290,2021-12-07,5.95,5.97,5.91,5.95,150219,98223922.0,1.01,0.51,0.03,0.42
1291,2021-12-08,5.96,5.96,5.92,5.94,98300,64221809.0,0.67,-0.17,-0.01,0.28
1292,2021-12-09,5.94,6.02,5.93,5.98,188994,124224350.0,1.52,0.67,0.04,0.53
1293,2021-12-10,5.96,5.98,5.93,5.95,169356,110870086.0,0.84,-0.5,-0.03,0.48
1294,2021-12-13,5.95,5.98,5.93,5.93,129652,84914657.0,0.84,-0.34,-0.02,0.36
1295,2021-12-14,5.94,5.94,5.89,5.89,123005,80035436.0,0.84,-0.67,-0.04,0.35
1296,2021-12-15,5.9,5.91,5.88,5.89,103350,67114129.0,0.51,0.0,0.0,0.29
1297,2021-12-16,5.89,5.91,5.88,5.9,97925,63644684.0,0.51,0.17,0.01,0.28
1298,2021-12-17,5.9,5.92,5.88,5.89,123119,80021722.0,0.68,-0.17,-0.01,0.35
1299,2021-12-20,5.89,5.9,5.87,5.88,144587,93751467.0,0.51,-0.17,-0.01,0.41
1300,2021-12-21,5.88,5.97,5.88,5.95,238568,155895749.0,1.53,1.19,0.07,0.67
1301,2021-12-22,5.96,5.97,5.92,5.93,114847,75058224.0,0.84,-0.34,-0.02,0.32
1302,2021-12-23,5.94,5.95,5.92,5.93,88883,58045000.0,0.51,0.0,0.0,0.25
1303,2021-12-24,5.92,5.93,5.89,5.91,119499,77755475.0,0.67,-0.34,-0.02,0.34
1304,2021-12-27,5.91,5.93,5.89,5.91,99888,64990914.0,0.68,0.0,0.0,0.28
1305,2021-12-28,5.92,5.92,5.89,5.9,83038,54013549.0,0.51,-0.17,-0.01,0.23
1306,2021-12-29,5.9,5.91,5.89,5.89,99613,64750847.0,0.34,-0.17,-0.01,0.28
1307,2021-12-30,5.9,5.92,5.89,5.92,82992,54049485.0,0.51,0.51,0.03,0.23
1308,2021-12-31,5.92,5.93,5.9,5.91,80401,52401449.0,0.51,-0.17,-0.01,0.23
1309,2022-01-04,5.92,5.97,5.91,5.96,163201,106749961.0,1.02,0.85,0.05,0.46
1310,2022-01-05,5.96,6.04,5.95,5.98,289023,190787904.0,1.51,0.34,0.02,0.81
1311,2022-01-06,5.97,6.01,5.96,5.98,151609,99895751.0,0.84,0.0,0.0,0.43
1312,2022-01-07,5.98,6.12,5.98,6.11,342126,228165909.0,2.34,2.17,0.13,0.96
1313,2022-01-10,6.13,6.2,6.11,6.16,283608,191491669.0,1.47,0.82,0.05,0.8
1314,2022-01-11,6.14,6.25,6.14,6.17,237463,161349559.0,1.79,0.16,0.01,0.67
1315,2022-01-12,6.18,6.19,6.1,6.17,208960,140973963.0,1.46,0.0,0.0,0.59
1316,2022-01-13,6.16,6.25,6.14,6.17,222678,151396686.0,1.78,0.0,0.0,0.63
1317,2022-01-14,6.16,6.18,6.04,6.06,234808,157134507.0,2.27,-1.78,-0.11,0.66
1318,2022-01-17,6.05,6.12,6.05,6.05,125741,83878564.0,1.16,-0.17,-0.01,0.35
1319,2022-01-18,6.07,6.12,6.03,6.1,181773,121477986.0,1.49,0.83,0.05,0.51
1320,2022-01-19,6.08,6.18,6.07,6.15,217347,146616987.0,1.8,0.82,0.05,0.61
1321,2022-01-20,6.13,6.23,6.13,6.19,251417,170508159.0,1.63,0.65,0.04,0.71
1322,2022-01-21,6.16,6.21,6.14,6.17,176259,119262310.0,1.13,-0.32,-0.02,0.5
1323,2022-01-24,6.15,6.18,6.09,6.12,136012,91583226.0,1.46,-0.81,-0.05,0.38
1324,2022-01-25,6.14,6.14,5.95,5.95,200013,132745670.0,3.1,-2.78,-0.17,0.56
1325,2022-01-26,5.96,6.02,5.96,5.98,141696,93284656.0,1.01,0.5,0.03,0.4
1326,2022-01-27,6.01,6.03,5.91,5.93,199599,131078592.0,2.01,-0.84,-0.05,0.56
1327,2022-01-28,5.99,5.99,5.91,5.92,164180,107482292.0,1.35,-0.17,-0.01,0.46
1328,2022-02-07,5.96,6.06,5.94,6.03,206937,136706337.0,2.03,1.86,0.11,0.58
1329,2022-02-08,6.03,6.2,6.02,6.18,266082,179268020.0,2.99,2.49,0.15,0.75
1330,2022-02-09,6.18,6.23,6.15,6.17,244162,165793078.0,1.29,-0.16,-0.01,0.69
1331,2022-02-10,6.16,6.21,6.14,6.2,141157,95712891.0,1.13,0.49,0.03,0.4
1332,2022-02-11,6.18,6.33,6.18,6.26,331621,227417304.0,2.42,0.97,0.06,0.93
1333,2022-02-14,6.25,6.26,6.12,6.14,235218,159305424.0,2.24,-1.92,-0.12,0.66
1334,2022-02-15,6.14,6.16,6.08,6.12,177513,119334990.0,1.3,-0.33,-0.02,0.5
1335,2022-02-16,6.14,6.19,6.13,6.15,143818,97176920.0,0.98,0.49,0.03,0.4
1336,2022-02-17,6.16,6.17,6.09,6.11,131711,88569023.0,1.3,-0.65,-0.04,0.37
1337,2022-02-18,6.09,6.18,6.09,6.18,142615,96103526.0,1.47,1.15,0.07,0.4
1338,2022-02-21,6.17,6.19,6.11,6.17,142248,96025275.0,1.29,-0.16,-0.01,0.4
1339,2022-02-22,6.15,6.18,6.07,6.1,170945,114881391.0,1.78,-1.13,-0.07,0.48
1340,2022-02-23,6.1,6.11,6.06,6.08,151391,101172796.0,0.82,-0.33,-0.02,0.43
1341,2022-02-24,6.07,6.08,5.94,5.97,227000,150088756.0,2.3,-1.81,-0.11,0.64
1342,2022-02-25,5.99,6.02,5.95,5.96,146154,96176547.0,1.17,-0.17,-0.01,0.41
1343,2022-02-28,5.96,5.97,5.92,5.95,151415,99033243.0,0.84,-0.17,-0.01,0.43
1344,2022-03-01,5.95,6.01,5.94,5.98,165791,108846264.0,1.18,0.5,0.03,0.47
1345,2022-03-02,5.96,6.01,5.95,5.98,109200,71871046.0,1.0,0.0,0.0,0.31
1346,2022-03-03,6.0,6.04,5.99,6.02,120058,79387761.0,0.84,0.67,0.04,0.34
1347,2022-03-04,6.01,6.01,5.93,5.95,181169,118799253.0,1.33,-1.16,-0.07,0.51
1348,2022-03-07,5.94,5.96,5.89,5.9,167233,109039027.0,1.18,-0.84,-0.05,0.47
1349,2022-03-08,5.9,5.92,5.72,5.74,277182,178177762.0,3.39,-2.71,-0.16,0.78
1350,2022-03-09,5.77,5.77,5.45,5.56,329990,205131545.0,5.57,-3.14,-0.18,0.93
1351,2022-03-10,5.63,5.67,5.57,5.58,218165,135412908.0,1.8,0.36,0.02,0.61
1352,2022-03-11,5.52,5.65,5.45,5.64,227126,139052386.0,3.58,1.08,0.06,0.64
1353,2022-03-14,5.57,5.64,5.52,5.53,163737,101328877.0,2.13,-1.95,-0.11,0.46
1354,2022-03-15,5.52,5.52,5.32,5.33,282908,170162054.0,3.62,-3.62,-0.2,0.79
1355,2022-03-16,5.38,5.5,5.29,5.48,254262,152335379.0,3.94,2.81,0.15,0.71
1356,2022-03-17,5.5,5.55,5.46,5.48,205750,125486309.0,1.64,0.0,0.0,0.58
1357,2022-03-18,5.47,5.58,5.43,5.53,203127,124243107.0,2.74,0.91,0.05,0.57
1358,2022-03-21,5.53,5.54,5.45,5.47,179830,109444956.0,1.63,-1.08,-0.06,0.51
1359,2022-03-22,5.47,5.58,5.46,5.53,247094,151387136.0,2.19,1.1,0.06,0.69
1360,2022-03-23,5.54,5.57,5.5,5.54,162370,99555158.0,1.27,0.18,0.01,0.46
1361,2022-03-24,5.53,5.6,5.5,5.52,189905,116786066.0,1.81,-0.36,-0.02,0.53
1362,2022-03-25,5.53,5.57,5.49,5.52,103332,63302700.0,1.45,0.0,0.0,0.29
1363,2022-03-28,5.51,5.65,5.45,5.58,212654,130583923.0,3.62,1.09,0.06,0.6
1364,2022-03-29,5.57,5.61,5.56,5.58,139931,86498037.0,0.9,0.0,0.0,0.39
1365,2022-03-30,5.59,5.67,5.56,5.66,187086,116361338.0,1.97,1.43,0.08,0.53
1366,2022-03-31,5.63,5.81,5.62,5.76,281262,178142095.0,3.36,1.77,0.1,0.79
1367,2022-04-01,5.73,5.89,5.73,5.89,328010,210878732.0,2.78,2.26,0.13,0.92
1368,2022-04-06,5.86,6.0,5.84,5.99,386726,253218254.0,2.72,1.7,0.1,1.09
1369,2022-04-07,5.99,6.02,5.84,5.86,363905,237461223.0,3.01,-2.17,-0.13,1.02
1370,2022-04-08,5.86,5.92,5.79,5.9,266681,172153171.0,2.22,0.68,0.04,0.75
1371,2022-04-11,5.89,5.89,5.73,5.75,205109,131418291.0,2.71,-2.54,-0.15,0.58
1372,2022-04-12,5.75,5.85,5.68,5.83,216192,137886470.0,2.96,1.39,0.08,0.61
1373,2022-04-13,5.8,5.83,5.75,5.78,183678,117400199.0,1.37,-0.86,-0.05,0.52
1374,2022-04-14,5.8,5.84,5.77,5.78,147206,94137146.0,1.21,0.0,0.0,0.41
1375,2022-04-15,5.78,5.87,5.75,5.84,195693,125582766.0,2.08,1.04,0.06,0.55
1376,2022-04-18,5.8,5.8,5.68,5.69,187426,118344872.0,2.05,-2.57,-0.15,0.53
1377,2022-04-19,5.67,5.82,5.66,5.81,189957,120594225.0,2.81,2.11,0.12,0.53
1378,2022-04-20,5.8,5.84,5.67,5.68,168987,107210915.0,2.93,-2.24,-0.13,0.47
1379,2022-04-21,5.69,5.75,5.6,5.62,233513,146832070.0,2.64,-1.06,-0.06,0.66
1380,2022-04-22,5.59,5.75,5.58,5.71,189477,119121018.0,3.02,1.6,0.09,0.53
1381,2022-04-25,5.67,5.72,5.47,5.48,266070,165082619.0,4.38,-4.03,-0.23,0.75
1382,2022-04-26,5.5,5.58,5.42,5.45,197626,120614535.0,2.92,-0.55,-0.03,0.56
1383,2022-04-27,5.42,5.46,5.34,5.44,260517,156432965.0,2.2,-0.18,-0.01,0.73
1384,2022-04-28,5.44,5.56,5.39,5.49,234607,142263620.0,3.13,0.92,0.05,0.66
1385,2022-04-29,5.48,5.58,5.43,5.55,340049,207605939.0,2.73,1.09,0.06,0.96
1386,2022-05-05,5.54,5.58,5.49,5.53,243695,149456584.0,1.62,-0.36,-0.02,0.68
1387,2022-05-06,5.48,5.48,5.39,5.39,194435,117156796.0,1.63,-2.53,-0.14,0.55
1388,2022-05-09,5.39,5.42,5.36,5.4,106129,63644539.0,1.11,0.19,0.01,0.3
1389,2022-05-10,5.38,5.47,5.34,5.46,191589,115051658.0,2.41,1.11,0.06,0.54
1390,2022-05-11,5.43,5.51,5.43,5.43,182938,111085313.0,1.47,-0.55,-0.03,0.51
1391,2022-05-12,5.42,5.47,5.4,5.42,113177,68194961.0,1.29,-0.18,-0.01,0.32
1392,2022-05-13,5.43,5.5,5.43,5.47,122372,74250440.0,1.29,0.92,0.05,0.34
1393,2022-05-16,5.49,5.5,5.42,5.46,138927,84015647.0,1.46,-0.18,-0.01,0.39
1394,2022-05-17,5.45,5.47,5.4,5.45,114949,69343361.0,1.28,-0.18,-0.01,0.32
1395,2022-05-18,5.44,5.45,5.41,5.42,110184,66431878.0,0.73,-0.55,-0.03,0.31
1396,2022-05-19,5.37,5.42,5.35,5.41,138675,82930711.0,1.29,-0.18,-0.01,0.39
1397,2022-05-20,5.41,5.47,5.4,5.46,158159,95673657.0,1.29,0.92,0.05,0.44
1398,2022-05-23,5.46,5.48,5.44,5.46,116600,70684710.0,0.73,0.0,0.0,0.33
1399,2022-05-24,5.47,5.5,5.37,5.37,200364,120920388.0,2.38,-1.65,-0.09,0.56
1400,2022-05-25,5.36,5.41,5.36,5.4,114605,68651765.0,0.93,0.56,0.03,0.32
1401,2022-05-26,5.4,5.44,5.38,5.42,144220,86683422.0,1.11,0.37,0.02,0.41
1402,2022-05-27,5.43,5.44,5.39,5.4,105637,63524444.0,0.92,-0.37,-0.02,0.3
1403,2022-05-30,5.41,5.44,5.39,5.42,155288,93351330.0,0.93,0.37,0.02,0.44
1404,2022-05-31,5.42,5.46,5.4,5.45,125510,75668143.0,1.11,0.55,0.03,0.35
1405,2022-06-01,5.47,5.47,5.44,5.46,120771,73154393.0,0.55,0.18,0.01,0.34
1406,2022-06-02,5.45,5.48,5.43,5.48,96817,58668674.0,0.92,0.37,0.02,0.27
1407,2022-06-06,5.48,5.52,5.44,5.51,174503,106084307.0,1.46,0.55,0.03,0.49
1408,2022-06-07,5.5,5.54,5.48,5.51,149475,91366140.0,1.09,0.0,0.0,0.42
1409,2022-06-08,5.51,5.53,5.48,5.52,241713,147706580.0,0.91,0.18,0.01,0.68
1410,2022-06-09,5.53,5.59,5.52,5.53,269304,157452006.0,1.27,0.18,0.01,0.76
1411,2022-06-10,5.52,5.63,5.5,5.63,239520,140456088.0,2.35,1.81,0.1,0.67
1412,2022-06-13,5.59,5.6,5.51,5.56,163965,95902029.0,1.6,-1.24,-0.07,0.46
1413,2022-06-14,5.52,5.66,5.49,5.65,214609,125703006.0,3.06,1.62,0.09,0.6
1414,2022-06-15,5.62,5.87,5.6,5.74,572841,346094480.0,4.78,1.59,0.09,1.61
1415,2022-06-16,5.73,5.74,5.63,5.64,284344,169797093.0,1.92,-1.74,-0.1,0.8
1416,2022-06-17,5.61,5.67,5.54,5.63,205246,121316257.0,2.3,-0.18,-0.01,0.58
1417,2022-06-20,5.64,5.64,5.57,5.58,128453,75772617.0,1.24,-0.89,-0.05,0.36
1418,2022-06-21,5.58,5.61,5.53,5.57,171804,101056723.0,1.43,-0.18,-0.01,0.48
1419,2022-06-22,5.57,5.58,5.51,5.52,148255,86605598.0,1.26,-0.9,-0.05,0.42
1420,2022-06-23,5.52,5.56,5.51,5.53,359468,209451536.0,0.91,0.18,0.01,1.01
1421,2022-06-24,5.52,5.54,5.5,5.51,199282,115853428.0,0.72,-0.36,-0.02,0.56
1422,2022-06-27,5.52,5.53,5.49,5.51,301207,175027394.0,0.73,0.0,0.0,0.85
1423,2022-06-28,5.5,5.54,5.49,5.54,189291,109978455.0,0.91,0.54,0.03,0.53
1424,2022-06-29,5.53,5.55,5.51,5.51,198013,115491440.0,0.72,-0.54,-0.03,0.56
1425,2022-06-30,5.51,5.53,5.5,5.51,309672,180005152.0,0.54,0.0,0.0,0.87
1426,2022-07-01,5.51,5.52,5.48,5.48,155928,90427036.0,0.73,-0.54,-0.03,0.44
1427,2022-07-04,5.49,5.49,5.43,5.45,198341,114122618.0,1.09,-0.55,-0.03,0.56
1428,2022-07-05,5.46,5.49,5.44,5.46,165616,95505361.0,0.92,0.18,0.01,0.47
1429,2022-07-06,5.46,5.47,5.39,5.41,182645,104461669.0,1.47,-0.92,-0.05,0.51
1430,2022-07-07,5.41,5.44,5.4,5.41,98589,56414367.0,0.74,0.0,0.0,0.28
1431,2022-07-08,5.42,5.44,5.4,5.41,90449,51680712.0,0.74,0.0,0.0,0.25
1432,2022-07-11,5.42,5.43,5.4,5.42,134664,76997658.0,0.55,0.18,0.01,0.38
1433,2022-07-12,5.42,5.46,5.41,5.44,166883,95850057.0,0.92,0.37,0.02,0.47
1434,2022-07-13,5.43,5.45,5.39,5.39,178364,101860797.0,1.1,-0.92,-0.05,0.5
1435,2022-07-14,5.38,5.39,5.33,5.35,238783,135078676.0,1.11,-0.74,-0.04,0.67
1436,2022-07-15,5.34,5.36,5.24,5.25,192281,107790994.0,2.24,-1.87,-0.1,0.54
1437,2022-07-18,5.26,5.31,5.25,5.29,155804,87130750.0,1.14,0.76,0.04,0.44
1438,2022-07-19,5.3,5.34,5.28,5.32,142338,79868396.0,1.13,0.57,0.03,0.4
1439,2022-07-20,5.32,5.39,5.32,5.38,136850,77578333.0,1.32,1.13,0.06,0.38
1440,2022-07-21,5.38,5.39,5.33,5.33,113848,64397750.0,1.12,-0.93,-0.05,0.32
1441,2022-07-22,5.34,5.37,5.29,5.32,119523,67228617.0,1.5,-0.19,-0.01,0.34
1442,2022-07-25,5.33,5.37,5.32,5.33,86849,48983627.0,0.94,0.19,0.01,0.24
1443,2022-07-26,5.33,5.38,5.32,5.36,96379,54517433.0,1.13,0.56,0.03,0.27
1444,2022-07-27,5.36,5.37,5.33,5.34,68494,38699416.0,0.75,-0.37,-0.02,0.19
1445,2022-07-28,5.35,5.38,5.34,5.35,92838,52589721.0,0.75,0.19,0.01,0.26
1446,2022-07-29,5.36,5.37,5.3,5.3,82632,46517158.0,1.31,-0.93,-0.05,0.23
1447,2022-08-01,5.31,5.32,5.28,5.29,90977,50861066.0,0.75,-0.19,-0.01,0.26
1448,2022-08-02,5.27,5.27,5.09,5.16,245508,134142570.0,3.4,-2.46,-0.13,0.69
1449,2022-08-03,5.15,5.2,5.11,5.12,136355,74400626.0,1.74,-0.78,-0.04,0.38
1450,2022-08-04,5.13,5.16,5.1,5.14,101224,55002591.0,1.17,0.39,0.02,0.28
1451,2022-08-05,5.14,5.22,5.11,5.21,123501,67475598.0,2.14,1.36,0.07,0.35
1452,2022-08-08,5.21,5.23,5.19,5.2,88597,48811560.0,0.77,-0.19,-0.01,0.25
1453,2022-08-09,5.2,5.21,5.17,5.18,67684,37128873.0,0.77,-0.38,-0.02,0.19
1454,2022-08-10,5.18,5.2,5.13,5.15,69077,37696796.0,1.35,-0.58,-0.03,0.19
1455,2022-08-11,5.18,5.27,5.17,5.27,172894,95475302.0,1.94,2.33,0.12,0.49
1456,2022-08-12,5.25,5.31,5.24,5.28,122562,68398833.0,1.33,0.19,0.01,0.34
1457,2022-08-15,5.28,5.29,5.23,5.23,95432,52978484.0,1.14,-0.95,-0.05,0.27
1458,2022-08-16,5.24,5.26,5.22,5.24,62792,34784737.0,0.76,0.19,0.01,0.18
1459,2022-08-17,5.25,5.28,5.22,5.27,97740,54328523.0,1.15,0.57,0.03,0.27
1460,2022-08-18,5.26,5.27,5.22,5.23,71427,39535401.0,0.95,-0.76,-0.04,0.2
1461,2022-08-19,5.24,5.27,5.22,5.24,84125,46703741.0,0.96,0.19,0.01,0.24
1462,2022-08-22,5.24,5.27,5.23,5.24,86440,47955729.0,0.76,0.0,0.0,0.24
1463,2022-08-23,5.25,5.25,5.21,5.24,95243,52663580.0,0.76,0.0,0.0,0.27
1464,2022-08-24,5.23,5.27,5.19,5.19,114485,63322382.0,1.53,-0.95,-0.05,0.32
1465,2022-08-25,5.22,5.25,5.19,5.25,130094,71823507.0,1.16,1.16,0.06,0.36
1466,2022-08-26,5.25,5.27,5.22,5.25,88739,49232917.0,0.95,0.0,0.0,0.25
1467,2022-08-29,5.21,5.24,5.17,5.23,156887,86377573.0,1.33,-0.38,-0.02,0.44
1468,2022-08-30,5.22,5.3,5.22,5.3,180676,100692237.0,1.53,1.34,0.07,0.51
1469,2022-08-31,5.28,5.33,5.25,5.29,167920,93897434.0,1.51,-0.19,-0.01,0.47
1470,2022-09-01,5.29,5.34,5.28,5.33,141204,79330650.0,1.13,0.76,0.04,0.4
1471,2022-09-02,5.32,5.34,5.3,5.32,139129,78319889.0,0.75,-0.19,-0.01,0.39
1472,2022-09-05,5.31,5.35,5.29,5.34,90218,50681437.0,1.13,0.38,0.02,0.25
1473,2022-09-06,5.35,5.38,5.32,5.33,112020,63196672.0,1.12,-0.19,-0.01,0.31
1474,2022-09-07,5.33,5.33,5.3,5.32,104631,58714972.0,0.56,-0.19,-0.01,0.29
1475,2022-09-08,5.32,5.35,5.3,5.34,88302,49732709.0,0.94,0.38,0.02,0.25
1476,2022-09-09,5.33,5.4,5.32,5.38,152634,86683317.0,1.5,0.75,0.04,0.43
1477,2022-09-13,5.39,5.43,5.37,5.38,110128,62754990.0,1.12,0.0,0.0,0.31
1478,2022-09-14,5.34,5.38,5.33,5.36,100830,56987505.0,0.93,-0.37,-0.02,0.28
1479,2022-09-15,5.36,5.43,5.35,5.37,166380,94653959.0,1.49,0.19,0.01,0.47
1480,2022-09-16,5.36,5.38,5.22,5.22,162178,90732618.0,2.98,-2.79,-0.15,0.45
1481,2022-09-19,5.23,5.27,5.21,5.23,110794,61297436.0,1.15,0.19,0.01,0.31
1482,2022-09-20,5.25,5.27,5.19,5.2,82075,45307573.0,1.53,-0.57,-0.03,0.23
1483,2022-09-21,5.19,5.3,5.16,5.28,126414,69892438.0,2.69,1.54,0.08,0.35
1484,2022-09-22,5.26,5.29,5.22,5.27,105697,58752815.0,1.33,-0.19,-0.01,0.3
1485,2022-09-23,5.26,5.33,5.25,5.3,118674,66392844.0,1.52,0.57,0.03,0.33
1486,2022-09-26,5.27,5.31,5.2,5.21,142214,79032654.0,2.08,-1.7,-0.09,0.4
1487,2022-09-27,5.22,5.24,5.17,5.24,115486,63624781.0,1.34,0.58,0.03,0.32
1488,2022-09-28,5.22,5.27,5.17,5.2,139065,76654033.0,1.91,-0.76,-0.04,0.39
1489,2022-09-29,5.21,5.24,5.11,5.12,137423,75056903.0,2.5,-1.54,-0.08,0.39
1490,2022-09-30,5.13,5.16,5.1,5.12,115275,62558091.0,1.17,0.0,0.0,0.32
1491,2022-10-10,5.14,5.19,5.08,5.09,198884,108144907.0,2.15,-0.59,-0.03,0.56
1492,2022-10-11,5.09,5.13,5.07,5.08,187867,101343569.0,1.18,-0.2,-0.01,0.53
1493,2022-10-12,5.08,5.16,5.03,5.14,252119,135459235.0,2.56,1.18,0.06,0.71
1494,2022-10-13,5.11,5.14,5.05,5.09,192203,103697959.0,1.75,-0.97,-0.05,0.54
1495,2022-10-14,5.12,5.17,5.11,5.13,209564,114029480.0,1.18,0.79,0.04,0.59
1496,2022-10-17,5.11,5.16,5.08,5.13,171584,93060408.0,1.56,0.0,0.0,0.48
1497,2022-10-18,5.15,5.16,5.1,5.12,142391,77342723.0,1.17,-0.19,-0.01,0.4
1498,2022-10-19,5.13,5.13,5.07,5.07,107015,57749319.0,1.17,-0.98,-0.05,0.3
1499,2022-10-20,5.07,5.16,5.05,5.09,291067,157095656.0,2.17,0.39,0.02,0.82
1500,2022-10-21,5.11,5.13,5.06,5.08,118850,64099195.0,1.38,-0.2,-0.01,0.33
1501,2022-10-24,5.09,5.12,4.94,4.96,238003,126433439.0,3.54,-2.36,-0.12,0.67
1502,2022-10-25,4.96,4.98,4.91,4.93,135508,70969037.0,1.41,-0.6,-0.03,0.38
1503,2022-10-26,4.94,4.99,4.92,4.94,135698,71262936.0,1.42,0.2,0.01,0.38
1504,2022-10-27,4.95,4.96,4.92,4.94,103893,54472172.0,0.81,0.0,0.0,0.29
1505,2022-10-28,4.92,4.94,4.83,4.84,151402,78614333.0,2.23,-2.02,-0.1,0.42
1506,2022-10-31,4.86,4.94,4.83,4.91,172329,89425355.0,2.27,1.45,0.07,0.48
1507,2022-11-01,4.89,5.0,4.89,5.0,166981,87734840.0,2.24,1.83,0.09,0.47
1508,2022-11-02,4.99,5.0,4.95,5.0,110201,58118322.0,1.0,0.0,0.0,0.31
1509,2022-11-03,4.97,4.98,4.91,4.94,100033,52483235.0,1.4,-1.2,-0.06,0.28
1510,2022-11-04,4.94,5.01,4.94,5.0,118403,62610393.0,1.42,1.21,0.06,0.33
1511,2022-11-07,4.98,5.02,4.98,5.01,133137,70495600.0,0.8,0.2,0.01,0.37
1512,2022-11-08,5.0,5.01,4.96,4.99,86001,45459668.0,1.0,-0.4,-0.02,0.24
1513,2022-11-09,4.98,5.01,4.97,4.99,65058,34449079.0,0.8,0.0,0.0,0.18
1514,2022-11-10,4.98,5.02,4.96,5.01,80336,42500498.0,1.2,0.4,0.02,0.23
1515,2022-11-11,5.06,5.14,5.03,5.1,243105,130854692.0,2.2,1.8,0.09,0.68
1516,2022-11-14,5.12,5.2,5.11,5.13,213170,116247418.0,1.76,0.59,0.03,0.6
1517,2022-11-15,5.12,5.19,5.1,5.16,156460,85332920.0,1.75,0.58,0.03,0.44
1518,2022-11-16,5.16,5.17,5.11,5.13,127715,69334538.0,1.16,-0.58,-0.03,0.36
1519,2022-11-17,5.11,5.13,5.09,5.12,96121,52026439.0,0.78,-0.19,-0.01,0.27
1520,2022-11-18,5.13,5.16,5.09,5.1,134364,72730549.0,1.37,-0.39,-0.02,0.38
1521,2022-11-21,5.1,5.1,5.05,5.08,110290,59238006.0,0.98,-0.39,-0.02,0.31
1522,2022-11-22,5.07,5.18,5.07,5.14,161389,87700920.0,2.17,1.18,0.06,0.45
1523,2022-11-23,5.15,5.26,5.14,5.19,246868,136100014.0,2.33,0.97,0.05,0.69
1524,2022-11-24,5.22,5.23,5.16,5.18,146608,80472894.0,1.35,-0.19,-0.01,0.41
1525,2022-11-25,5.18,5.3,5.16,5.29,231229,128622844.0,2.7,2.12,0.11,0.65
1526,2022-11-28,5.26,5.27,5.16,5.23,205329,113146792.0,2.08,-1.13,-0.06,0.58
1527,2022-11-29,5.25,5.45,5.24,5.37,392286,221589061.0,4.02,2.68,0.14,1.1
1528,2022-11-30,5.35,5.42,5.33,5.37,220348,125096014.0,1.68,0.0,0.0,0.62
1529,2022-12-01,5.41,5.42,5.31,5.32,188585,106680596.0,2.05,-0.93,-0.05,0.53
1530,2022-12-02,5.33,5.34,5.27,5.3,120834,67617641.0,1.32,-0.38,-0.02,0.34
1531,2022-12-05,5.32,5.43,5.32,5.4,238185,135377265.0,2.08,1.89,0.1,0.67
1532,2022-12-06,5.39,5.43,5.38,5.42,164362,93821335.0,0.93,0.37,0.02,0.46
1533,2022-12-07,5.42,5.45,5.36,5.37,150319,85626364.0,1.66,-0.92,-0.05,0.42
1534,2022-12-08,5.36,5.44,5.36,5.42,170687,97377261.0,1.49,0.93,0.05,0.48
1535,2022-12-09,5.42,5.45,5.38,5.41,171067,97658873.0,1.29,-0.18,-0.01,0.48
1536,2022-12-12,5.39,5.4,5.3,5.31,148813,84011886.0,1.85,-1.85,-0.1,0.42
1537,2022-12-13,5.33,5.37,5.32,5.35,89880,50735195.0,0.94,0.75,0.04,0.25
1538,2022-12-14,5.35,5.36,5.29,5.33,108705,61150094.0,1.31,-0.37,-0.02,0.3
1539,2022-12-15,5.32,5.35,5.27,5.28,96490,54044062.0,1.5,-0.94,-0.05,0.27
1540,2022-12-16,5.27,5.34,5.26,5.32,122463,68688327.0,1.52,0.76,0.04,0.34
1541,2022-12-19,5.3,5.33,5.19,5.21,122510,68059709.0,2.63,-2.07,-0.11,0.34
1542,2022-12-20,5.2,5.25,5.15,5.17,100931,55474331.0,1.92,-0.77,-0.04,0.28
1543,2022-12-21,5.18,5.2,5.14,5.14,241783,132200228.0,1.16,-0.58,-0.03,0.68
1544,2022-12-22,5.17,5.22,5.12,5.15,127321,69734842.0,1.95,0.19,0.01,0.36
1545,2022-12-23,5.13,5.17,5.08,5.1,103908,56305687.0,1.75,-0.97,-0.05,0.29
1546,2022-12-26,5.1,5.14,5.08,5.1,108453,58643171.0,1.18,0.0,0.0,0.3
1547,2022-12-27,5.13,5.18,5.12,5.14,98244,53542792.0,1.18,0.78,0.04,0.28
1548,2022-12-28,5.14,5.24,5.14,5.21,118701,65235744.0,1.95,1.36,0.07,0.33
1549,2022-12-29,5.2,5.2,5.13,5.18,84887,46381400.0,1.34,-0.58,-0.03,0.24
1550,2022-12-30,5.19,5.22,5.16,5.19,72798,39972530.0,1.16,0.19,0.01,0.2
1551,2023-01-03,5.2,5.21,5.14,5.19,138868,76064798.0,1.35,0.0,0.0,0.39
1552,2023-01-04,5.19,5.29,5.18,5.27,203956,113387969.0,2.12,1.54,0.08,0.57
1553,2023-01-05,5.28,5.3,5.23,5.25,115602,64269473.0,1.33,-0.38,-0.02,0.32
1554,2023-01-06,5.25,5.26,5.21,5.24,92801,51325292.0,0.95,-0.19,-0.01,0.26
1555,2023-01-09,5.26,5.27,5.23,5.23,92602,51349292.0,0.76,-0.19,-0.01,0.26
1556,2023-01-10,5.23,5.25,5.18,5.18,64705,35619695.0,1.34,-0.96,-0.05,0.18
1557,2023-01-11,5.19,5.22,5.17,5.2,89180,49005252.0,0.97,0.39,0.02,0.25
1558,2023-01-12,5.2,5.2,5.13,5.17,87100,47555344.0,1.35,-0.58,-0.03,0.24
1559,2023-01-13,5.17,5.23,5.17,5.23,88505,48652100.0,1.16,1.16,0.06,0.25
1560,2023-01-16,5.23,5.31,5.18,5.27,163208,90952405.0,2.49,0.76,0.04,0.46
1561,2023-01-17,5.27,5.27,5.22,5.25,92258,51122887.0,0.95,-0.38,-0.02,0.26
1562,2023-01-18,5.23,5.32,5.23,5.28,117842,65747503.0,1.71,0.57,0.03,0.33
1563,2023-01-19,5.28,5.32,5.24,5.3,104767,58472010.0,1.52,0.38,0.02,0.29
1564,2023-01-20,5.31,5.32,5.28,5.31,120500,67466212.0,0.75,0.19,0.01,0.34
1565,2023-01-30,5.35,5.35,5.27,5.28,170492,95634067.0,1.51,-0.56,-0.03,0.48
1566,2023-01-31,5.28,5.3,5.26,5.27,106234,59227012.0,0.76,-0.19,-0.01,0.3
1567,2023-02-01,5.28,5.3,5.25,5.3,149540,83368732.0,0.95,0.57,0.03,0.42
1568,2023-02-02,5.29,5.3,5.26,5.27,124454,69409343.0,0.75,-0.57,-0.03,0.35
1569,2023-02-03,5.27,5.28,5.22,5.24,135454,75101395.0,1.14,-0.57,-0.03,0.38
1570,2023-02-06,5.23,5.23,5.2,5.21,122111,67359400.0,0.57,-0.57,-0.03,0.34
1571,2023-02-07,5.21,5.23,5.21,5.23,118687,65500417.0,0.38,0.38,0.02,0.33
1572,2023-02-08,5.23,5.24,5.2,5.21,115057,63495948.0,0.76,-0.38,-0.02,0.32
1573,2023-02-09,5.21,5.26,5.2,5.25,109727,60766369.0,1.15,0.77,0.04,0.31
1574,2023-02-10,5.26,5.33,5.23,5.32,244941,136680920.0,1.9,1.33,0.07,0.69
1575,2023-02-13,5.32,5.32,5.27,5.29,177719,99443913.0,0.94,-0.56,-0.03,0.5
1576,2023-02-14,5.29,5.35,5.29,5.32,181870,102233297.0,1.13,0.57,0.03,0.51
1577,2023-02-15,5.32,5.32,5.28,5.29,147017,82242477.0,0.75,-0.56,-0.03,0.41
1578,2023-02-16,5.29,5.37,5.25,5.28,290648,163589496.0,2.27,-0.19,-0.01,0.81
1579,2023-02-17,5.26,5.3,5.25,5.27,138270,77076976.0,0.95,-0.19,-0.01,0.39
1580,2023-02-20,5.27,5.36,5.26,5.34,227762,128094672.0,1.9,1.33,0.07,0.64
1581,2023-02-21,5.35,5.37,5.32,5.36,183161,103405519.0,0.94,0.37,0.02,0.51
1582,2023-02-22,5.34,5.37,5.33,5.34,116619,65842700.0,0.75,-0.37,-0.02,0.33
1583,2023-02-23,5.36,5.39,5.34,5.38,193269,109505369.0,0.94,0.75,0.04,0.54
1584,2023-02-24,5.38,5.38,5.32,5.35,115063,64968705.0,1.12,-0.56,-0.03,0.32
1585,2023-02-27,5.35,5.36,5.31,5.32,108127,60902766.0,0.93,-0.56,-0.03,0.3
1586,2023-02-28,5.33,5.34,5.3,5.33,94731,53278761.0,0.75,0.19,0.01,0.27
1587,2023-03-01,5.35,5.38,5.32,5.33,381533,215198502.0,1.13,0.0,0.0,1.07
1588,2023-03-02,5.33,5.36,5.32,5.35,199275,112407502.0,0.75,0.38,0.02,0.56
1589,2023-03-03,5.35,5.42,5.34,5.41,268616,152556405.0,1.5,1.12,0.06,0.75
1590,2023-03-06,5.41,5.43,5.37,5.37,213439,121477319.0,1.11,-0.74,-0.04,0.6
1591,2023-03-07,5.38,5.48,5.36,5.38,420386,240728656.0,2.23,0.19,0.01,1.18
1592,2023-03-08,5.36,5.37,5.32,5.35,210999,119042627.0,0.93,-0.56,-0.03,0.59
1593,2023-03-09,5.35,5.38,5.33,5.34,165714,93668398.0,0.93,-0.19,-0.01,0.46
1594,2023-03-10,5.32,5.33,5.25,5.26,213733,119354181.0,1.5,-1.5,-0.08,0.6
1595,2023-03-13,5.24,5.27,5.22,5.25,154611,85726900.0,0.95,-0.19,-0.01,0.43
1596,2023-03-14,5.22,5.25,5.17,5.18,179641,98936762.0,1.52,-1.33,-0.07,0.5
1597,2023-03-15,5.22,5.26,5.21,5.23,146981,81361825.0,0.97,0.97,0.05,0.41
1598,2023-03-16,5.22,5.31,5.21,5.26,212123,118172321.0,1.91,0.57,0.03,0.59
1599,2023-03-17,5.28,5.32,5.25,5.28,166204,92859950.0,1.33,0.38,0.02,0.47
1600,2023-03-20,5.28,5.32,5.24,5.24,176119,98202718.0,1.52,-0.76,-0.04,0.49
1601,2023-03-21,5.26,5.29,5.24,5.28,150707,83910567.0,0.95,0.76,0.04,0.42
1602,2023-03-22,5.28,5.32,5.26,5.3,117394,65662857.0,1.14,0.38,0.02,0.33
1603,2023-03-23,5.29,5.33,5.27,5.31,131031,73411079.0,1.13,0.19,0.01,0.37
1604,2023-03-24,5.3,5.35,5.3,5.3,174005,97857986.0,0.94,-0.19,-0.01,0.49
1605,2023-03-27,5.3,5.32,5.24,5.26,141096,78606853.0,1.51,-0.75,-0.04,0.4
1606,2023-03-28,5.26,5.3,5.24,5.28,118690,66166415.0,1.14,0.38,0.02,0.33
1607,2023-03-29,5.28,5.3,5.22,5.22,134817,74716487.0,1.52,-1.14,-0.06,0.38
1608,2023-03-30,5.23,5.26,5.18,5.24,147599,81394673.0,1.53,0.38,0.02,0.41
1609,2023-03-31,5.24,5.26,5.2,5.21,158604,87592353.0,1.15,-0.57,-0.03,0.44
1610,2023-04-03,5.21,5.24,5.19,5.22,198321,109393509.0,0.96,0.19,0.01,0.56
1611,2023-04-04,5.21,5.24,5.2,5.23,176827,97615379.0,0.77,0.19,0.01,0.5
1612,2023-04-06,5.23,5.23,5.18,5.19,142725,78486352.0,0.96,-0.76,-0.04,0.4
1613,2023-04-07,5.19,5.21,5.18,5.19,103390,56831598.0,0.58,0.0,0.0,0.29
1614,2023-04-10,5.2,5.2,5.16,5.17,169206,92644179.0,0.77,-0.39,-0.02,0.47
1615,2023-04-11,5.17,5.18,5.12,5.14,202412,110160012.0,1.16,-0.58,-0.03,0.57
1616,2023-04-12,5.14,5.17,5.13,5.16,185420,101091309.0,0.78,0.39,0.02,0.52
1617,2023-04-13,5.17,5.21,5.13,5.19,196947,107786093.0,1.55,0.58,0.03,0.55
1618,2023-04-14,5.19,5.22,5.17,5.18,169000,92809169.0,0.96,-0.19,-0.01,0.47
1619,2023-04-17,5.19,5.2,5.14,5.18,736923,403401991.0,1.16,0.0,0.0,2.06
1620,2023-04-18,5.17,5.27,5.16,5.25,544964,301545314.0,2.12,1.35,0.07,1.53
1621,2023-04-19,5.25,5.36,5.23,5.3,517627,289404921.0,2.48,0.95,0.05,1.45
1622,2023-04-20,5.31,5.35,5.26,5.34,415004,232489307.0,1.7,0.75,0.04,1.16
1623,2023-04-21,5.33,5.37,5.25,5.25,320252,179394332.0,2.25,-1.69,-0.09,0.9
1624,2023-04-24,5.25,5.3,5.23,5.24,228264,126877234.0,1.33,-0.19,-0.01,0.64
1625,2023-04-25,5.24,5.31,5.23,5.3,343592,191746437.0,1.53,1.15,0.06,0.96
1626,2023-04-26,5.29,5.29,5.18,5.25,333742,184399205.0,2.08,-0.94,-0.05,0.94
1627,2023-04-27,5.25,5.32,5.24,5.29,301847,168295146.0,1.52,0.76,0.04,0.85
1628,2023-04-28,5.29,5.36,5.29,5.35,295275,166211932.0,1.32,1.13,0.06,0.83
1629,2023-05-04,5.32,5.56,5.3,5.55,897457,516947103.0,4.86,3.74,0.2,2.51
1630,2023-05-05,5.55,5.67,5.54,5.57,683300,402413700.0,2.34,0.36,0.02,1.91
1631,2023-05-08,5.56,5.82,5.56,5.75,992645,597146842.0,4.67,3.23,0.18,2.78
1632,2023-05-09,5.82,5.99,5.76,5.78,1187433,730765582.0,4.0,0.52,0.03,3.33
1633,2023-05-10,5.79,5.85,5.67,5.7,616255,372474877.0,3.11,-1.38,-0.08,1.73
1634,2023-05-11,5.72,5.76,5.66,5.67,329198,197591803.0,1.75,-0.53,-0.03,0.92
1635,2023-05-12,5.7,5.72,5.63,5.64,256376,153078959.0,1.59,-0.53,-0.03,0.72
1636,2023-05-15,5.64,5.67,5.51,5.66,391673,230645678.0,2.84,0.35,0.02,1.1
1637,2023-05-16,5.66,5.7,5.59,5.62,277271,164758810.0,1.94,-0.71,-0.04,0.78
1638,2023-05-17,5.59,5.64,5.57,5.6,171403,101227263.0,1.25,-0.36,-0.02,0.48
1639,2023-05-18,5.62,5.69,5.61,5.64,244974,145813338.0,1.43,0.71,0.04,0.69
1640,2023-05-19,5.62,5.63,5.53,5.54,233612,137030936.0,1.77,-1.77,-0.1,0.65
1641,2023-05-22,5.54,5.57,5.51,5.53,164933,96301503.0,1.08,-0.18,-0.01,0.46
1642,2023-05-23,5.54,5.56,5.44,5.44,223597,129534508.0,2.17,-1.63,-0.09,0.63
1643,2023-05-24,5.44,5.44,5.36,5.36,241831,137627325.0,1.47,-1.47,-0.08,0.68
1644,2023-05-25,5.35,5.39,5.33,5.37,192425,108909675.0,1.12,0.19,0.01,0.54
1645,2023-05-26,5.36,5.4,5.33,5.39,127675,72352278.0,1.3,0.37,0.02,0.36
1646,2023-05-29,5.4,5.42,5.35,5.37,171160,97231949.0,1.3,-0.37,-0.02,0.48
1647,2023-05-30,5.36,5.38,5.31,5.37,163551,92343897.0,1.3,0.0,0.0,0.46
1648,2023-05-31,5.35,5.36,5.32,5.35,157872,88956537.0,0.74,-0.37,-0.02,0.44
1649,2023-06-01,5.36,5.38,5.3,5.32,261399,147333584.0,1.5,-0.56,-0.03,0.73
1650,2023-06-02,5.34,5.37,5.32,5.36,189584,107231131.0,0.94,0.75,0.04,0.53
1651,2023-06-05,5.36,5.41,5.34,5.38,213909,121436383.0,1.31,0.37,0.02,0.6
1652,2023-06-06,5.37,5.42,5.33,5.35,207787,118125077.0,1.67,-0.56,-0.03,0.58
1653,2023-06-07,5.35,5.4,5.34,5.37,270478,153503530.0,1.12,0.37,0.02,0.76
1654,2023-06-08,5.4,5.48,5.39,5.46,464198,252368195.0,1.68,1.68,0.09,1.3
1655,2023-06-09,5.44,5.46,5.42,5.42,280370,152454007.0,0.73,-0.73,-0.04,0.79
1656,2023-06-12,5.43,5.44,5.37,5.38,230021,124042663.0,1.29,-0.74,-0.04,0.64
1657,2023-06-13,5.38,5.4,5.35,5.37,151887,81649492.0,0.93,-0.19,-0.01,0.43
1658,2023-06-14,5.39,5.39,5.31,5.32,207336,110903254.0,1.49,-0.93,-0.05,0.58
1659,2023-06-15,5.33,5.35,5.29,5.32,176404,93771516.0,1.13,0.0,0.0,0.49
1660,2023-06-16,5.33,5.34,5.3,5.31,185797,98738584.0,0.75,-0.19,-0.01,0.52
1661,2023-06-19,5.3,5.31,5.2,5.21,278646,146026691.0,2.07,-1.88,-0.1,0.78
1662,2023-06-20,5.21,5.22,5.15,5.16,272490,141288321.0,1.34,-0.96,-0.05,0.76
1663,2023-06-21,5.17,5.19,5.09,5.1,364185,187221687.0,1.94,-1.16,-0.06,1.02
1664,2023-06-26,5.1,5.11,5.04,5.05,241115,121976817.0,1.37,-0.98,-0.05,0.68
1665,2023-06-27,5.06,5.13,5.05,5.12,176908,90176362.0,1.58,1.39,0.07,0.5
1666,2023-06-28,5.12,5.13,5.08,5.11,131530,67177054.0,0.98,-0.2,-0.01,0.37
1667,2023-06-29,5.1,5.13,5.09,5.11,99634,50925068.0,0.78,0.0,0.0,0.28
1668,2023-06-30,5.11,5.17,5.1,5.16,146100,75191737.0,1.37,0.98,0.05,0.41
1669,2023-07-03,5.16,5.25,5.16,5.23,201360,104848254.0,1.74,1.36,0.07,0.56
1670,2023-07-04,5.22,5.22,5.17,5.19,132194,68675589.0,0.96,-0.76,-0.04,0.37
1671,2023-07-05,5.19,5.21,5.17,5.19,85792,44550556.0,0.77,0.0,0.0,0.24
1672,2023-07-06,5.19,5.2,5.16,5.17,87907,45544499.0,0.77,-0.39,-0.02,0.25
1673,2023-07-07,5.17,5.22,5.16,5.19,113005,58673790.0,1.16,0.39,0.02,0.32
1674,2023-07-10,5.2,5.21,5.17,5.19,98128,50899949.0,0.77,0.0,0.0,0.27
1675,2023-07-11,5.2,5.23,5.18,5.22,107650,56074698.0,0.96,0.58,0.03,0.3
1676,2023-07-12,5.22,5.25,5.19,5.19,119219,62274817.0,1.15,-0.57,-0.03,0.33
1677,2023-07-13,5.21,5.27,5.2,5.26,137844,72307207.0,1.35,1.35,0.07,0.39
1678,2023-07-14,5.26,5.27,5.23,5.25,78840,41404535.0,0.76,-0.19,-0.01,0.22
1679,2023-07-17,5.26,5.26,5.22,5.25,85935,44986024.0,0.76,0.0,0.0,0.24
1680,2023-07-18,5.25,5.26,5.21,5.24,100899,52841472.0,0.95,-0.19,-0.01,0.28
1681,2023-07-19,5.24,5.29,5.23,5.29,139221,73302117.0,1.15,0.95,0.05,0.39
1682,2023-07-20,5.29,5.3,5.26,5.28,133626,70589944.0,0.76,-0.19,-0.01,0.37
1683,2023-07-21,5.28,5.3,5.26,5.28,130599,69002518.0,0.76,0.0,0.0,0.37
1684,2023-07-24,5.28,5.31,5.26,5.3,119719,63382809.0,0.95,0.38,0.02,0.34
1685,2023-07-25,5.35,5.38,5.32,5.37,265397,142131023.0,1.13,1.32,0.07,0.74
1686,2023-07-26,5.36,5.38,5.35,5.38,152353,81756487.0,0.56,0.19,0.01,0.43
1687,2023-07-27,5.38,5.45,5.38,5.41,183452,99312433.0,1.3,0.56,0.03,0.51
1688,2023-07-28,5.4,5.58,5.39,5.57,471166,259737319.0,3.51,2.96,0.16,1.32
1689,2023-07-31,5.6,5.71,5.59,5.68,573833,325040652.0,2.15,1.97,0.11,1.61
1690,2023-08-01,5.69,5.8,5.66,5.74,556831,319601713.0,2.46,1.06,0.06,1.56
1691,2023-08-02,5.71,5.77,5.64,5.66,386436,220142611.0,2.26,-1.39,-0.08,1.08
1692,2023-08-03,5.67,5.76,5.63,5.73,295545,168334376.0,2.3,1.24,0.07,0.83
1693,2023-08-04,5.75,5.83,5.73,5.75,459794,265595518.0,1.75,0.35,0.02,1.29
1694,2023-08-07,5.72,5.74,5.68,5.7,301490,172222144.0,1.04,-0.87,-0.05,0.84
1695,2023-08-08,5.74,5.74,5.67,5.71,174843,99768310.0,1.23,0.18,0.01,0.49
1696,2023-08-09,5.68,5.74,5.67,5.73,188695,107829626.0,1.23,0.35,0.02,0.53
1697,2023-08-10,5.72,5.75,5.67,5.72,155004,88447511.0,1.4,-0.17,-0.01,0.43
1698,2023-08-11,5.71,5.71,5.59,5.61,271910,153378363.0,2.1,-1.92,-0.11,0.76
1699,2023-08-14,5.58,5.61,5.54,5.57,216265,120498298.0,1.25,-0.71,-0.04,0.61
1700,2023-08-15,5.6,5.66,5.58,5.64,195224,109843743.0,1.44,1.26,0.07,0.55
1701,2023-08-16,5.62,5.83,5.59,5.79,483767,277863117.0,4.26,2.66,0.15,1.36
1702,2023-08-17,5.76,5.77,5.62,5.66,373127,212081325.0,2.59,-2.25,-0.13,1.05
1703,2023-08-18,5.67,5.83,5.65,5.78,516206,298453677.0,3.18,2.12,0.12,1.45
1704,2023-08-21,5.81,5.85,5.71,5.73,423040,244390359.0,2.42,-0.87,-0.05,1.19
1705,2023-08-22,5.75,5.77,5.65,5.7,325012,185099539.0,2.09,-0.52,-0.03,0.91
1706,2023-08-23,5.68,5.74,5.65,5.66,240120,136562984.0,1.58,-0.7,-0.04,0.67
