,日期,开盘,最高,最低,收盘,成交量,成交额,振幅,涨跌幅,涨跌额,换手率
0,2015-07-20,4.7,4.7,4.7,4.7,5000,2150000.0,0.0,-56.48,-6.1,1.4
1,2015-07-22,4.7,4.7,4.7,4.7,10500,4515000.0,0.0,0.0,0.0,2.95
2,2015-07-27,4.7,4.7,4.7,4.7,7500,3225000.0,0.0,0.0,0.0,2.11
3,2015-08-06,4.31,4.31,4.31,4.31,2300,899300.0,0.0,-8.3,-0.39,0.65
4,2015-08-21,5.6,5.7,5.56,5.56,160,83440.0,3.25,29.0,1.25,0.04
5,2015-08-24,5.65,5.65,5.58,5.58,20,10430.0,1.26,0.36,0.02,0.01
6,2015-08-27,5.7,5.7,5.7,5.7,30,15900.0,0.0,2.15,0.12,0.01
7,2015-08-28,5.7,5.7,5.6,5.69,40,21030.0,1.75,-0.18,-0.01,0.01
8,2015-08-31,5.7,5.8,5.7,5.8,20,10700.0,1.76,1.93,0.11,0.01
9,2015-09-07,5.7,5.71,5.63,5.71,1430,753950.0,1.38,-1.55,-0.09,0.4
10,2015-09-08,5.76,5.85,5.76,5.85,920,497550.0,1.58,2.45,0.14,0.26
11,2015-09-09,5.88,5.92,5.88,5.92,500,275000.0,0.68,1.2,0.07,0.14
12,2015-09-10,5.96,6.0,5.95,6.0,360,200800.0,0.84,1.35,0.08,0.1
13,2015-09-11,6.0,6.08,5.99,6.03,580,326300.0,1.5,0.5,0.03,0.16
14,2015-09-14,6.03,6.11,6.03,6.03,170,95790.0,1.33,0.0,0.0,0.05
15,2015-09-15,5.98,5.98,5.98,5.98,130,72540.0,0.0,-0.83,-0.05,0.04
16,2015-09-17,5.98,5.98,5.98,5.98,90,50220.0,0.0,0.0,0.0,0.03
17,2015-09-18,5.98,5.98,5.98,5.98,90,50220.0,0.0,0.0,0.0,0.03
18,2015-09-21,6.06,6.12,6.06,6.12,230,130660.0,1.0,2.34,0.14,0.06
19,2015-09-22,6.04,6.04,6.04,6.04,100,56400.0,0.0,-1.31,-0.08,0.03
20,2015-09-23,6.12,6.12,6.1,6.1,260,148700.0,0.33,0.99,0.06,0.07
21,2015-09-24,6.12,6.12,6.04,6.1,150,85360.0,1.31,0.0,0.0,0.04
22,2015-09-25,6.04,6.12,6.04,6.12,350,200120.0,1.31,0.33,0.02,0.1
23,2015-09-28,6.1,6.1,6.1,6.1,50,28500.0,0.0,-0.33,-0.02,0.01
24,2015-09-29,6.1,6.18,6.1,6.18,320,184400.0,1.31,1.31,0.08,0.09
25,2015-09-30,6.1,6.1,6.1,6.1,40,22800.0,0.0,-1.29,-0.08,0.01
26,2015-10-08,6.18,6.18,6.18,6.18,150,86700.0,0.0,1.31,0.08,0.04
27,2015-10-09,6.24,6.24,6.16,6.16,150,87040.0,1.29,-0.32,-0.02,0.04
28,2015-10-12,6.24,6.24,6.16,6.16,170,99120.0,1.3,0.0,0.0,0.05
29,2015-10-13,6.16,6.19,6.15,6.15,330,190370.0,0.65,-0.16,-0.01,0.09
30,2015-10-15,6.18,6.18,6.18,6.18,300,173400.0,0.0,0.49,0.03,0.08
31,2015-10-19,6.18,6.25,6.1,6.24,1210,703350.0,2.43,0.97,0.06,0.34
32,2015-10-20,6.24,6.24,6.24,6.24,10,5840.0,0.0,0.0,0.0,0.0
33,2015-10-21,6.23,6.25,6.16,6.16,670,389950.0,1.44,-1.28,-0.08,0.19
34,2015-10-22,6.15,6.15,6.15,6.15,10,5750.0,0.0,-0.16,-0.01,0.0
35,2015-10-23,6.19,6.22,6.19,6.22,450,261450.0,0.49,1.14,0.07,0.13
36,2015-10-27,6.14,6.14,6.12,6.12,60,34360.0,0.32,-1.61,-0.1,0.02
37,2015-10-30,6.23,6.23,6.23,6.23,10,5830.0,0.0,1.8,0.11,0.0
38,2015-11-04,6.23,6.23,6.23,6.23,150,87450.0,0.0,0.0,0.0,0.04
39,2015-11-10,6.25,6.28,6.25,6.28,310,181680.0,0.48,0.8,0.05,0.09
40,2015-11-11,6.3,6.42,6.3,6.42,1050,625950.0,1.91,2.23,0.14,0.29
41,2015-11-12,6.44,6.47,6.38,6.44,390,235770.0,1.4,0.31,0.02,0.11
42,2015-11-13,6.49,6.49,6.38,6.44,40,24200.0,1.71,0.0,0.0,0.01
43,2015-11-16,6.49,6.52,6.41,6.41,580,351510.0,1.71,-0.47,-0.03,0.16
44,2015-11-17,6.42,6.42,6.41,6.41,70,42110.0,0.16,0.0,0.0,0.02
45,2015-11-19,6.41,6.41,6.41,6.41,10,6010.0,0.0,0.0,0.0,0.0
46,2015-11-23,6.49,6.5,6.49,6.5,200,121850.0,0.16,1.4,0.09,0.06
47,2015-11-25,6.52,6.52,6.52,6.52,30,18360.0,0.0,0.31,0.02,0.01
48,2015-11-26,6.53,6.53,6.53,6.53,10,6130.0,0.0,0.15,0.01,0.0
49,2015-11-27,6.53,6.53,6.41,6.49,100,60740.0,1.84,-0.61,-0.04,0.03
50,2015-11-30,6.53,6.56,6.45,6.45,200,122140.0,1.69,-0.62,-0.04,0.06
51,2015-12-01,6.41,6.44,6.32,6.41,130,77930.0,1.86,-0.62,-0.04,0.04
52,2015-12-02,6.47,6.49,6.47,6.49,80,48660.0,0.31,1.25,0.08,0.02
53,2015-12-03,6.42,6.45,6.42,6.45,60,36270.0,0.46,-0.62,-0.04,0.02
54,2015-12-04,6.39,6.39,6.29,6.36,140,83390.0,1.55,-1.4,-0.09,0.04
55,2015-12-07,6.32,6.36,6.25,6.32,120,71140.0,1.73,-0.63,-0.04,0.03
56,2015-12-08,6.4,6.4,6.4,6.4,70,42000.0,0.0,1.27,0.08,0.02
57,2015-12-09,6.2,6.22,5.87,6.11,940,533440.0,5.47,-4.53,-0.29,0.26
58,2015-12-10,6.11,6.17,6.11,6.17,70,40080.0,0.98,0.98,0.06,0.02
59,2015-12-16,6.07,6.12,6.07,6.12,70,39990.0,0.81,-0.81,-0.05,0.02
60,2015-12-22,5.9,6.05,5.9,6.05,2010,1120500.0,2.45,-1.14,-0.07,0.56
61,2015-12-23,6.1,6.18,6.1,6.18,30,17180.0,1.32,2.15,0.13,0.01
62,2015-12-24,6.18,6.18,6.18,6.18,10,5780.0,0.0,0.0,0.0,0.0
63,2015-12-25,6.18,6.18,6.18,6.18,30,17340.0,0.0,0.0,0.0,0.01
64,2016-01-04,6.18,6.18,6.18,6.18,10,5780.0,0.0,0.0,0.0,0.0
65,2016-01-05,5.97,5.97,5.96,5.96,30,16690.0,0.16,-3.56,-0.22,0.01
66,2016-01-08,6.11,6.11,6.11,6.11,100,57100.0,0.0,2.52,0.15,0.03
67,2016-01-11,6.06,6.07,6.06,6.07,20,11330.0,0.16,-0.65,-0.04,0.01
68,2016-01-12,5.86,5.9,5.85,5.9,30,16410.0,0.82,-2.8,-0.17,0.01
69,2016-01-15,5.98,5.99,5.98,5.99,120,67060.0,0.17,1.53,0.09,0.03
70,2016-01-18,5.81,5.81,5.75,5.75,30,16140.0,1.0,-4.01,-0.24,0.01
71,2016-01-19,5.93,5.95,5.93,5.94,120,66480.0,0.35,3.3,0.19,0.03
72,2016-01-28,5.76,5.76,5.7,5.7,40,21290.0,1.01,-4.04,-0.24,0.01
73,2016-02-04,5.7,5.7,5.7,5.7,10,5300.0,0.0,0.0,0.0,0.0
74,2016-02-16,5.55,5.55,5.54,5.54,20,10290.0,0.18,-2.81,-0.16,0.01
75,2016-02-17,5.49,5.49,5.49,5.49,50,25450.0,0.0,-0.9,-0.05,0.01
76,2016-02-18,5.4,5.43,5.36,5.4,300,149530.0,1.28,-1.64,-0.09,0.08
77,2016-03-28,5.44,5.45,5.44,5.45,90,45440.0,0.19,0.93,0.05,0.03
78,2016-03-30,5.46,5.48,5.46,5.48,50,25350.0,0.37,0.55,0.03,0.01
79,2016-03-31,5.51,5.59,5.51,5.55,150,77460.0,1.46,1.28,0.07,0.04
80,2016-04-05,5.6,5.6,5.6,5.6,50,26000.0,0.0,0.9,0.05,0.01
81,2016-04-06,5.5,5.55,5.5,5.55,80,41050.0,0.89,-0.89,-0.05,0.02
82,2016-04-07,5.63,5.63,5.63,5.63,20,10460.0,0.0,1.44,0.08,0.01
83,2016-04-11,5.65,5.65,5.63,5.65,90,47170.0,0.36,0.36,0.02,0.03
84,2016-04-12,5.67,5.67,5.67,5.67,20,10540.0,0.0,0.35,0.02,0.01
85,2016-04-13,5.65,5.77,5.53,5.6,310,161980.0,4.23,-1.23,-0.07,0.09
86,2016-04-15,5.74,5.76,5.6,5.6,70,36700.0,2.86,0.0,0.0,0.02
87,2016-04-18,5.73,5.73,5.73,5.73,30,15990.0,0.0,2.32,0.13,0.01
88,2016-04-19,5.74,5.81,5.73,5.81,310,166030.0,1.4,1.4,0.08,0.09
89,2016-04-28,5.81,5.81,5.81,5.81,20,10820.0,0.0,0.0,0.0,0.01
90,2016-04-29,5.81,5.82,5.81,5.82,50,27060.0,0.17,0.17,0.01,0.01
91,2016-05-11,5.84,5.84,5.84,5.84,50,27200.0,0.0,0.34,0.02,0.01
92,2016-05-12,5.75,5.75,5.75,5.75,10,5350.0,0.0,-1.54,-0.09,0.0
93,2016-05-16,5.84,5.84,5.69,5.69,60,32490.0,2.61,-1.04,-0.06,0.02
94,2016-05-17,5.73,5.73,5.73,5.73,30,15990.0,0.0,0.7,0.04,0.01
95,2016-05-19,5.63,5.63,5.59,5.63,60,31260.0,0.7,-1.75,-0.1,0.02
96,2016-05-20,5.58,5.58,5.52,5.52,80,41060.0,1.07,-1.95,-0.11,0.02
97,2016-05-25,5.52,5.52,5.52,5.52,10,5120.0,0.0,0.0,0.0,0.0
98,2016-05-26,5.54,5.55,5.54,5.55,100,51440.0,0.18,0.54,0.03,0.03
99,2016-05-27,5.54,5.55,5.54,5.55,70,36040.0,0.18,0.0,0.0,0.02
100,2016-05-30,5.52,5.52,5.28,5.33,150,74580.0,4.32,-3.96,-0.22,0.04
101,2016-05-31,5.33,5.34,5.33,5.34,50,24690.0,0.19,0.19,0.01,0.01
102,2016-06-03,5.35,5.35,5.32,5.32,30,14810.0,0.56,-0.37,-0.02,0.01
103,2016-06-13,5.31,5.33,5.31,5.33,130,63920.0,0.38,0.19,0.01,0.04
104,2016-06-14,5.35,5.35,5.33,5.33,120,59200.0,0.38,0.0,0.0,0.03
105,2016-06-16,5.3,5.38,5.29,5.38,110,50930.0,1.69,0.94,0.05,0.03
106,2016-06-20,5.38,5.38,5.38,5.38,30,14040.0,0.0,0.0,0.0,0.01
107,2016-06-21,5.4,5.42,5.4,5.4,150,70570.0,0.37,0.37,0.02,0.04
108,2016-06-23,5.41,5.41,5.41,5.41,40,18840.0,0.0,0.19,0.01,0.01
109,2016-06-24,5.42,5.42,5.16,5.16,1040,472800.0,4.81,-4.62,-0.25,0.29
110,2016-06-27,5.09,5.09,5.0,5.0,340,146910.0,1.74,-3.1,-0.16,0.1
111,2016-06-28,5.0,5.0,4.96,4.96,1120,478360.0,0.8,-0.8,-0.04,0.31
112,2016-06-29,4.86,4.96,4.85,4.9,1510,631430.0,2.22,-1.21,-0.06,0.42
113,2016-06-30,4.89,4.95,4.85,4.9,980,409460.0,2.04,0.0,0.0,0.28
114,2016-07-01,4.94,4.96,4.9,4.9,900,380060.0,1.22,0.0,0.0,0.25
115,2016-07-04,4.92,4.92,4.92,4.92,30,12660.0,0.0,0.41,0.02,0.01
116,2016-07-05,4.88,4.97,4.88,4.91,1070,450390.0,1.83,-0.2,-0.01,0.3
117,2016-07-06,5.02,5.02,4.91,4.91,20,8530.0,2.24,0.0,0.0,0.01
118,2016-07-07,4.91,4.91,4.91,4.91,200,84200.0,0.0,0.0,0.0,0.06
119,2016-07-08,4.88,4.91,4.88,4.88,420,175950.0,0.61,-0.61,-0.03,0.12
120,2016-07-11,4.88,4.88,4.88,4.88,200,83600.0,0.0,0.0,0.0,0.06
121,2016-07-12,4.83,4.86,4.83,4.86,120,49860.0,0.61,-0.41,-0.02,0.03
122,2016-07-13,4.86,4.91,4.86,4.91,150,62910.0,1.03,1.03,0.05,0.04
123,2016-07-14,4.91,4.91,4.91,4.91,70,29470.0,0.0,0.0,0.0,0.02
124,2016-07-15,4.91,4.96,4.91,4.96,110,46460.0,1.02,1.02,0.05,0.03
125,2016-07-20,5.02,5.55,5.02,5.55,780,358740.0,10.69,11.9,0.59,0.22
126,2016-07-21,5.53,5.55,5.52,5.54,180,87110.0,0.54,-0.18,-0.01,0.05
127,2016-07-22,5.55,5.55,5.37,5.55,80,38320.0,3.25,0.18,0.01,0.02
128,2016-07-25,5.55,5.58,5.55,5.58,220,107170.0,0.54,0.54,0.03,0.06
129,2016-07-27,5.65,5.7,5.65,5.7,70,34840.0,0.9,2.15,0.12,0.02
130,2016-07-28,5.51,5.7,5.49,5.54,1140,548070.0,3.68,-2.81,-0.16,0.32
131,2016-08-03,5.54,5.56,5.54,5.56,50,24250.0,0.36,0.36,0.02,0.01
132,2016-08-05,5.6,5.63,5.6,5.63,90,44190.0,0.54,1.26,0.07,0.03
133,2016-08-18,5.44,5.5,5.44,5.49,280,134120.0,1.07,-2.49,-0.14,0.08
134,2016-08-19,5.44,5.44,5.44,5.44,20,9480.0,0.0,-0.91,-0.05,0.01
135,2016-08-23,5.49,5.49,5.49,5.49,50,23950.0,0.0,0.92,0.05,0.01
136,2016-08-24,5.4,5.4,5.29,5.32,40,18610.0,2.0,-3.1,-0.17,0.01
137,2016-08-30,5.32,5.32,5.32,5.32,10,4620.0,0.0,0.0,0.0,0.0
138,2016-08-31,5.24,5.27,5.24,5.27,20,9110.0,0.56,-0.94,-0.05,0.01
139,2016-09-01,5.23,5.3,5.2,5.29,70,31900.0,1.9,0.38,0.02,0.02
140,2016-09-05,5.41,5.41,5.25,5.29,30,13850.0,3.02,0.0,0.0,0.01
141,2016-09-07,5.23,5.25,5.23,5.25,20,9080.0,0.38,-0.76,-0.04,0.01
142,2016-09-22,5.19,5.19,5.12,5.12,70,31270.0,1.33,-2.48,-0.13,0.02
143,2016-09-23,5.27,5.28,5.27,5.28,50,22870.0,0.2,3.13,0.16,0.01
144,2016-09-26,5.29,5.29,5.29,5.29,10,4590.0,0.0,0.19,0.01,0.0
145,2016-09-27,5.19,5.19,5.19,5.19,10,4490.0,0.0,-1.89,-0.1,0.0
146,2016-09-29,5.19,5.19,5.18,5.18,30,13460.0,0.19,-0.19,-0.01,0.01
147,2016-10-17,5.29,5.29,5.29,5.29,10,4590.0,0.0,2.12,0.11,0.0
148,2016-10-18,5.15,5.15,5.15,5.15,20,8900.0,0.0,-2.65,-0.14,0.01
149,2016-10-19,5.23,5.23,5.23,5.23,30,13590.0,0.0,1.55,0.08,0.01
150,2016-10-20,5.23,5.3,5.2,5.25,130,59180.0,1.91,0.38,0.02,0.04
151,2016-10-26,5.2,5.2,5.15,5.15,20,8950.0,0.95,-1.9,-0.1,0.01
152,2016-10-28,5.07,5.11,5.07,5.11,70,30730.0,0.78,-0.78,-0.04,0.02
153,2016-11-04,5.02,5.02,4.96,4.96,70,30100.0,1.17,-2.94,-0.15,0.02
154,2016-11-07,4.98,5.04,4.98,5.04,110,47500.0,1.21,1.61,0.08,0.03
155,2016-11-08,5.15,5.17,5.15,5.17,20,8920.0,0.4,2.58,0.13,0.01
156,2016-11-09,5.2,5.21,5.2,5.21,20,9010.0,0.19,0.77,0.04,0.01
157,2016-11-11,5.0,5.02,5.0,5.02,50,21520.0,0.38,-3.65,-0.19,0.01
158,2016-11-14,5.15,5.15,5.15,5.15,10,4450.0,0.0,2.59,0.13,0.0
159,2016-11-16,4.99,4.99,4.96,4.96,60,25630.0,0.58,-3.69,-0.19,0.02
160,2016-11-21,5.07,5.21,5.07,5.21,140,62210.0,2.82,5.04,0.25,0.04
161,2016-11-22,5.22,5.34,5.22,5.34,100,45730.0,2.3,2.5,0.13,0.03
162,2016-11-23,5.35,5.35,5.2,5.2,60,27610.0,2.81,-2.62,-0.14,0.02
163,2016-11-24,5.19,5.27,5.07,5.2,210,93760.0,3.85,0.0,0.0,0.06
164,2016-11-25,5.25,5.3,5.25,5.3,90,41270.0,0.96,1.92,0.1,0.03
165,2016-11-28,5.34,5.37,5.34,5.37,90,41870.0,0.57,1.32,0.07,0.03
166,2016-12-15,5.26,5.26,5.25,5.25,50,22780.0,0.19,-2.23,-0.12,0.01
167,2017-01-04,5.34,5.34,5.34,5.34,10,4640.0,0.0,1.71,0.09,0.0
168,2017-01-06,5.2,5.2,5.2,5.2,10,4500.0,0.0,-2.62,-0.14,0.0
169,2017-01-13,5.2,5.2,5.2,5.2,20,9000.0,0.0,0.0,0.0,0.01
170,2017-01-16,5.07,5.07,5.07,5.07,60,26220.0,0.0,-2.5,-0.13,0.02
171,2017-01-17,5.07,5.07,5.07,5.07,20,8740.0,0.0,0.0,0.0,0.01
172,2017-01-20,5.01,5.01,5.01,5.01,10,4310.0,0.0,-1.18,-0.06,0.0
173,2017-02-03,5.05,5.05,5.02,5.05,100,43360.0,0.6,0.8,0.04,0.03
174,2017-02-13,5.09,5.09,5.09,5.09,20,8780.0,0.0,0.79,0.04,0.01
175,2017-02-14,5.15,5.15,5.15,5.15,40,17800.0,0.0,1.18,0.06,0.01
176,2017-02-17,5.28,5.28,5.28,5.28,30,13740.0,0.0,2.52,0.13,0.01
177,2017-02-23,5.3,5.31,5.3,5.31,20,9210.0,0.19,0.57,0.03,0.01
178,2017-02-24,5.32,5.33,5.31,5.31,40,18480.0,0.38,0.0,0.0,0.01
179,2017-02-27,5.42,5.44,5.42,5.44,60,28400.0,0.38,2.45,0.13,0.02
180,2017-02-28,5.56,5.56,5.56,5.56,10,4860.0,0.0,2.21,0.12,0.0
181,2017-03-01,5.56,5.59,5.55,5.59,150,73050.0,0.72,0.54,0.03,0.04
182,2017-09-04,6.9,7.5,6.1,7.1,110,67100.0,25.04,27.01,1.51,0.03
183,2017-09-07,6.8,6.8,6.8,6.8,20,11600.0,0.0,-4.23,-0.3,0.01
184,2017-09-08,7.0,7.05,7.0,7.05,50,30050.0,0.74,3.68,0.25,0.01
185,2017-09-11,7.05,7.5,7.05,7.5,640,412850.0,6.38,6.38,0.45,0.18
186,2017-09-12,7.5,7.5,6.1,6.13,1470,883050.0,18.67,-18.27,-1.37,0.41
187,2017-09-13,7.0,7.5,6.0,7.07,2790,1467050.0,24.47,15.33,0.94,0.78
188,2017-09-14,7.0,7.5,7.0,7.5,4090,2521920.0,7.07,6.08,0.43,1.15
189,2017-09-15,6.36,7.48,6.36,7.48,140,82200.0,14.93,-0.27,-0.02,0.04
190,2017-09-18,6.76,7.5,6.76,7.0,1110,712340.0,9.89,-6.42,-0.48,0.31
191,2017-09-19,7.5,7.5,6.8,6.8,1380,885200.0,10.0,-2.86,-0.2,0.39
192,2017-09-21,7.5,7.5,7.5,7.5,610,396500.0,0.0,10.29,0.7,0.17
193,2017-09-22,7.5,7.5,7.5,7.5,70,45500.0,0.0,0.0,0.0,0.02
194,2017-09-25,7.5,7.5,7.5,7.5,500,325000.0,0.0,0.0,0.0,0.14
195,2017-09-26,7.5,7.5,7.5,7.5,280,182000.0,0.0,0.0,0.0,0.08
196,2017-09-28,7.4,7.4,7.4,7.4,10,6400.0,0.0,-1.33,-0.1,0.0
197,2017-09-29,7.5,7.5,7.4,7.4,120,77300.0,1.35,0.0,0.0,0.03
198,2017-10-12,7.5,7.5,7.5,7.5,2110,1371500.0,0.0,1.35,0.1,0.59
199,2017-10-13,7.5,7.5,7.0,7.47,380,246000.0,6.67,-0.4,-0.03,0.11
200,2017-10-16,7.5,7.5,7.3,7.49,270,175100.0,2.68,0.27,0.02,0.08
201,2017-10-18,7.5,7.5,7.49,7.49,80,51950.0,0.13,0.0,0.0,0.02
202,2017-10-19,7.49,7.49,7.49,7.49,40,25960.0,0.0,0.0,0.0,0.01
203,2017-10-25,7.1,7.1,7.1,7.1,10,6100.0,0.0,-5.21,-0.39,0.0
204,2017-10-26,7.5,7.5,7.5,7.5,240,156000.0,0.0,5.63,0.4,0.07
205,2017-10-31,7.8,7.8,7.8,7.8,70,47600.0,0.0,4.0,0.3,0.02
206,2017-11-01,7.8,7.82,6.32,6.71,640,365630.0,19.23,-13.97,-1.09,0.18
207,2017-11-03,7.82,8.1,7.82,7.95,130,90380.0,4.17,18.48,1.24,0.04
208,2017-11-07,7.5,8.05,7.5,7.83,130,88800.0,6.92,-1.51,-0.12,0.04
209,2017-11-08,7.5,8.0,7.5,7.63,40,26500.0,6.39,-2.55,-0.2,0.01
210,2017-11-10,7.8,8.05,7.8,7.83,80,54650.0,3.28,2.62,0.2,0.02
211,2017-11-13,8.0,8.25,8.0,8.23,260,187900.0,3.19,5.11,0.4,0.07
212,2017-11-17,8.0,8.0,8.0,8.0,50,35000.0,0.0,-2.79,-0.23,0.01
213,2017-11-20,8.0,8.3,8.0,8.15,200,143000.0,3.75,1.88,0.15,0.06
214,2017-11-22,7.5,7.5,7.5,7.5,70950,46117500.0,0.0,-7.98,-0.65,19.92
215,2017-11-28,8.5,8.5,8.0,8.21,690,498000.0,6.67,9.47,0.71,0.19
216,2017-11-29,7.5,8.5,7.5,7.56,10660,6989370.0,12.18,-7.92,-0.65,2.99
217,2017-11-30,8.0,8.3,8.0,8.2,1100,792400.0,3.97,8.47,0.64,0.31
218,2017-12-01,8.35,8.35,8.0,8.12,1070,767870.0,4.27,-0.98,-0.08,0.3
219,2017-12-05,8.0,8.0,8.0,8.0,250,175000.0,0.0,-1.48,-0.12,0.07
220,2017-12-06,8.0,8.0,7.5,7.5,29510,19182000.0,6.25,-6.25,-0.5,8.29
221,2017-12-07,8.0,8.2,7.9,8.03,780,547500.0,4.0,7.07,0.53,0.22
222,2017-12-08,8.0,8.0,7.9,7.9,890,618500.0,1.25,-1.62,-0.13,0.25
223,2017-12-11,8.0,8.0,8.0,8.0,200,140000.0,0.0,1.27,0.1,0.06
224,2017-12-13,7.8,7.8,7.8,7.8,50,34000.0,0.0,-2.5,-0.2,0.01
225,2017-12-15,7.9,7.9,7.9,7.9,50,34500.0,0.0,1.28,0.1,0.01
226,2017-12-20,8.0,8.0,8.0,8.0,100,70000.0,0.0,1.27,0.1,0.03
227,2017-12-22,8.0,8.0,8.0,8.0,3070,2149000.0,0.0,0.0,0.0,0.86
228,2017-12-25,8.0,8.0,8.0,8.0,3000,2100000.0,0.0,0.0,0.0,0.84
229,2018-01-16,7.89,7.89,7.89,7.89,10,6890.0,0.0,-1.38,-0.11,0.0
230,2018-01-17,7.8,7.8,7.8,7.8,22290,14491500.0,0.0,-1.14,-0.09,6.26
231,2018-01-19,7.8,7.8,7.8,7.8,30,20400.0,0.0,0.0,0.0,0.01
232,2018-01-22,7.8,7.8,7.8,7.8,80,54400.0,0.0,0.0,0.0,0.02
233,2018-01-25,7.8,7.8,7.8,7.8,200,136000.0,0.0,0.0,0.0,0.06
234,2018-01-29,7.8,7.8,7.8,7.8,10,6800.0,0.0,0.0,0.0,0.0
235,2018-02-06,7.79,7.79,7.79,7.79,10,6790.0,0.0,-0.13,-0.01,0.0
236,2018-02-08,7.78,7.78,7.78,7.78,10,6780.0,0.0,-0.13,-0.01,0.0
237,2018-03-16,7.9,7.9,7.9,7.9,10,6900.0,0.0,1.54,0.12,0.0
238,2018-03-21,7.88,7.88,7.88,7.88,20,13760.0,0.0,-0.25,-0.02,0.01
239,2018-03-22,7.5,7.5,7.5,7.5,10,6500.0,0.0,-4.82,-0.38,0.0
240,2018-04-17,7.49,7.49,7.49,7.49,10,6490.0,0.0,-0.13,-0.01,0.0
241,2018-05-11,7.29,7.29,7.29,7.29,10,6290.0,0.0,-2.67,-0.2,0.0
242,2018-05-14,7.0,7.0,7.0,7.0,10,6000.0,0.0,-3.98,-0.29,0.0
243,2018-05-17,6.0,6.0,6.0,6.0,70,35000.0,0.0,-14.29,-1.0,0.02
244,2018-06-04,6.0,6.0,6.0,6.0,100,50000.0,0.0,0.0,0.0,0.03
245,2018-06-15,6.0,6.0,6.0,6.0,70,35000.0,0.0,0.0,0.0,0.02
246,2018-06-27,6.0,6.0,6.0,6.0,70,35000.0,0.0,0.0,0.0,0.02
247,2018-06-29,6.5,6.5,6.5,6.5,200,110000.0,0.0,8.33,0.5,0.06
248,2018-07-02,6.39,6.39,6.39,6.39,20,10780.0,0.0,-1.69,-0.11,0.01
249,2018-07-03,6.2,6.2,6.2,6.2,100,52000.0,0.0,-2.97,-0.19,0.03
250,2018-07-05,6.18,6.18,6.18,6.18,100,51800.0,0.0,-0.32,-0.02,0.03
251,2018-07-06,6.18,6.18,6.18,6.18,100,51800.0,0.0,0.0,0.0,0.03
252,2018-07-10,6.47,6.47,6.47,6.47,10,5470.0,0.0,4.69,0.29,0.0
253,2018-07-11,6.18,6.18,6.18,6.18,220,113960.0,0.0,-4.48,-0.29,0.06
254,2018-07-13,6.18,6.18,6.18,6.18,120,62160.0,0.0,0.0,0.0,0.03
255,2018-07-17,6.29,6.29,6.29,6.29,20,10580.0,0.0,1.78,0.11,0.01
256,2018-07-18,6.2,6.2,6.2,6.2,100,52000.0,0.0,-1.43,-0.09,0.03
257,2018-07-19,5.85,5.85,5.85,5.85,10,4850.0,0.0,-5.65,-0.35,0.0
258,2018-07-20,6.18,6.18,6.18,6.18,100,51800.0,0.0,5.64,0.33,0.03
259,2018-07-23,6.18,6.18,6.18,6.18,30,15540.0,0.0,0.0,0.0,0.01
260,2018-07-24,7.7,7.7,7.7,7.7,10,6700.0,0.0,24.6,1.52,0.0
261,2018-07-26,6.3,6.3,6.3,6.3,100,53000.0,0.0,-18.18,-1.4,0.03
262,2018-07-27,6.5,6.5,6.5,6.5,20,11000.0,0.0,3.17,0.2,0.01
263,2018-07-30,7.39,7.39,7.39,7.39,20,12780.0,0.0,13.69,0.89,0.01
264,2018-08-21,6.3,6.3,6.3,6.3,30,15900.0,0.0,-14.75,-1.09,0.01
265,2018-08-23,6.3,6.3,6.3,6.3,200,106000.0,0.0,0.0,0.0,0.06
266,2018-08-24,6.5,6.5,6.5,6.5,20,11000.0,0.0,3.17,0.2,0.01
267,2018-08-27,6.28,6.28,6.28,6.28,210,110880.0,0.0,-3.38,-0.22,0.06
268,2018-08-29,6.28,6.28,6.28,6.28,220,116160.0,0.0,0.0,0.0,0.06
269,2018-08-30,6.28,6.28,6.28,6.28,300,158400.0,0.0,0.0,0.0,0.08
270,2018-09-03,6.28,6.28,6.28,6.28,200,105600.0,0.0,0.0,0.0,0.06
271,2018-09-04,6.27,6.27,6.27,6.27,200,105400.0,0.0,-0.16,-0.01,0.06
272,2018-09-05,6.25,6.25,6.25,6.25,200,105000.0,0.0,-0.32,-0.02,0.06
273,2018-09-06,6.25,6.25,6.25,6.25,300,157500.0,0.0,0.0,0.0,0.08
274,2018-09-07,6.25,6.25,6.25,6.25,170,89250.0,0.0,0.0,0.0,0.05
275,2018-09-13,6.25,6.25,6.25,6.25,380,199500.0,0.0,0.0,0.0,0.11
276,2018-09-21,6.99,6.99,6.99,6.99,10,5990.0,0.0,11.84,0.74,0.0
277,2018-10-11,6.4,6.4,6.4,6.4,300,162000.0,0.0,-8.44,-0.59,0.08
278,2018-10-16,6.4,6.4,6.4,6.4,300,162000.0,0.0,0.0,0.0,0.08
279,2018-10-17,6.4,6.4,6.4,6.4,300,162000.0,0.0,0.0,0.0,0.08
280,2018-10-18,6.3,6.3,6.3,6.3,400,212000.0,0.0,-1.56,-0.1,0.11
281,2018-10-19,6.39,6.39,6.39,6.39,260,140140.0,0.0,1.43,0.09,0.07
282,2018-10-22,6.4,6.4,6.4,6.4,280,151200.0,0.0,0.16,0.01,0.08
283,2018-10-24,6.4,6.4,6.4,6.4,200,108000.0,0.0,0.0,0.0,0.06
284,2018-11-06,6.3,6.3,6.3,6.3,300,159000.0,0.0,-1.56,-0.1,0.08
285,2018-11-07,6.3,6.3,6.3,6.3,300,159000.0,0.0,0.0,0.0,0.08
286,2018-11-08,6.3,6.3,6.3,6.3,300,159000.0,0.0,0.0,0.0,0.08
287,2018-11-12,6.3,6.3,6.3,6.3,300,159000.0,0.0,0.0,0.0,0.08
288,2018-11-13,6.3,6.3,6.3,6.3,300,159000.0,0.0,0.0,0.0,0.08
289,2018-11-14,6.3,6.3,6.3,6.3,400,212000.0,0.0,0.0,0.0,0.11
290,2018-11-15,6.3,6.3,6.3,6.3,300,159000.0,0.0,0.0,0.0,0.08
291,2018-11-16,6.3,6.3,6.3,6.3,300,159000.0,0.0,0.0,0.0,0.08
292,2018-11-20,7.3,7.3,7.3,7.3,10,6300.0,0.0,15.87,1.0,0.0
293,2019-01-11,5.8,5.8,5.8,5.8,10,4800.0,0.0,-20.55,-1.5,0.0
294,2019-03-18,5.8,5.8,5.8,5.8,20,9600.0,0.0,0.0,0.0,0.01
295,2019-04-04,5.0,5.0,5.0,5.0,10,4000.0,0.0,-13.79,-0.8,0.0
296,2019-04-10,6.3,6.3,6.3,6.3,40,21200.0,0.0,26.0,1.3,0.01
297,2019-04-23,5.1,5.1,5.1,5.1,160,65600.0,0.0,-19.05,-1.2,0.04
298,2019-04-29,6.8,6.8,6.8,6.8,20,11600.0,0.0,33.33,1.7,0.01
299,2019-06-26,6.0,6.0,6.0,6.0,10,5000.0,0.0,-11.76,-0.8,0.0
300,2019-07-04,5.7,5.7,5.7,5.7,50,22500.0,0.0,-5.0,-0.3,0.01
301,2019-07-19,5.72,5.72,5.72,5.72,130,58760.0,0.0,0.35,0.02,0.04
302,2019-09-04,5.71,5.71,5.71,5.71,20,9020.0,0.0,-0.17,-0.01,0.01
303,2019-09-27,5.7,5.7,5.7,5.7,20,9000.0,0.0,-0.18,-0.01,0.01
304,2019-10-09,5.68,5.68,5.68,5.68,10,4480.0,0.0,-0.35,-0.02,0.0
305,2019-10-11,5.66,5.66,5.66,5.66,20,8920.0,0.0,-0.35,-0.02,0.01
306,2019-11-07,5.66,5.66,5.66,5.66,40,17840.0,0.0,0.0,0.0,0.01
307,2019-12-19,5.66,5.66,5.66,5.66,100,44600.0,0.0,0.0,0.0,0.03
308,2019-12-23,5.66,5.66,5.66,5.66,40,17840.0,0.0,0.0,0.0,0.01
309,2019-12-27,5.63,5.63,5.63,5.63,10,4430.0,0.0,-0.53,-0.03,0.0
310,2019-12-30,6.07,6.07,6.07,6.07,10,4870.0,0.0,7.82,0.44,0.0
311,2020-01-06,5.82,5.82,5.82,5.82,30,13860.0,0.0,-4.12,-0.25,0.01
312,2020-01-07,6.2,6.2,6.19,6.19,30,14990.0,0.17,6.36,0.37,0.01
313,2020-01-09,6.15,6.2,6.15,6.2,60,29850.0,0.81,0.16,0.01,0.02
314,2020-01-13,6.0,6.0,6.0,6.0,30,14400.0,0.0,-3.23,-0.2,0.01
315,2020-01-14,5.7,5.7,5.7,5.7,60,27000.0,0.0,-5.0,-0.3,0.02
316,2020-02-12,5.7,5.7,5.7,5.7,250,112500.0,0.0,0.0,0.0,0.07
317,2020-02-13,5.71,5.71,5.71,5.71,40,18040.0,0.0,0.18,0.01,0.01
318,2020-03-05,5.73,5.73,5.73,5.73,20,9060.0,0.0,0.35,0.02,0.01
319,2020-03-12,5.81,5.81,5.81,5.81,30,13830.0,0.0,1.4,0.08,0.01
320,2020-03-30,7.1,7.1,7.1,7.1,1,690.0,0.0,22.2,1.29,0.0
321,2020-05-07,6.7,6.7,6.18,6.18,6582,3160940.0,7.32,-12.96,-0.92,1.85
322,2020-05-08,6.2,6.2,5.95,5.95,105,50610.0,4.05,-3.72,-0.23,0.03
323,2020-05-11,5.9,6.0,5.9,5.95,171,81039.0,1.68,0.0,0.0,0.05
324,2020-05-12,5.7,6.1,5.7,6.1,330,155402.0,6.72,2.52,0.15,0.09
325,2020-05-13,6.1,6.1,5.7,6.07,150,71350.0,6.56,-0.49,-0.03,0.04
326,2020-05-14,5.7,6.05,5.67,5.67,140,63110.0,6.26,-6.59,-0.4,0.04
327,2020-05-15,5.46,5.47,5.46,5.47,223,95242.0,0.18,-3.53,-0.2,0.06
328,2020-05-18,6.0,6.0,6.0,6.0,10,4800.0,0.0,9.69,0.53,0.0
329,2020-05-19,5.98,5.98,5.98,5.98,10,4780.0,0.0,-0.33,-0.02,0.0
330,2020-05-20,6.05,6.05,5.51,5.95,20,9612.0,9.03,-0.5,-0.03,0.01
331,2020-05-21,6.03,6.03,6.03,6.03,10,4830.0,0.0,1.34,0.08,0.0
332,2020-05-22,6.01,6.01,5.9,5.9,48,22939.0,1.82,-2.16,-0.13,0.01
333,2020-05-25,6.59,6.59,5.58,6.08,90,42050.0,17.12,3.05,0.18,0.03
334,2020-05-26,6.03,6.03,6.03,6.03,10,4830.0,0.0,-0.82,-0.05,0.0
335,2020-05-28,6.01,6.01,6.01,6.01,2,827.0,0.0,-0.33,-0.02,0.0
336,2020-05-29,6.0,6.0,6.0,6.0,10,4800.0,0.0,-0.17,-0.01,0.0
337,2020-06-02,6.0,6.03,5.9,6.03,150,71830.0,2.17,0.5,0.03,0.04
338,2020-06-03,6.09,6.09,6.09,6.09,10,4890.0,0.0,1.0,0.06,0.0
339,2020-06-04,6.06,6.06,6.0,6.0,30,14520.0,0.99,-1.48,-0.09,0.01
340,2020-06-05,6.07,6.07,6.07,6.07,37,17829.0,0.0,1.17,0.07,0.01
341,2020-06-09,6.05,6.05,6.05,6.05,50,24250.0,0.0,-0.33,-0.02,0.01
342,2020-06-10,6.0,6.0,6.0,6.0,20,9600.0,0.0,-0.83,-0.05,0.01
343,2020-06-11,6.2,6.2,6.2,6.2,10,5000.0,0.0,3.33,0.2,0.0
344,2020-06-19,6.2,6.2,6.2,6.2,12,6205.0,0.0,0.0,0.0,0.0
345,2020-06-22,6.0,6.01,6.0,6.01,800,384600.0,0.16,-3.06,-0.19,0.22
346,2020-06-23,6.01,6.01,6.01,6.01,75,36262.0,0.0,0.0,0.0,0.02
347,2020-06-29,6.18,6.2,6.18,6.2,20,9980.0,0.33,3.16,0.19,0.01
348,2020-07-14,6.19,6.19,5.7,5.71,250,117491.0,7.9,-7.9,-0.49,0.07
349,2020-07-15,5.71,6.2,5.7,6.2,275,124293.0,8.76,8.58,0.49,0.08
350,2020-07-16,5.7,6.19,5.7,6.1,2442,1101020.0,7.9,-1.61,-0.1,0.69
351,2020-07-17,5.97,6.0,5.97,6.0,16,7650.0,0.49,-1.64,-0.1,0.0
352,2020-07-21,5.9,6.17,5.9,6.17,70,34260.0,4.5,2.83,0.17,0.02
353,2020-07-22,6.26,6.26,6.08,6.08,336,164089.0,2.92,-1.46,-0.09,0.09
354,2020-07-23,6.17,6.17,6.16,6.16,56,27829.0,0.16,1.32,0.08,0.02
355,2020-07-24,6.18,6.19,6.18,6.18,193,96134.0,0.16,0.32,0.02,0.05
356,2020-07-27,6.1,6.31,6.1,6.2,97,48642.0,3.4,0.32,0.02,0.03
357,2020-07-28,6.19,6.19,6.17,6.17,380,189063.0,0.32,-0.48,-0.03,0.11
358,2020-07-29,6.17,6.18,6.16,6.17,235,116752.0,0.32,0.0,0.0,0.07
359,2020-07-30,6.2,6.2,6.2,6.2,100,50000.0,0.0,0.49,0.03,0.03
360,2020-08-03,6.2,6.2,6.2,6.2,11,5500.0,0.0,0.0,0.0,0.0
361,2020-08-05,6.2,6.2,6.18,6.18,205,102410.0,0.32,-0.32,-0.02,0.06
362,2020-08-06,6.2,6.2,6.1,6.1,215,106820.0,1.62,-1.29,-0.08,0.06
363,2020-08-07,6.2,6.2,6.15,6.15,451,223707.0,0.82,0.82,0.05,0.13
364,2020-08-10,6.1,6.1,6.1,6.1,32,15680.0,0.0,-0.81,-0.05,0.01
365,2020-08-12,6.1,6.1,6.1,6.1,194,95060.0,0.0,0.0,0.0,0.05
366,2020-08-13,6.07,6.07,6.07,6.07,100,48700.0,0.0,-0.49,-0.03,0.03
367,2020-08-14,6.07,6.07,6.07,6.07,45,21915.0,0.0,0.0,0.0,0.01
368,2020-08-18,6.05,6.05,6.05,6.05,6,2910.0,0.0,-0.33,-0.02,0.0
369,2020-08-19,6.05,6.05,6.05,6.05,100,48500.0,0.0,0.0,0.0,0.03
370,2020-08-24,6.06,6.1,6.0,6.09,230,112090.0,1.65,0.66,0.04,0.06
371,2020-08-27,6.09,6.09,6.09,6.09,100,48900.0,0.0,0.0,0.0,0.03
372,2020-08-28,5.9,6.09,5.83,5.85,75,35599.0,4.27,-3.94,-0.24,0.02
373,2020-08-31,6.1,6.1,6.09,6.1,136,66608.0,0.17,4.27,0.25,0.04
374,2020-09-02,6.23,6.23,6.23,6.23,2,1006.0,0.0,2.13,0.13,0.0
375,2020-09-03,6.7,6.72,5.83,5.83,107,54265.0,14.29,-6.42,-0.4,0.03
376,2020-09-14,6.1,6.1,5.5,5.5,2,920.0,10.29,-5.66,-0.33,0.0
377,2020-09-17,6.1,6.1,6.1,6.1,1,490.0,0.0,10.91,0.6,0.0
378,2020-09-25,6.6,6.6,6.6,6.6,1,540.0,0.0,8.2,0.5,0.0
379,2020-09-28,4.59,6.2,3.9,3.9,23,11074.0,34.85,-40.91,-2.7,0.01
380,2020-09-29,6.17,6.17,6.17,6.17,1,497.0,0.0,58.21,2.27,0.0
381,2020-09-30,6.55,6.55,6.55,6.55,10,5350.0,0.0,6.16,0.38,0.0
382,2020-10-14,6.5,6.5,6.5,6.5,215,107500.0,0.0,-0.76,-0.05,0.06
383,2020-10-15,6.5,6.63,6.5,6.51,291,145653.0,2.0,0.15,0.01,0.08
384,2020-10-16,6.5,6.5,6.5,6.5,290,145000.0,0.0,-0.15,-0.01,0.08
385,2020-10-23,6.5,6.5,6.5,6.5,6,2980.0,0.0,0.0,0.0,0.0
386,2020-10-26,4.67,6.59,4.67,6.59,11,3679.0,29.54,1.38,0.09,0.0
387,2020-10-28,5.36,6.69,5.36,6.69,1,522.0,20.18,1.52,0.1,0.0
388,2020-10-29,6.5,6.5,6.5,6.5,40,20000.0,0.0,-2.84,-0.19,0.01
389,2020-10-30,6.0,6.5,6.0,6.5,1,504.0,7.69,0.0,0.0,0.0
390,2020-11-03,6.5,6.5,6.5,6.5,18,9000.0,0.0,0.0,0.0,0.01
391,2020-11-04,6.5,6.5,6.5,6.5,26,13000.0,0.0,0.0,0.0,0.01
392,2020-11-10,6.0,6.0,6.0,6.0,5,2250.0,0.0,-7.69,-0.5,0.0
393,2020-11-13,6.38,6.38,6.38,6.38,50,24390.0,0.0,6.33,0.38,0.01
394,2020-11-16,6.5,6.5,6.35,6.35,54,26250.0,2.35,-0.47,-0.03,0.02
395,2020-11-17,6.5,6.5,6.45,6.45,151,75245.0,0.79,1.57,0.1,0.04
396,2020-11-18,6.3,6.3,6.3,6.3,20,9600.0,0.0,-2.33,-0.15,0.01
397,2020-11-19,6.4,6.4,6.4,6.4,28,13475.0,0.0,1.59,0.1,0.01
398,2020-11-23,6.3,6.3,6.3,6.3,30,14400.0,0.0,-1.56,-0.1,0.01
399,2020-11-26,5.9,5.9,5.9,5.9,11,4840.0,0.0,-6.35,-0.4,0.0
400,2020-11-30,5.98,6.38,5.98,6.38,7,3158.0,6.78,8.14,0.48,0.0
401,2020-12-01,6.2,6.4,6.2,6.4,1,710.0,3.13,0.31,0.02,0.0
402,2020-12-04,6.38,6.38,6.38,6.38,10,4880.0,0.0,-0.31,-0.02,0.0
403,2020-12-09,6.08,6.08,6.08,6.08,32,14665.0,0.0,-4.7,-0.3,0.01
404,2020-12-10,6.45,6.45,6.45,6.45,1,495.0,0.0,6.09,0.37,0.0
405,2020-12-11,5.98,6.3,5.98,6.2,100,47486.0,4.96,-3.88,-0.25,0.03
406,2020-12-14,6.3,6.3,6.3,6.3,7,3360.0,0.0,1.61,0.1,0.0
407,2020-12-15,6.3,6.3,6.3,6.3,69,33115.0,0.0,0.0,0.0,0.02
408,2020-12-17,6.47,6.47,6.47,6.47,1,497.0,0.0,2.7,0.17,0.0
409,2020-12-24,6.2,6.2,6.2,6.2,7,3290.0,0.0,-4.17,-0.27,0.0
410,2020-12-25,6.49,6.49,6.49,6.49,1,499.0,0.0,4.68,0.29,0.0
411,2020-12-28,6.59,6.59,6.57,6.57,80,40660.0,0.31,1.23,0.08,0.02
412,2020-12-30,6.89,6.89,6.89,6.89,40,21560.0,0.0,4.87,0.32,0.01
413,2021-01-04,6.47,6.47,6.47,6.47,50,24850.0,0.0,-6.1,-0.42,0.01
414,2021-01-05,6.47,6.47,6.47,6.47,50,24850.0,0.0,0.0,0.0,0.01
415,2021-01-26,6.48,6.7,6.48,6.48,101,50310.0,3.4,0.15,0.01,0.03
416,2021-01-27,6.5,6.5,6.49,6.5,6,2999.0,0.15,0.31,0.02,0.0
417,2021-01-28,6.5,6.5,6.5,6.5,1,500.0,0.0,0.0,0.0,0.0
418,2021-02-18,6.48,6.48,6.48,6.48,100,49770.0,0.0,-0.31,-0.02,0.03
419,2021-02-24,6.5,6.5,6.5,6.5,14,7050.0,0.0,0.31,0.02,0.0
420,2021-03-05,7.0,7.5,7.0,7.5,102,56200.0,7.69,15.38,1.0,0.03
421,2021-03-08,7.2,7.2,7.2,7.2,100,57000.0,0.0,-4.0,-0.3,0.03
422,2021-03-10,7.0,7.49,7.0,7.49,19,10548.0,6.81,4.03,0.29,0.01
423,2021-03-11,7.48,7.48,6.6,6.79,75,38915.0,11.75,-9.35,-0.7,0.02
424,2021-03-12,7.07,7.07,7.07,7.07,81,45117.0,0.0,4.12,0.28,0.02
425,2021-03-15,6.99,6.99,6.99,6.99,10,5490.0,0.0,-1.13,-0.08,0.0
426,2021-03-16,6.74,7.0,6.74,7.0,9,4742.0,3.72,0.14,0.01,0.0
427,2021-03-17,7.45,7.45,7.45,7.45,1,595.0,0.0,6.43,0.45,0.0
428,2021-03-22,6.77,6.77,6.77,6.77,1,527.0,0.0,-9.13,-0.68,0.0
429,2021-03-23,7.0,7.0,7.0,7.0,17,9306.0,0.0,3.4,0.23,0.0
430,2021-04-07,6.98,6.98,6.98,6.98,100,54800.0,0.0,-0.29,-0.02,0.03
431,2021-04-08,6.98,6.98,6.98,6.98,60,32880.0,0.0,0.0,0.0,0.02
432,2021-04-15,6.88,6.88,6.88,6.88,118,63258.0,0.0,-1.43,-0.1,0.03
433,2021-04-16,6.87,6.87,6.87,6.87,112,59961.0,0.0,-0.15,-0.01,0.03
434,2021-04-21,7.5,7.5,7.4,7.4,35,20800.0,1.46,7.71,0.53,0.01
435,2021-04-22,7.4,7.45,7.4,7.45,60,35550.0,0.68,0.68,0.05,0.02
436,2021-04-23,7.5,7.5,6.87,6.87,549,298462.0,8.46,-7.79,-0.58,0.15
437,2021-04-28,7.48,7.48,7.46,7.46,3,1791.0,0.29,8.59,0.59,0.0
438,2021-04-29,7.47,7.47,7.46,7.46,2,1193.0,0.13,0.0,0.0,0.0
439,2021-04-30,6.8,6.8,6.8,6.8,62,32775.0,0.0,-8.85,-0.66,0.02
440,2021-05-06,7.15,7.15,7.15,7.15,31,17588.0,0.0,5.15,0.35,0.01
441,2021-05-14,7.1,7.1,7.1,7.1,44,24477.0,0.0,-0.7,-0.05,0.01
442,2021-05-17,7.45,7.45,7.45,7.45,27,16320.0,0.0,4.93,0.35,0.01
443,2021-05-19,7.15,7.15,7.15,7.15,17,9605.0,0.0,-4.03,-0.3,0.0
444,2021-06-01,7.45,7.47,7.45,7.45,173,102686.0,0.28,4.2,0.3,0.05
445,2021-06-04,7.1,7.1,7.1,7.1,121,67748.0,0.0,-4.7,-0.35,0.03
446,2021-06-18,7.7,7.7,7.49,7.49,17,10395.0,2.96,5.49,0.39,0.0
447,2021-06-23,7.18,7.18,7.18,7.18,24,13632.0,0.0,-4.14,-0.31,0.01
448,2021-06-28,7.18,7.18,7.16,7.16,39,22092.0,0.28,-0.28,-0.02,0.01
449,2021-06-29,7.16,7.16,7.16,7.16,23,13018.0,0.0,0.0,0.0,0.01
450,2021-06-30,7.5,7.5,7.5,7.5,6,3504.0,0.0,4.75,0.34,0.0
451,2021-07-02,7.5,7.5,7.5,7.5,20,12000.0,0.0,0.0,0.0,0.01
452,2021-07-05,7.5,7.5,7.5,7.5,60,36000.0,0.0,0.0,0.0,0.02
453,2021-07-06,7.5,7.5,7.5,7.5,13,7800.0,0.0,0.0,0.0,0.0
454,2021-07-16,7.7,7.7,7.7,7.7,28,16764.0,0.0,2.67,0.2,0.01
455,2021-07-19,7.68,7.68,7.68,7.68,22,13156.0,0.0,-0.26,-0.02,0.01
456,2021-07-20,7.68,7.68,7.68,7.68,46,27418.0,0.0,0.0,0.0,0.01
457,2021-07-21,7.68,7.68,7.68,7.68,27,16146.0,0.0,0.0,0.0,0.01
458,2021-07-23,7.68,7.68,7.68,7.68,10,5980.0,0.0,0.0,0.0,0.0
459,2021-08-03,7.68,7.68,7.68,7.68,2,1196.0,0.0,0.0,0.0,0.0
460,2021-08-04,7.7,7.7,7.7,7.7,12,7200.0,0.0,0.26,0.02,0.0
461,2021-08-06,7.8,7.8,7.8,7.8,10,6100.0,0.0,1.3,0.1,0.0
462,2021-08-09,7.8,7.8,7.8,7.8,8,4989.0,0.0,0.0,0.0,0.0
463,2021-08-11,7.8,7.8,7.8,7.8,9,5490.0,0.0,0.0,0.0,0.0
464,2021-08-18,7.9,7.9,7.9,7.9,20,12400.0,0.0,1.28,0.1,0.01
465,2021-08-19,8.9,8.9,8.9,8.9,2,1440.0,0.0,12.66,1.0,0.0
466,2021-08-24,8.9,8.9,8.9,8.9,1,720.0,0.0,0.0,0.0,0.0
467,2021-08-25,9.2,9.2,9.2,9.2,1,750.0,0.0,3.37,0.3,0.0
468,2021-08-26,9.4,9.4,9.4,9.4,1,770.0,0.0,2.17,0.2,0.0
469,2021-08-27,9.6,9.6,7.8,8.03,39,24781.0,19.15,-14.57,-1.37,0.01
470,2021-08-30,9.6,9.6,9.6,9.6,1,790.0,0.0,19.55,1.57,0.0
471,2021-08-31,8.03,8.03,7.9,8.03,90,56580.0,1.35,-16.35,-1.57,0.03
472,2021-09-01,8.1,9.6,8.1,9.6,91,58900.0,18.68,19.55,1.57,0.03
473,2021-09-02,8.98,8.98,8.98,8.98,22,16016.0,0.0,-6.46,-0.62,0.01
474,2021-09-03,9.3,9.6,9.3,9.6,311,243430.0,3.34,6.9,0.62,0.09
475,2021-09-06,9.81,11.21,9.81,11.2,479,450334.0,14.58,16.67,1.6,0.13
476,2021-09-07,11.2,11.2,11.0,11.0,70,65120.0,1.79,-1.79,-0.2,0.02
477,2021-09-08,10.7,11.0,10.7,11.0,94,87002.0,2.73,0.0,0.0,0.03
478,2021-09-09,11.15,11.15,11.15,11.15,20,18900.0,0.0,1.36,0.15,0.01
479,2021-09-10,11.3,11.36,11.2,11.3,598,574400.0,1.43,1.35,0.15,0.17
480,2021-09-13,11.67,11.98,11.67,11.78,170,171660.0,2.74,4.25,0.48,0.05
481,2021-09-14,11.9,12.72,11.9,12.59,687,741001.0,6.96,6.88,0.81,0.19
482,2021-09-15,12.66,12.76,12.53,12.53,529,582920.0,1.83,-0.48,-0.06,0.15
483,2021-09-16,12.7,12.7,11.81,11.91,229,248088.0,7.1,-4.95,-0.62,0.06
484,2021-09-17,12.62,12.65,12.61,12.62,465,507420.0,0.34,5.96,0.71,0.13
485,2021-09-22,13.16,14.2,13.16,13.97,1390,1673178.0,8.24,10.7,1.35,0.39
486,2021-09-23,14.48,14.48,13.9,14.25,756,952429.0,4.15,2.0,0.28,0.21
487,2021-09-24,14.25,15.2,14.25,14.73,569,737937.0,6.67,3.37,0.48,0.16
488,2021-09-27,15.6,15.62,14.75,14.78,192,257208.0,5.91,0.34,0.05,0.05
489,2021-09-28,14.85,14.85,14.81,14.81,323,423822.0,0.27,0.2,0.03,0.09
490,2021-09-29,14.8,15.37,14.8,15.3,423,576415.0,3.85,3.31,0.49,0.12
491,2021-09-30,15.2,15.23,15.0,15.0,272,365754.0,1.5,-1.96,-0.3,0.08
492,2021-10-08,15.2,15.2,15.1,15.1,227,306009.0,0.67,0.67,0.1,0.06
493,2021-10-11,17.6,17.6,16.5,16.5,73,108550.0,7.28,9.27,1.4,0.02
494,2021-10-12,16.15,16.15,16.15,16.15,1,1445.0,0.0,-2.12,-0.35,0.0
495,2021-10-13,16.15,16.7,14.9,16.7,44,62941.0,11.15,3.41,0.55,0.01
496,2021-10-15,16.7,16.7,16.7,16.7,73,109995.0,0.0,0.0,0.0,0.02
497,2021-10-18,16.7,16.7,16.7,16.7,6,9000.0,0.0,0.0,0.0,0.0
498,2021-10-19,16.72,16.72,15.93,16.15,70,104090.0,4.73,-3.29,-0.55,0.02
499,2021-10-20,15.9,15.9,15.9,15.9,42,59640.0,0.0,-1.55,-0.25,0.01
500,2021-10-21,16.2,16.3,16.2,16.23,154,223480.0,0.63,2.08,0.33,0.04
501,2021-10-22,16.58,16.8,16.58,16.8,141,211287.0,1.36,3.51,0.57,0.04
502,2021-10-25,16.7,16.7,16.3,16.3,64,94890.0,2.38,-2.98,-0.5,0.02
503,2021-10-26,15.9,15.9,15.68,15.68,88,124304.0,1.35,-3.8,-0.62,0.02
504,2021-10-27,15.5,15.5,14.7,14.7,76,101989.0,5.1,-6.25,-0.98,0.02
505,2021-10-28,14.3,14.3,14.3,14.3,8,9916.0,0.0,-2.72,-0.4,0.0
506,2021-11-01,13.7,14.32,13.7,14.32,206,259055.0,4.34,0.14,0.02,0.06
507,2021-11-02,14.32,15.03,14.32,15.03,3,3857.0,4.96,4.96,0.71,0.0
508,2021-11-03,14.25,15.6,14.25,15.59,18,24092.0,8.98,3.73,0.56,0.01
509,2022-03-21,12.5,12.5,11.83,12.5,45734,47489537.0,5.36,0.0,0.0,12.84
510,2022-03-22,12.02,12.06,11.86,11.92,12162,12489081.0,1.6,-4.64,-0.58,3.42
511,2022-03-23,11.92,12.03,11.92,11.98,7886,8100892.0,0.92,0.5,0.06,2.21
512,2022-03-24,11.95,12.1,11.8,11.85,6864,7022976.0,2.5,-1.09,-0.13,1.93
513,2022-03-25,11.84,11.86,11.73,11.76,5463,5511489.0,1.1,-0.76,-0.09,1.53
514,2022-03-28,11.78,11.79,11.54,11.58,5045,4994106.0,2.13,-1.53,-0.18,1.42
515,2022-03-29,11.53,11.78,11.4,11.51,3329,3281211.0,3.28,-0.6,-0.07,0.93
516,2022-03-30,11.53,11.75,11.44,11.75,4312,4252831.0,2.69,2.09,0.24,1.21
517,2022-03-31,11.62,12.08,11.56,11.83,7668,7789374.0,4.43,0.68,0.08,2.15
518,2022-04-01,11.84,12.16,11.76,12.16,8258,8539862.0,3.38,2.79,0.33,2.32
519,2022-04-06,12.2,12.36,11.95,12.01,6007,6250432.0,3.37,-1.23,-0.15,1.69
520,2022-04-07,11.93,11.95,11.72,11.86,4075,4141114.0,1.92,-1.25,-0.15,1.14
521,2022-04-08,11.79,11.89,11.71,11.87,1855,1873163.0,1.52,0.08,0.01,0.52
522,2022-04-11,11.9,11.91,11.75,11.79,1151,1160767.0,1.35,-0.67,-0.08,0.32
523,2022-04-12,11.78,11.88,11.78,11.88,920,931671.0,0.85,0.76,0.09,0.26
524,2022-04-13,11.84,11.89,11.81,11.84,1334,1354200.0,0.67,-0.34,-0.04,0.37
525,2022-04-14,11.94,11.94,11.83,11.88,848,862443.0,0.93,0.34,0.04,0.24
526,2022-04-15,11.85,12.18,11.84,11.87,2820,2899237.0,2.86,-0.08,-0.01,0.79
527,2022-04-18,11.85,11.87,11.79,11.79,2056,2079841.0,0.67,-0.67,-0.08,0.58
528,2022-04-19,11.79,11.84,11.74,11.79,1156,1164753.0,0.85,0.0,0.0,0.32
529,2022-04-20,11.76,11.91,11.75,11.8,1282,1300695.0,1.36,0.08,0.01,0.36
530,2022-04-21,11.79,11.88,11.68,11.68,1852,1859685.0,1.69,-1.02,-0.12,0.52
531,2022-04-22,11.68,11.82,11.65,11.72,676,678621.0,1.46,0.34,0.04,0.19
532,2022-04-25,11.69,11.7,11.33,11.44,2114,2085666.0,3.16,-2.39,-0.28,0.59
533,2022-04-26,11.38,11.46,11.02,11.15,2593,2479935.0,3.85,-2.53,-0.29,0.73
534,2022-04-27,10.97,11.3,10.86,11.2,1571,1460523.0,3.95,0.45,0.05,0.44
535,2022-04-28,11.23,11.23,11.09,11.2,700,663624.0,1.25,0.0,0.0,0.2
536,2022-04-29,11.29,11.48,11.2,11.48,1198,1153540.0,2.5,2.5,0.28,0.34
537,2022-05-05,11.25,11.51,11.25,11.5,1023,993024.0,2.26,0.17,0.02,0.29
538,2022-05-06,11.23,11.46,11.23,11.42,433,418568.0,2.0,-0.7,-0.08,0.12
539,2022-05-09,11.28,11.5,11.28,11.45,631,612207.0,1.93,0.26,0.03,0.18
540,2022-05-10,11.42,11.5,11.31,11.5,652,635595.0,1.66,0.44,0.05,0.18
541,2022-05-11,11.55,11.65,11.43,11.6,1425,1405842.0,1.91,0.87,0.1,0.4
542,2022-05-12,11.5,11.59,11.49,11.53,496,489062.0,0.86,-0.6,-0.07,0.14
543,2022-05-13,11.53,12.0,11.46,11.8,4101,4149365.0,4.68,2.34,0.27,1.15
544,2022-05-16,11.85,11.85,11.53,11.63,1365,1349434.0,2.71,-1.44,-0.17,0.38
545,2022-05-17,11.57,11.64,11.45,11.58,660,648489.0,1.63,-0.43,-0.05,0.19
546,2022-05-18,11.58,11.59,11.53,11.57,672,662139.0,0.52,-0.09,-0.01,0.19
547,2022-05-19,11.45,11.58,11.4,11.58,760,741053.0,1.56,0.09,0.01,0.21
548,2022-05-20,11.58,11.64,11.5,11.54,561,550361.0,1.21,-0.35,-0.04,0.16
549,2022-05-23,11.51,11.6,11.48,11.5,809,793385.0,1.04,-0.35,-0.04,0.23
550,2022-05-24,11.49,11.51,11.4,11.44,903,880683.0,0.96,-0.52,-0.06,0.25
551,2022-05-25,11.41,11.54,11.41,11.47,271,264516.0,1.14,0.26,0.03,0.08
552,2022-05-26,11.4,11.49,11.4,11.47,301,292923.0,0.78,0.0,0.0,0.08
553,2022-05-27,11.46,11.55,11.41,11.47,465,454723.0,1.22,0.0,0.0,0.13
554,2022-05-30,11.42,11.47,11.4,11.47,535,520526.0,0.61,0.0,0.0,0.15
555,2022-05-31,11.42,11.54,11.42,11.5,364,355692.0,1.05,0.26,0.03,0.1
556,2022-06-01,11.5,11.54,11.45,11.5,324,317434.0,0.78,0.0,0.0,0.09
557,2022-06-02,11.53,11.54,11.42,11.54,846,828951.0,1.04,0.35,0.04,0.24
558,2022-06-06,11.46,11.55,11.44,11.54,1442,1417075.0,0.95,0.0,0.0,0.4
559,2022-06-07,11.56,11.65,11.52,11.54,1057,1045409.0,1.13,0.0,0.0,0.3
560,2022-06-08,11.54,11.6,11.53,11.56,688,678393.0,0.61,0.17,0.02,0.19
561,2022-06-09,11.53,11.56,11.52,11.52,438,430611.0,0.35,-0.35,-0.04,0.12
562,2022-06-10,11.48,11.55,11.48,11.53,616,604775.0,0.61,0.09,0.01,0.17
563,2022-06-13,11.5,11.56,11.44,11.53,429,420403.0,1.04,0.0,0.0,0.12
564,2022-06-14,11.44,11.53,11.44,11.48,368,359572.0,0.78,-0.43,-0.05,0.1
565,2022-06-15,11.44,11.5,11.44,11.49,756,739041.0,0.52,0.09,0.01,0.21
566,2022-06-16,11.5,11.52,11.48,11.48,261,256206.0,0.35,-0.09,-0.01,0.07
567,2022-06-17,11.46,11.54,11.43,11.44,861,839495.0,0.96,-0.35,-0.04,0.24
568,2022-06-20,11.45,11.54,11.41,11.43,746,727949.0,1.14,-0.09,-0.01,0.21
569,2022-06-21,11.42,11.5,11.42,11.48,297,289737.0,0.7,0.44,0.05,0.08
570,2022-06-22,11.46,11.5,11.43,11.46,296,288703.0,0.61,-0.17,-0.02,0.08
571,2022-06-23,11.46,11.51,11.44,11.49,526,514716.0,0.61,0.26,0.03,0.15
572,2022-06-24,11.5,11.53,11.47,11.52,841,824801.0,0.52,0.26,0.03,0.24
573,2022-06-27,11.59,11.6,11.51,11.56,773,738792.0,0.78,0.35,0.04,0.22
574,2022-06-28,11.51,11.82,11.51,11.8,4386,4263604.0,2.68,2.08,0.24,1.23
575,2022-06-29,11.8,11.83,11.62,11.62,1405,1363319.0,1.78,-1.53,-0.18,0.39
576,2022-06-30,11.59,11.79,11.58,11.63,863,829763.0,1.81,0.09,0.01,0.24
577,2022-07-01,11.6,11.75,11.6,11.7,665,644475.0,1.29,0.6,0.07,0.19
578,2022-07-04,11.62,11.63,11.6,11.62,273,262340.0,0.26,-0.68,-0.08,0.08
579,2022-07-05,11.59,11.61,11.53,11.56,688,658739.0,0.69,-0.52,-0.06,0.19
580,2022-07-06,11.52,11.54,11.45,11.48,674,639092.0,0.78,-0.69,-0.08,0.19
581,2022-07-07,11.55,11.56,11.51,11.53,212,202441.0,0.44,0.44,0.05,0.06
582,2022-07-08,11.46,11.59,11.46,11.47,566,537529.0,1.13,-0.52,-0.06,0.16
583,2022-07-11,11.47,11.47,11.41,11.45,305,288165.0,0.52,-0.17,-0.02,0.09
584,2022-07-12,11.41,11.44,11.41,11.43,143,134821.0,0.26,-0.17,-0.02,0.04
585,2022-07-13,11.43,11.45,11.4,11.45,402,378775.0,0.44,0.17,0.02,0.11
586,2022-07-14,11.42,11.5,11.41,11.41,173,162797.0,0.79,-0.35,-0.04,0.05
587,2022-07-15,11.41,11.41,11.29,11.32,811,756074.65,1.05,-0.79,-0.09,0.23
588,2022-07-18,11.31,11.32,11.26,11.31,239,222091.89,0.53,-0.09,-0.01,0.07
589,2022-07-19,11.28,11.3,11.26,11.27,382,354099.0,0.35,-0.35,-0.04,0.11
590,2022-07-20,11.26,11.33,11.26,11.3,543,504334.78,0.62,0.27,0.03,0.15
591,2022-07-21,11.27,11.3,11.27,11.28,207,191984.85,0.27,-0.18,-0.02,0.06
592,2022-07-22,11.3,11.3,11.25,11.29,467,432197.16,0.44,0.09,0.01,0.13
593,2022-07-25,11.26,11.28,11.23,11.24,288,266194.16,0.44,-0.44,-0.05,0.08
594,2022-07-26,11.23,11.27,11.22,11.27,366,338480.0,0.44,0.27,0.03,0.1
595,2022-07-27,11.26,11.55,11.26,11.47,1314,1237194.5,2.57,1.77,0.2,0.37
596,2022-07-28,11.42,11.42,11.34,11.39,461,432400.25,0.7,-0.7,-0.08,0.13
597,2022-07-29,11.39,11.39,11.3,11.36,292,272171.0,0.79,-0.26,-0.03,0.08
598,2022-08-01,11.3,11.39,11.3,11.31,344,320378.62,0.79,-0.44,-0.05,0.1
599,2022-08-02,11.23,11.3,11.09,11.14,954,873360.92,1.86,-1.5,-0.17,0.27
600,2022-08-03,11.15,11.18,11.15,11.18,141,129442.2,0.27,0.36,0.04,0.04
601,2022-08-04,11.12,11.21,11.12,11.18,141,129237.22,0.81,0.0,0.0,0.04
602,2022-08-05,11.24,11.24,11.13,11.22,348,319359.63,0.98,0.36,0.04,0.1
603,2022-08-08,11.18,11.2,11.11,11.2,174,159663.24,0.8,-0.18,-0.02,0.05
604,2022-08-09,11.15,11.16,11.12,11.15,210,192051.81,0.36,-0.45,-0.05,0.06
605,2022-08-10,11.12,11.24,11.1,11.2,697,638293.72,1.26,0.45,0.05,0.2
606,2022-08-11,11.2,11.36,11.17,11.31,723,674001.27,1.7,0.98,0.11,0.2
607,2022-08-12,11.26,11.34,11.25,11.28,339,315436.0,0.8,-0.27,-0.03,0.1
608,2022-08-15,11.28,11.36,11.28,11.3,251,234019.1,0.71,0.18,0.02,0.07
609,2022-08-16,11.35,11.36,11.29,11.29,260,241737.81,0.62,-0.09,-0.01,0.07
610,2022-08-17,11.25,11.29,11.25,11.27,161,149289.0,0.35,-0.18,-0.02,0.05
611,2022-08-18,11.23,11.3,11.23,11.28,122,113005.0,0.62,0.09,0.01,0.03
612,2022-08-19,11.36,11.39,11.23,11.23,292,270849.3,1.42,-0.44,-0.05,0.08
613,2022-08-22,11.19,11.33,11.19,11.2,322,296964.83,1.25,-0.27,-0.03,0.09
614,2022-08-23,11.33,11.33,11.18,11.2,365,335300.7,1.34,0.0,0.0,0.1
615,2022-08-24,11.19,11.23,11.14,11.15,654,599400.0,0.8,-0.45,-0.05,0.18
616,2022-08-25,11.14,11.21,11.1,11.12,803,732896.85,0.99,-0.27,-0.03,0.23
617,2022-08-26,11.11,11.2,11.11,11.15,489,446727.63,0.81,0.27,0.03,0.14
618,2022-08-29,11.1,11.18,11.1,11.18,253,230947.0,0.72,0.27,0.03,0.07
619,2022-08-30,11.13,11.14,11.11,11.12,125,114093.6,0.27,-0.54,-0.06,0.04
620,2022-08-31,11.11,11.21,11.1,11.12,522,475768.64,0.99,0.0,0.0,0.15
621,2022-09-01,11.11,11.14,11.1,11.1,343,313194.37,0.36,-0.18,-0.02,0.1
622,2022-09-02,11.1,11.13,11.1,11.13,247,225076.0,0.27,0.27,0.03,0.07
623,2022-09-05,11.11,11.15,11.11,11.15,175,159859.84,0.36,0.18,0.02,0.05
624,2022-09-06,11.13,11.18,11.13,11.16,138,126310.0,0.45,0.09,0.01,0.04
625,2022-09-07,11.12,11.19,11.1,11.19,133,121485.0,0.81,0.27,0.03,0.04
626,2022-09-08,11.18,11.18,11.13,11.13,51,46878.64,0.45,-0.54,-0.06,0.01
627,2022-09-09,11.12,11.2,11.12,11.19,98,89760.0,0.72,0.54,0.06,0.03
628,2022-09-13,11.13,11.17,11.13,11.13,167,152594.0,0.36,-0.54,-0.06,0.05
629,2022-09-14,11.1,11.14,11.1,11.12,173,157911.3,0.36,-0.09,-0.01,0.05
630,2022-09-15,11.11,11.13,11.07,11.08,534,486135.49,0.54,-0.36,-0.04,0.15
631,2022-09-16,11.03,11.25,11.02,11.23,1374,1264681.51,2.08,1.35,0.15,0.39
632,2022-09-19,11.23,11.35,11.13,11.19,759,698867.68,1.96,-0.36,-0.04,0.21
633,2022-09-20,11.18,11.3,11.11,11.22,982,903015.62,1.7,0.27,0.03,0.28
634,2022-09-21,11.18,11.91,11.18,11.72,13720,13175883.17,6.51,4.46,0.5,3.85
635,2022-09-22,11.71,11.83,11.51,11.65,6093,5879509.63,2.73,-0.6,-0.07,1.71
636,2022-09-23,11.65,11.65,11.05,11.06,3482,3220709.9,5.15,-5.06,-0.59,0.98
637,2022-09-26,11.06,11.18,10.96,10.96,2334,2111736.19,1.99,-0.9,-0.1,0.66
638,2022-09-27,10.96,11.1,10.91,10.96,1682,1503643.82,1.73,0.0,0.0,0.47
639,2022-09-28,10.93,11.02,10.86,10.97,956,854188.06,1.46,0.09,0.01,0.27
640,2022-09-29,10.97,11.0,10.85,10.87,803,717585.83,1.37,-0.91,-0.1,0.23
641,2022-09-30,10.85,11.3,10.83,10.95,835,749722.93,4.32,0.74,0.08,0.23
642,2022-10-10,10.83,11.03,10.8,10.8,368,325781.79,2.1,-1.37,-0.15,0.1
643,2022-10-11,10.71,11.0,10.71,10.98,648,578998.04,2.69,1.67,0.18,0.18
644,2022-10-12,10.82,11.0,10.82,10.96,451,401517.89,1.64,-0.18,-0.02,0.13
645,2022-10-13,10.9,11.0,10.87,10.89,451,403653.01,1.19,-0.64,-0.07,0.13
646,2022-10-14,10.87,11.0,10.87,10.94,515,462211.45,1.19,0.46,0.05,0.14
647,2022-10-17,10.9,11.05,10.81,10.96,1190,1054890.59,2.19,0.18,0.02,0.33
648,2022-10-18,10.99,10.99,10.86,10.94,770,687182.88,1.19,-0.18,-0.02,0.22
649,2022-10-19,10.84,10.94,10.84,10.88,345,306220.3,0.91,-0.55,-0.06,0.1
650,2022-10-20,10.85,10.94,10.85,10.9,560,496084.67,0.83,0.18,0.02,0.16
651,2022-10-21,10.84,10.92,10.84,10.89,282,250065.19,0.73,-0.09,-0.01,0.08
652,2022-10-24,10.85,10.94,10.84,10.94,810,719952.77,0.92,0.46,0.05,0.23
653,2022-10-25,10.92,10.99,10.82,10.85,184,164056.89,1.55,-0.82,-0.09,0.05
654,2022-10-26,10.85,10.92,10.85,10.86,305,270096.0,0.65,0.09,0.01,0.09
655,2022-10-27,10.83,10.9,10.83,10.88,471,415962.81,0.64,0.18,0.02,0.13
656,2022-10-28,10.96,11.04,10.82,10.88,413,368763.88,2.02,0.0,0.0,0.12
657,2022-10-31,10.82,10.91,10.65,10.8,649,568696.98,2.39,-0.74,-0.08,0.18
658,2022-11-01,10.92,10.92,10.8,10.89,55,48698.44,1.11,0.83,0.09,0.02
659,2022-11-02,10.8,10.91,10.79,10.9,216,191501.96,1.1,0.09,0.01,0.06
660,2022-11-03,10.88,10.89,10.81,10.89,234,206882.64,0.73,-0.09,-0.01,0.07
661,2022-11-04,10.82,10.9,10.82,10.9,739,654520.33,0.73,0.09,0.01,0.21
662,2022-11-07,10.9,10.92,10.85,10.92,412,367110.02,0.64,0.18,0.02,0.12
663,2022-11-08,10.85,10.93,10.85,10.92,123,109644.0,0.73,0.0,0.0,0.03
664,2022-11-09,10.86,10.97,10.85,10.93,376,336206.04,1.1,0.09,0.01,0.11
665,2022-11-10,10.89,11.0,10.85,10.92,178,158539.85,1.37,-0.09,-0.01,0.05
666,2022-11-11,10.95,10.99,10.87,10.98,679,607018.37,1.1,0.55,0.06,0.19
667,2022-11-14,10.95,11.05,10.9,10.98,384,343400.88,1.37,0.0,0.0,0.11
668,2022-11-15,10.88,10.99,10.88,10.95,380,339908.18,1.0,-0.27,-0.03,0.11
669,2022-11-16,10.91,11.01,10.91,10.98,572,513333.04,0.91,0.27,0.03,0.16
670,2022-11-17,11.03,11.03,10.95,11.01,1125,1012670.96,0.73,0.27,0.03,0.32
671,2022-11-18,11.01,11.01,10.9,11.01,162,145305.3,1.0,0.0,0.0,0.05
672,2022-11-21,11.04,11.1,10.96,11.07,980,888174.07,1.27,0.54,0.06,0.28
673,2022-11-22,11.06,11.06,10.96,10.96,468,420344.88,0.9,-0.99,-0.11,0.13
674,2022-11-23,10.96,10.97,10.9,10.97,410,365388.01,0.64,0.09,0.01,0.12
675,2022-11-24,10.92,10.99,10.91,10.98,357,319146.24,0.73,0.09,0.01,0.1
676,2022-11-25,11.0,11.0,10.72,10.92,655,580781.3,2.55,-0.55,-0.06,0.18
677,2022-11-28,10.81,10.93,10.81,10.89,177,157749.32,1.1,-0.27,-0.03,0.05
678,2022-11-29,10.93,11.0,10.93,10.98,402,360281.14,0.64,0.83,0.09,0.11
679,2022-11-30,10.91,11.0,10.9,10.98,190,169272.81,0.91,0.0,0.0,0.05
680,2022-12-01,11.0,11.0,10.92,10.99,214,191533.0,0.73,0.09,0.01,0.06
681,2022-12-02,10.93,11.04,10.93,11.0,83,73919.5,1.0,0.09,0.01,0.02
682,2022-12-05,10.94,11.06,10.94,10.97,377,338964.0,1.09,-0.27,-0.03,0.11
683,2022-12-06,11.05,11.05,10.82,10.95,715,635225.98,2.1,-0.18,-0.02,0.2
684,2022-12-07,10.83,10.94,10.83,10.94,289,257076.7,1.0,-0.09,-0.01,0.08
685,2022-12-08,10.85,10.98,10.85,10.89,312,279398.35,1.19,-0.46,-0.05,0.09
686,2022-12-09,10.86,10.95,10.86,10.91,178,157979.0,0.83,0.18,0.02,0.05
687,2022-12-12,10.91,10.94,10.87,10.92,187,166363.4,0.64,0.09,0.01,0.05
688,2022-12-13,10.82,10.91,10.82,10.91,477,422098.4,0.82,-0.09,-0.01,0.13
689,2022-12-14,10.84,10.89,10.84,10.87,295,262130.93,0.46,-0.37,-0.04,0.08
690,2022-12-15,10.87,10.92,10.82,10.87,350,309339.18,0.92,0.0,0.0,0.1
691,2022-12-16,10.82,10.87,10.82,10.84,339,298992.12,0.46,-0.28,-0.03,0.1
692,2022-12-19,10.86,10.86,10.81,10.82,321,283384.62,0.46,-0.18,-0.02,0.09
693,2022-12-20,10.8,10.81,10.77,10.81,262,230134.98,0.37,-0.09,-0.01,0.07
694,2022-12-21,10.76,10.8,10.75,10.78,179,156821.0,0.46,-0.28,-0.03,0.05
695,2022-12-22,10.78,10.78,10.46,10.67,1853,1592747.46,2.97,-1.02,-0.11,0.52
696,2022-12-23,10.6,10.61,10.48,10.48,401,341773.8,1.22,-1.78,-0.19,0.11
697,2022-12-26,10.42,10.74,10.42,10.5,117,99393.4,3.05,0.19,0.02,0.03
698,2022-12-27,10.48,10.5,10.44,10.48,68,57689.28,0.57,-0.19,-0.02,0.02
699,2022-12-28,10.45,10.6,10.45,10.46,168,142217.0,1.43,-0.19,-0.02,0.05
700,2022-12-29,10.46,10.57,10.46,10.46,99,84409.82,1.05,0.0,0.0,0.03
701,2022-12-30,10.46,10.5,10.43,10.44,86,72766.0,0.67,-0.19,-0.02,0.02
702,2023-01-03,10.41,10.5,10.41,10.5,132,111465.0,0.86,0.57,0.06,0.04
703,2023-01-04,10.52,10.57,10.4,10.47,60,51238.0,1.62,-0.29,-0.03,0.02
704,2023-01-05,10.51,10.6,10.51,10.59,157,134452.04,0.86,1.15,0.12,0.04
705,2023-01-06,10.51,10.6,10.51,10.57,132,112541.19,0.85,-0.19,-0.02,0.04
706,2023-01-09,10.47,10.59,10.47,10.57,64,54781.0,1.14,0.0,0.0,0.02
707,2023-01-10,10.46,10.57,10.46,10.56,162,138133.93,1.04,-0.09,-0.01,0.05
708,2023-01-11,10.49,10.56,10.49,10.56,54,45986.0,0.66,0.0,0.0,0.02
709,2023-01-12,10.45,10.56,10.45,10.55,122,104115.0,1.04,-0.09,-0.01,0.03
710,2023-01-13,10.55,10.55,10.47,10.55,56,47973.32,0.76,0.0,0.0,0.02
711,2023-01-16,10.67,10.67,10.47,10.55,109,92947.0,1.9,0.0,0.0,0.03
712,2023-01-17,10.55,10.55,10.44,10.55,190,161249.43,1.04,0.0,0.0,0.05
713,2023-01-18,10.44,10.54,10.44,10.51,116,98642.08,0.95,-0.38,-0.04,0.03
714,2023-01-19,10.51,10.51,10.47,10.49,140,118419.0,0.38,-0.19,-0.02,0.04
715,2023-01-20,10.45,10.58,10.45,10.52,374,318787.52,1.24,0.29,0.03,0.11
716,2023-01-30,10.56,10.57,10.52,10.54,194,166070.38,0.48,0.19,0.02,0.05
717,2023-01-31,10.55,10.85,10.55,10.85,2329,2041609.11,2.85,2.94,0.31,0.65
718,2023-02-01,10.9,10.95,10.77,10.88,2162,1913650.31,1.66,0.28,0.03,0.61
719,2023-02-02,10.74,10.78,10.7,10.76,1042,909392.77,0.74,-1.1,-0.12,0.29
720,2023-02-03,10.73,10.83,10.73,10.8,380,334533.78,0.93,0.37,0.04,0.11
721,2023-02-06,10.7,10.8,10.68,10.8,235,204597.05,1.11,0.0,0.0,0.07
722,2023-02-07,10.8,10.85,10.71,10.8,328,287387.08,1.3,0.0,0.0,0.09
723,2023-02-08,10.88,10.88,10.73,10.76,88,77058.0,1.39,-0.37,-0.04,0.02
724,2023-02-09,10.71,10.79,10.71,10.78,364,317794.51,0.74,0.19,0.02,0.1
725,2023-02-10,10.71,10.78,10.71,10.78,144,125383.64,0.65,0.0,0.0,0.04
726,2023-02-13,10.68,10.78,10.68,10.77,203,177577.88,0.93,-0.09,-0.01,0.06
727,2023-02-14,10.7,10.79,10.7,10.76,186,162631.06,0.84,-0.09,-0.01,0.05
728,2023-02-15,10.78,10.79,10.76,10.79,391,342976.97,0.28,0.28,0.03,0.11
729,2023-02-16,10.77,10.86,10.71,10.73,1450,1273912.49,1.39,-0.56,-0.06,0.41
730,2023-02-17,10.74,10.75,10.73,10.74,156,136403.3,0.19,0.09,0.01,0.04
731,2023-02-20,10.73,10.83,10.71,10.77,482,422898.94,1.12,0.28,0.03,0.14
732,2023-02-21,10.75,10.83,10.73,10.81,704,619229.32,0.93,0.37,0.04,0.2
733,2023-02-22,10.83,10.9,10.76,10.89,1796,1592329.71,1.3,0.74,0.08,0.5
734,2023-02-23,10.85,10.92,10.83,10.89,940,836641.93,0.83,0.0,0.0,0.26
735,2023-02-24,10.89,10.89,10.86,10.88,102,90336.24,0.28,-0.09,-0.01,0.03
736,2023-02-27,10.88,10.92,10.83,10.86,88,78120.0,0.83,-0.18,-0.02,0.02
737,2023-02-28,10.96,10.99,10.8,10.82,1111,991908.05,1.75,-0.37,-0.04,0.31
738,2023-03-01,10.79,10.8,10.74,10.74,821,719933.48,0.55,-0.74,-0.08,0.23
739,2023-03-02,10.71,10.8,10.71,10.78,289,252427.0,0.84,0.37,0.04,0.08
740,2023-03-03,10.72,10.79,10.68,10.7,1124,977476.63,1.02,-0.74,-0.08,0.32
741,2023-03-06,10.7,10.79,10.67,10.77,1386,1210377.83,1.12,0.65,0.07,0.39
742,2023-03-07,10.68,10.76,10.68,10.74,69,60286.3,0.74,-0.28,-0.03,0.02
743,2023-03-08,10.67,10.73,10.66,10.67,248,215444.52,0.65,-0.65,-0.07,0.07
744,2023-03-09,10.73,10.79,10.63,10.69,417,363933.4,1.5,0.19,0.02,0.12
745,2023-03-10,10.65,10.67,10.65,10.66,37,31934.85,0.19,-0.28,-0.03,0.01
746,2023-03-13,10.63,10.8,10.63,10.79,2034,1784650.46,1.59,1.22,0.13,0.57
747,2023-03-14,10.77,10.77,10.68,10.68,204,177688.16,0.83,-1.02,-0.11,0.06
748,2023-03-15,10.69,10.78,10.67,10.78,255,222881.24,1.03,0.94,0.1,0.07
749,2023-03-16,10.66,10.78,10.66,10.67,152,132449.85,1.11,-1.02,-0.11,0.04
750,2023-03-17,10.76,10.76,10.67,10.75,268,232714.8,0.84,0.75,0.08,0.08
751,2023-03-20,10.62,10.64,10.62,10.63,33,28469.0,0.19,-1.12,-0.12,0.01
752,2023-03-21,10.64,10.66,10.61,10.63,221,190798.0,0.47,0.0,0.0,0.06
753,2023-03-22,10.64,10.65,10.62,10.63,148,127932.78,0.28,0.0,0.0,0.04
754,2023-03-23,10.65,10.65,10.61,10.65,132,113468.65,0.38,0.19,0.02,0.04
755,2023-03-24,10.62,10.68,10.62,10.64,127,110182.8,0.56,-0.09,-0.01,0.04
756,2023-03-27,10.6,10.73,10.6,10.6,147,126962.0,1.22,-0.38,-0.04,0.04
757,2023-03-28,10.58,10.6,10.57,10.57,153,131383.89,0.28,-0.28,-0.03,0.04
758,2023-03-29,10.55,10.57,10.55,10.55,249,213368.4,0.19,-0.19,-0.02,0.07
759,2023-03-30,10.52,10.56,10.5,10.51,265,225460.76,0.57,-0.38,-0.04,0.07
760,2023-03-31,10.5,10.57,10.5,10.52,37,31576.0,0.67,0.1,0.01,0.01
761,2023-04-03,10.51,10.54,10.51,10.54,25,21015.02,0.29,0.19,0.02,0.01
762,2023-04-04,10.48,10.52,10.47,10.49,320,271704.54,0.47,-0.47,-0.05,0.09
763,2023-04-06,10.48,10.58,10.48,10.52,148,125715.75,0.95,0.29,0.03,0.04
764,2023-04-07,10.49,10.54,10.49,10.52,54,45982.0,0.48,0.0,0.0,0.02
765,2023-04-10,10.58,10.58,10.5,10.51,81,69103.83,0.76,-0.1,-0.01,0.02
766,2023-04-11,10.5,10.55,10.4,10.43,650,547791.8,1.43,-0.76,-0.08,0.18
767,2023-04-12,10.43,10.43,10.38,10.41,990,831300.54,0.48,-0.19,-0.02,0.28
768,2023-04-13,10.44,10.46,10.41,10.41,251,211509.59,0.48,0.0,0.0,0.07
769,2023-04-14,10.41,10.45,10.41,10.44,124,104309.46,0.38,0.29,0.03,0.03
770,2023-04-17,10.39,10.44,10.3,10.38,1850,1545685.44,1.34,-0.57,-0.06,0.52
771,2023-04-18,10.4,10.4,10.29,10.34,815,678220.56,1.06,-0.39,-0.04,0.23
772,2023-04-19,10.33,10.34,10.33,10.33,266,221673.2,0.1,-0.1,-0.01,0.07
773,2023-04-20,10.33,10.34,10.29,10.34,460,382782.3,0.48,0.1,0.01,0.13
774,2023-04-21,10.24,10.29,10.24,10.26,388,320398.11,0.48,-0.77,-0.08,0.11
775,2023-04-24,10.24,10.31,10.23,10.23,304,250846.62,0.78,-0.29,-0.03,0.09
776,2023-04-25,10.23,10.24,10.14,10.16,523,428660.9,0.98,-0.68,-0.07,0.15
777,2023-04-26,10.25,10.32,10.21,10.28,70,58005.28,1.08,1.18,0.12,0.02
778,2023-04-27,10.32,10.42,10.32,10.37,295,247140.09,0.97,0.88,0.09,0.08
779,2023-04-28,10.45,10.46,10.33,10.4,483,405774.52,1.25,0.29,0.03,0.14
780,2023-05-04,10.36,10.47,10.36,10.47,923,778842.35,1.06,0.67,0.07,0.26
781,2023-05-05,10.44,10.66,10.44,10.6,1204,1032244.27,2.1,1.24,0.13,0.34
782,2023-05-08,10.66,10.88,10.58,10.85,10052,8394914.3,2.83,2.36,0.25,2.82
783,2023-05-09,10.85,10.99,10.45,10.45,4493,3914434.95,4.98,-3.69,-0.4,1.26
784,2023-05-10,10.46,10.72,10.44,10.46,10559,8376759.82,2.68,0.1,0.01,2.96
785,2023-05-11,10.56,10.58,10.3,10.47,4035,3325932.01,2.68,0.1,0.01,1.13
786,2023-05-12,10.39,10.54,10.38,10.47,5721,4385015.21,1.53,0.0,0.0,1.61
787,2023-05-15,10.47,10.52,10.4,10.45,6204,4915474.54,1.15,-0.19,-0.02,1.74
788,2023-05-16,10.52,10.52,10.35,10.46,431,362828.76,1.63,0.1,0.01,0.12
789,2023-05-17,10.46,10.47,10.45,10.47,95,80652.11,0.19,0.1,0.01,0.03
790,2023-05-18,10.42,10.51,10.42,10.5,309,262190.44,0.86,0.29,0.03,0.09
791,2023-05-19,10.5,10.52,10.42,10.5,535,453499.49,0.95,0.0,0.0,0.15
792,2023-05-22,10.54,10.54,10.4,10.51,288,243995.44,1.33,0.1,0.01,0.08
793,2023-05-23,10.51,10.55,10.47,10.5,1534,1284443.5,0.76,-0.1,-0.01,0.43
794,2023-05-24,10.45,10.52,10.45,10.51,256,217498.79,0.67,0.1,0.01,0.07
795,2023-05-25,10.53,10.53,10.41,10.43,545,460460.14,1.14,-0.76,-0.08,0.15
796,2023-05-26,10.43,10.52,10.4,10.46,588,496885.1,1.15,0.29,0.03,0.17
797,2023-05-29,10.51,10.51,10.4,10.41,396,333208.08,1.05,-0.48,-0.05,0.11
798,2023-05-30,10.4,10.46,10.34,10.39,418,349977.66,1.15,-0.19,-0.02,0.12
799,2023-05-31,10.38,10.43,10.37,10.39,101,84346.77,0.58,0.0,0.0,0.03
800,2023-06-01,10.4,10.52,10.39,10.46,1043,884677.02,1.25,0.67,0.07,0.29
801,2023-06-02,10.47,10.52,10.4,10.48,1071,903134.99,1.15,0.19,0.02,0.3
802,2023-06-05,10.51,10.51,10.35,10.45,734,616787.95,1.53,-0.29,-0.03,0.21
803,2023-06-06,10.36,10.48,10.36,10.45,123,103698.16,1.15,0.0,0.0,0.03
804,2023-06-07,10.45,10.46,10.35,10.44,376,315354.1,1.05,-0.1,-0.01,0.11
805,2023-06-08,10.38,10.4,10.32,10.32,386,322609.61,0.77,-1.15,-0.12,0.11
806,2023-06-09,10.3,10.4,10.3,10.31,889,711937.33,0.97,-0.1,-0.01,0.25
807,2023-06-12,10.31,10.35,10.24,10.32,292,233033.72,1.07,0.1,0.01,0.08
808,2023-06-13,10.29,10.3,10.24,10.25,163,130164.0,0.58,-0.68,-0.07,0.05
809,2023-06-14,10.26,10.26,10.17,10.17,802,634063.58,0.88,-0.78,-0.08,0.23
810,2023-06-15,10.17,10.28,10.15,10.18,563,443264.17,1.28,0.1,0.01,0.16
811,2023-06-16,10.19,10.23,10.16,10.2,379,298602.31,0.69,0.2,0.02,0.11
812,2023-06-19,10.17,10.21,10.13,10.13,279,219222.79,0.78,-0.69,-0.07,0.08
813,2023-06-20,10.11,10.16,10.05,10.07,496,386095.78,1.09,-0.59,-0.06,0.14
814,2023-06-21,10.1,10.29,10.07,10.28,1180,932781.45,2.18,2.09,0.21,0.33
815,2023-06-26,10.09,10.32,10.09,10.13,380,298478.76,2.24,-1.46,-0.15,0.11
816,2023-06-27,10.12,10.15,10.12,10.13,458,358900.26,0.3,0.0,0.0,0.13
817,2023-06-28,10.12,10.15,10.1,10.1,263,205560.26,0.49,-0.3,-0.03,0.07
818,2023-06-29,10.1,10.28,10.09,10.28,863,684884.58,1.88,1.78,0.18,0.24
819,2023-06-30,10.29,10.31,10.25,10.31,431,344776.57,0.58,0.29,0.03,0.12
820,2023-07-03,10.28,10.37,10.28,10.34,372,299214.37,0.87,0.29,0.03,0.1
821,2023-07-04,10.27,10.42,10.27,10.38,636,514660.3,1.45,0.39,0.04,0.18
822,2023-07-05,10.43,10.68,10.43,10.55,2177,1799150.34,2.41,1.64,0.17,0.61
823,2023-07-06,10.63,10.64,10.47,10.53,636,525437.52,1.61,-0.19,-0.02,0.18
824,2023-07-07,10.45,10.51,10.45,10.48,167,136347.06,0.57,-0.47,-0.05,0.05
825,2023-07-10,10.52,10.54,10.5,10.51,381,313208.86,0.38,0.29,0.03,0.11
826,2023-07-11,10.53,10.53,10.43,10.46,368,300911.7,0.95,-0.48,-0.05,0.1
827,2023-07-12,10.48,10.48,10.32,10.38,685,555284.98,1.53,-0.76,-0.08,0.19
828,2023-07-13,10.36,10.42,10.36,10.39,286,231310.58,0.58,0.1,0.01,0.08
829,2023-07-14,10.36,10.42,10.36,10.42,234,189898.08,0.58,0.29,0.03,0.07
830,2023-07-17,10.38,10.39,10.37,10.38,2847,2310669.88,0.19,-0.38,-0.04,0.8
831,2023-07-18,10.32,10.44,10.31,10.38,551,445386.0,1.25,0.0,0.0,0.15
832,2023-07-19,10.36,10.37,10.33,10.37,399,320845.59,0.39,-0.1,-0.01,0.11
833,2023-07-20,10.34,10.36,10.34,10.34,325,261818.68,0.19,-0.29,-0.03,0.09
834,2023-07-21,10.33,10.36,10.32,10.35,133,106958.72,0.39,0.1,0.01,0.04
835,2023-07-24,10.35,10.36,10.35,10.36,32,25476.22,0.1,0.1,0.01,0.01
836,2023-07-25,10.36,10.41,10.36,10.4,713,575364.86,0.48,0.39,0.04,0.2
837,2023-07-26,10.33,10.39,10.31,10.35,362,290969.55,0.77,-0.48,-0.05,0.1
838,2023-07-27,10.31,10.32,10.27,10.29,718,574668.84,0.48,-0.58,-0.06,0.2
839,2023-07-28,10.29,10.33,10.25,10.31,945,754194.12,0.78,0.19,0.02,0.27
840,2023-07-31,10.33,10.35,10.28,10.33,728,582834.26,0.68,0.19,0.02,0.2
841,2023-08-01,10.36,10.43,10.36,10.39,1461,1181728.33,0.68,0.58,0.06,0.41
842,2023-08-02,10.32,10.43,10.32,10.42,1054,853324.4,1.06,0.29,0.03,0.3
843,2023-08-03,10.42,10.43,10.35,10.41,478,386548.7,0.77,-0.1,-0.01,0.13
844,2023-08-04,10.43,10.43,10.38,10.43,314,254396.0,0.48,0.19,0.02,0.09
845,2023-08-07,10.4,10.41,10.38,10.41,350,283457.33,0.29,-0.19,-0.02,0.1
846,2023-08-08,10.38,10.43,10.37,10.41,608,492724.77,0.58,0.0,0.0,0.17
847,2023-08-09,10.39,10.4,10.39,10.4,101,81810.64,0.1,-0.1,-0.01,0.03
848,2023-08-10,10.43,10.43,10.36,10.38,126,101771.1,0.67,-0.19,-0.02,0.04
849,2023-08-11,10.38,10.42,10.37,10.38,832,673433.45,0.48,0.0,0.0,0.23
850,2023-08-14,10.31,10.43,10.31,10.41,304,245493.0,1.16,0.29,0.03,0.09
851,2023-08-15,10.37,10.4,10.37,10.38,17,13736.0,0.29,-0.29,-0.03,0.0
852,2023-08-16,10.34,10.37,10.34,10.37,113,91163.0,0.29,-0.1,-0.01,0.03
853,2023-08-17,10.37,10.42,10.36,10.41,308,249117.25,0.58,0.39,0.04,0.09
854,2023-08-18,10.39,10.43,10.38,10.39,199,160845.18,0.48,-0.19,-0.02,0.06
855,2023-08-21,10.34,10.35,10.16,10.16,1196,953606.09,1.83,-2.21,-0.23,0.34
856,2023-08-22,10.21,10.23,10.16,10.2,348,274284.3,0.69,0.39,0.04,0.1
857,2023-08-23,10.14,10.21,10.13,10.15,150,118014.0,0.78,-0.49,-0.05,0.04
